-0.0632631
-7.52872
-6.12129
1.82464
1.85956
4.53241
7.23511
-0.742074
-0.0293745
0.18067
8.43228
0.541038
-4.17583
1.94485
-2.71913
4.389
5.22627
4.92945
-0.352647
9.31583
-0.315183
10.896
1.75789
6.05866
5.69759
0.496689
1.64097
-3.13352
-0.323282
-3.031
4.17893
-4.34909
1.74267
-0.990421
8.25441
-4.07565
4.29074
-1.21218
5.56492
2.89705
-2.5896
4.14213
-0.989359
-5.44344
0.628551
-2.22222
-2.18911
-5.21658
-1.44102
2.5924
-2.83098
-4.19246
-3.72323
-0.773239
1.67803
-2.51103
-4.73152
4.05314
-6.57971
-1.22452
5.91878
-3.51762
-4.57884
-7.52279
1.32047
11.2756
-0.741745
0.765243
-5.19491
-1.05719
-2.26419
-5.22316
-1.31767
-1.50474
-6.64235
3.62461
-6.51552
-2.07912
2.88006
-4.0121
-5.95973
-2.56683
-2.44301
-0.845344
-2.20915
-1.111
-5.63123
0.0421331
1.92898
1.00694
-3.06696
-5.48623
2.13995
2.44183
-4.60499
4.14787
2.53079
5.86441
-6.78891
5.65674
-10.4462
7.6748
-5.45884
-0.311426
-0.850491
1.28745
-8.08177
2.99402
-0.298521
5.09701
0.232844
-8.17551
-3.59092
0.738741
-4.19385
-1.57417
-2.7132
-1.41225
4.24381
9.52176
-5.29895
2.41822
-3.62668
1.37986
3.91477
3.59413
2.11797
0.98471
-0.728095
1.18017
2.82751
-5.37282
3.73789
-6.5332
-1.17575
-3.51458
6.83129
5.49635
-2.56035
0.0447849
3.27499
-7.33694
1.4637
-2.21292
-6.36597
3.49821
4.41693
0.32675
1.19187
-1.6339
3.40268
-1.73938
6.9024
0.728941
-0.0409527
2.02067
5.57417
-3.99527
0.132836
4.5767
-2.18958
9.73673
1.13765
-0.840861
-1.01446
-3.51291
8.79045
-4.09638
-3.53435
10.2175
-5.29445
1.24224
-12.6067
5.30922
-0.318823
-1.87376
5.35814
-0.234452
5.07878
0.183987
-2.76517
2.46122
-0.217984
3.24754
-4.22225
0.732392
-0.851897
-3.87495
-0.213323
-3.32745
-1.745
13.0593
-3.61223
-0.659915
9.5647
-5.22167
4.55125
3.8994
-5.12261
-1.79191
7.05836
-4.55901
-4.05759
2.13694
0.332692
9.0879
-6.00551
-2.47072
7.36484
0.336056
0.284305
-4.44806
4.39299
-5.3233
3.19477
-3.8181
-4.89114
-2.59242
-8.90144
-2.88548
3.21356
-3.04738
5.62506
1.85948
0.63419
-5.96527
11.2018
-1.6058
-3.39499
9.32301
-4.88966
-0.728298
-1.36051
-4.5504
8.67679
2.85262
-4.34563
-6.0116
3.9703
8.44579
-2.05894
-3.50674
1.63839
-2.04777
2.462
4.90225
-3.24347
-4.08547
1.37764
1.687
-3.19713
3.35372
6.69427
-2.54405
5.53592
-3.81157
