-6.26236
-5.52067
-4.83442
4.88379
0.778361
3.37285
6.89556
-1.84599
1.5328
0.34262
9.00704
3.78889
-5.5055
3.18951
-3.83408
6.8104
-3.63286
9.75433
-2.96647
8.35661
-0.544222
12.1529
-0.273711
8.90969
5.99317
-1.91288
3.03166
-3.26724
5.49846
-2.2921
5.78409
-2.16872
3.80978
-3.06017
12.9833
-7.07534
-3.49831
-3.5018
0.346299
4.85588
-1.06524
2.66598
-2.57494
-7.16425
4.52351
-4.45942
1.80059
-7.39168
-0.55037
1.77745
0.335355
-10.332
-0.77304
2.25345
0.961697
1.48012
-6.54076
9.16994
-3.18414
-6.26581
3.52457
-0.822862
-6.58409
-5.86654
2.24616
12.2815
5.90833
-1.03045
-7.12793
1.2155
-4.95923
1.30369
0.378373
0.417212
-9.17014
2.03758
-8.81624
-2.92096
0.260134
-4.74505
-2.62607
-2.34057
-5.89641
-1.92833
-0.764719
-3.78136
-6.22463
-0.773743
3.61097
-3.89925
-1.04216
-1.89608
-0.81134
1.85475
-4.81884
9.98171
5.33536
6.7838
-4.73433
2.63511
-4.27335
8.97302
-10.7178
0.466486
-1.74784
-4.46156
-7.01188
0.480147
-2.58794
3.01625
0.603329
-8.63232
-3.39468
3.13096
-2.7907
2.10319
-1.92136
2.24019
12.1933
6.23803
-3.27799
0.260454
-2.22495
-2.65507
2.83988
1.32989
1.27282
0.811256
1.61466
2.17036
4.05225
-4.82418
4.40956
-4.62714
-0.739792
-2.30112
11.4761
5.08056
-4.19994
2.40728
0.935218
-9.74534
4.07623
1.40226
-9.55632
10.4299
5.92728
0.449354
-0.209412
-3.60038
6.25939
-2.30724
5.73627
-1.58126
0.715301
0.109565
3.5823
-5.26423
-1.37073
0.829235
-4.71796
9.61095
3.35432
-1.93415
3.86766
-6.72332
3.83669
-6.66864
-3.92991
9.41032
-7.14328
4.91012
-11.0474
-1.61048
-0.0840954
-2.94534
4.85196
-5.68115
3.66763
0.993932
1.24707
8.00487
-6.32081
9.55562
-1.23428
2.62399
3.77475
-1.31348
0.231673
-9.70693
-0.800128
7.4592
1.00597
-4.08902
4.3537
-5.45012
2.92404
2.10527
-9.57816
-4.47706
11.0155
-3.40793
-8.0405
-0.079284
2.20222
11.0373
-5.04445
-3.75058
8.70208
1.46763
7.62289
4.12416
4.89383
-3.36142
8.63581
-3.13551
1.95396
-7.88889
-3.32478
-3.81639
5.06975
-2.19266
12.1781
6.06945
-1.04973
-3.17802
14.5762
-2.76127
-5.51749
12.5819
-3.31913
-0.511872
-4.10509
2.0125
4.38635
6.72221
-3.83503
-8.04584
6.5352
5.23838
-2.32681
-2.98518
2.17806
-0.993683
0.122883
-1.88935
-6.67844
-0.686483
-0.377298
-2.8658
-6.09691
1.42951
13.8102
-2.75764
4.84762
-5.8266
