-7.44585
-5.84768
-5.7125
0.521897
-0.915561
1.23263
14.7841
-0.977694
6.12895
-4.25963
10.4021
0.805281
-9.9825
2.73519
-2.23506
6.51151
-5.45806
10.2418
-7.83776
12.1142
-6.93072
12.4515
-1.80659
7.41369
7.84434
2.99938
5.53002
-8.07797
2.44137
-2.80437
5.81712
-6.30566
1.048
0.442615
13.0916
-7.42465
-4.06872
-5.95204
3.1345
3.30463
1.29458
-2.08271
1.82169
-11.9119
3.82391
-10.0416
-2.40757
-4.96422
-1.36724
4.24204
1.09623
-7.63
0.98695
1.37126
-2.22553
-4.66366
1.27768
2.46274
-5.9207
-0.166108
6.34655
1.10573
-4.61531
-7.12066
-1.68296
12.8663
3.33544
7.86802
-5.40312
3.85762
-4.60133
3.92691
5.02782
3.50025
-5.24302
-2.14212
-10.6811
-12.5341
7.49494
-2.57534
-2.58727
-4.69538
-5.00891
-2.35652
-5.01133
-6.53068
-2.02503
-0.973251
3.37584
1.11136
-2.44986
-6.70366
-3.83329
-3.2645
-2.46882
6.50725
7.62586
7.18009
-9.34736
5.27865
-10.7537
9.03274
-9.23906
5.21579
-6.75087
-6.9382
-13.5205
1.55817
1.48893
15.6679
2.21836
0.151582
-6.13556
2.81171
-1.86315
-6.69212
-5.00026
4.54133
9.95184
8.46559
-3.96686
3.49603
-4.16172
-0.11552
3.32829
6.68747
-4.60267
-1.85965
-4.2061
-0.249558
10.8146
-5.05416
2.29079
-3.90374
-3.31441
-4.54303
9.00251
9.88636
-7.95463
3.18707
2.31307
-8.7158
-0.0440416
-1.96679
-14.7364
8.3618
1.94341
-0.0915446
-4.20232
1.67015
2.51498
-1.63463
9.73041
-0.824577
4.59573
-3.57961
1.91328
-9.85816
1.15265
-1.86216
-5.86025
20.163
-2.86083
-5.56273
7.53343
-5.2283
3.89481
-7.98117
-4.62343
7.57884
-7.69215
6.62838
-14.3678
0.678849
0.573972
-6.49563
4.96634
-0.619163
6.06832
0.212717
3.38687
10.0287
-8.00546
7.32161
-1.60166
-1.11005
6.01735
-1.76438
0.872976
-3.95578
-1.16707
9.62971
2.08243
-4.89544
8.85531
-3.47088
9.39392
3.26063
-7.52014
-8.91445
9.63205
1.45765
-9.14194
6.98309
-3.80099
6.06521
-2.55251
-4.94062
9.44511
-3.2473
9.6842
1.91591
1.74044
3.84227
8.24897
-4.52125
8.9682
-10.0919
-2.62585
1.52932
5.13299
-7.61297
15.4501
-5.85231
0.278097
-3.67479
9.75935
0.498437
-2.64067
10.8965
-5.81422
0.488751
-5.1345
7.47422
4.6122
-0.0311545
-3.06761
-5.5091
2.67075
3.90869
-4.18851
0.655178
0.563462
6.85087
-4.28355
-5.00556
-8.22131
5.42932
-3.09998
-1.49675
-5.52451
-0.771368
4.48475
-4.8793
0.11922
-7.94191
