-3.09071
-8.43226
-3.74716
6.27823
-0.107033
8.60782
6.90948
-5.26714
2.05624
-2.19954
5.44555
-0.164704
-11.2696
0.389506
2.49418
0.449472
-3.6996
8.26195
-4.80565
13.7582
-4.4854
11.1482
-3.15443
5.08669
10.9555
-2.2928
2.67364
-4.10204
-0.284989
-0.924607
8.5403
-4.85107
4.13107
0.860626
12.9276
-12.2379
-5.3517
0.0303078
2.39075
-0.180518
8.29671
3.34445
-5.22392
-11.4914
7.61718
-5.11933
-0.659065
-1.86389
-3.08645
-0.118322
-1.11095
-3.0639
-4.69722
-3.28501
-0.373948
0.623376
0.0954269
9.37526
-2.84112
-0.699722
3.3542
1.64584
1.81908
-8.57318
4.5156
11.3432
8.19989
-2.28293
-5.40531
1.62202
-1.04748
8.0776
6.16985
2.29934
-5.34511
-3.02626
-2.74223
-1.95816
1.96531
-10.3473
-2.86039
-1.01041
-5.58561
-2.8907
3.55511
-2.69827
-6.48369
0.0185719
0.273745
1.34233
-1.35595
-4.03222
-1.67797
-3.59468
-1.08392
10.6577
8.55912
3.72333
-10.3978
5.72794
-1.64037
8.8018
-8.85668
-3.33785
-6.34316
-5.49403
-7.75507
2.35703
-3.56501
11.7646
1.91183
-1.29032
-6.9883
1.46711
-5.38347
-2.08666
-3.61009
5.3934
17.9518
8.96426
-9.42398
5.88242
-6.41442
-3.63944
-6.28817
4.04069
0.553564
0.442401
-3.07637
-0.121492
8.13775
-9.87512
5.12848
0.145937
-3.10467
-6.06775
12.757
11.5322
2.20728
4.91108
-1.34123
-7.68947
0.0746806
1.21607
-14.4412
6.59079
8.59496
-1.17676
-1.00145
-4.24542
4.6995
-2.78005
6.54237
1.86013
8.25612
-3.24756
6.05574
-6.83129
-3.24447
1.01013
-4.91278
13.131
5.70334
-6.60305
2.6595
-6.99763
4.30069
-5.31665
-6.2778
10.5049
-6.21001
7.4375
-8.27884
1.44967
3.87582
-9.15214
7.94766
-1.57286
7.45387
2.69224
6.72861
10.4149
-4.69601
9.24749
-0.627273
1.07376
5.73659
0.0543531
-3.03063
-5.08333
1.68555
11.0924
1.05244
-7.87839
5.94287
-2.48415
4.11004
9.88684
-6.87625
-0.253907
10.3903
0.671252
-8.70091
4.49624
-4.8995
18.3153
-6.89131
-6.78234
1.78144
-3.48424
12.9092
8.80645
0.241062
-1.00072
7.63555
-7.99552
0.6008
-7.37092
0.130656
4.13403
2.13858
-5.7206
14.7629
1.96056
0.643172
-2.30485
12.8568
-1.85311
-5.85108
14.918
-6.57452
-1.63875
-4.95245
1.78548
5.91339
6.68653
-2.37938
-3.68639
5.3837
0.893412
-2.30869
5.55103
7.39379
1.15248
0.540865
-0.340036
-1.46894
-7.22576
0.11244
-0.964766
0.921094
3.58333
9.57753
-2.53012
7.82122
-8.60838
