-5.56403
-11.2921
-8.51458
5.02309
0.593986
1.96931
8.21295
-3.2722
-3.19998
1.13758
10.7254
4.32438
-5.61056
3.59395
-2.49697
8.85953
-5.14361
2.74395
-3.31149
7.62476
0.00826848
14.4614
-3.48819
-0.655499
6.07494
-1.44298
3.52583
-7.6097
3.68598
-3.29573
6.5418
2.58126
8.13815
-1.66008
13.2863
-10.3616
-4.25611
-1.34877
-0.586217
8.25069
0.52641
-1.41538
-0.912874
-4.59259
-1.01621
-5.73773
-3.70588
-7.91137
-1.77081
-3.86624
-2.80327
-9.27566
2.9863
-3.3379
-2.61375
3.50922
-5.05283
7.7164
-2.53643
-4.07301
9.50333
-3.25733
-2.8026
-5.31174
1.2855
8.58111
8.63844
1.91461
-10.8807
-2.40697
-3.61587
-4.37357
-0.466312
-2.66285
-4.3085
0.901414
-10.651
2.09832
1.26716
-7.4499
-5.36212
-1.32806
-4.37569
-5.37813
0.0854244
-4.90218
-3.83617
-0.133933
3.39013
-5.79401
-5.01581
1.25017
2.158
1.32669
-1.34666
11.7626
5.70928
9.23799
-6.93108
6.00367
-11.3683
6.24992
-4.03892
3.47082
-0.901243
-5.09096
-5.85262
-0.108472
-1.4451
0.134071
3.92753
-9.35677
-2.2032
4.21998
-5.04441
-8.21589
0.918223
5.76473
6.49181
8.8429
-6.83003
1.71029
-6.16053
-1.60961
-4.72609
-2.80329
3.7607
7.71268
-0.831684
3.21344
0.479404
-9.61759
-2.77089
-2.68961
0.00964785
-0.0455505
9.75441
11.9245
-2.12405
-2.23792
2.38164
-7.49969
5.12866
-5.16784
-9.60259
11.2365
7.57397
-5.72511
2.95944
4.3728
0.729466
-7.54333
5.9393
-8.38602
1.5931
-4.76314
4.0546
-3.44271
-1.36514
-3.75321
-3.86516
10.4204
0.960266
-6.69636
6.73343
-7.38024
5.99973
-7.37618
-5.22293
12.266
-5.40283
-2.33663
-8.33277
7.00581
-1.40272
-4.85412
-4.23565
-1.50383
3.63216
3.16869
3.71627
3.00465
-2.99319
0.0549017
-1.56043
0.712894
6.84895
0.322118
0.786634
-7.97335
-5.87356
1.97694
-1.21527
-0.480142
7.46008
2.73074
5.58515
0.205065
-10.8869
-4.8619
10.1544
-6.33914
-2.82764
4.07462
1.70927
9.48615
-5.59361
-4.67504
6.25877
2.57812
3.01409
0.848957
1.1177
-9.24429
6.08567
-5.03067
3.09345
-2.35555
-7.47622
-6.15515
-0.688522
-4.16635
16.8056
2.38048
-5.31466
-4.73123
19.3615
-5.93443
-7.23455
10.1596
-1.49173
0.25754
-1.78821
-2.81248
5.43098
9.15535
-3.4884
-1.5425
6.1158
0.0457605
-1.32802
-5.64719
-4.93426
1.41856
0.992279
-0.512784
-3.12702
-4.11171
2.81753
-4.31788
-9.50116
-3.33806
10.2246
5.15227
1.80563
-8.50585
