-7.13749
-7.52595
-6.53007
7.513
-2.03653
0.766488
11.1944
-1.65798
8.02139
-0.395303
13.9129
4.6461
-5.4002
3.60721
-2.11818
5.97998
-0.0755372
1.55787
-4.92722
13.9707
2.59695
6.19681
0.443021
7.61325
3.91933
3.07914
3.75075
-6.5898
-1.64514
-3.23485
4.10021
-5.03268
-4.99372
5.65878
8.67694
-5.68784
0.444346
-4.81642
3.70618
4.66144
8.91759
6.26035
8.55555
-11.717
-1.19044
-7.90726
-4.41522
-3.97323
-1.92401
0.271167
-3.99359
-5.86699
4.35573
-2.38834
-7.12163
-2.68118
0.643285
-1.75882
-5.07256
2.50782
3.99884
3.21563
-0.0108769
-11.1052
3.77197
17.7169
2.02724
4.036
-3.28058
3.89638
-5.42265
2.29865
0.415389
-1.81611
-4.26093
-1.02354
-12.5638
-8.46666
2.87316
0.194346
0.171665
-5.15358
-1.88613
-3.56027
2.7727
-6.63485
-1.05529
1.93166
5.47873
7.10311
-4.26798
-8.60351
4.02739
-3.27925
3.32988
6.89809
6.25199
9.87293
-13.2261
11.2171
-10.9246
9.38241
-8.59238
4.07258
1.97162
-5.97955
-9.4341
0.234419
-2.25741
19.5326
6.08089
3.13926
-6.01094
0.279345
1.94311
-2.46403
1.56724
2.71004
9.18264
11.4101
-5.57
0.250276
-4.50939
1.50277
2.35456
2.64973
-3.41795
-0.22644
-0.21912
0.696063
12.2149
-5.79061
-4.05215
-6.52816
-2.45615
-0.522675
10.0379
3.18812
-5.48204
3.10693
0.635328
-10.3823
0.464264
1.65766
-15.0671
13.3248
11.8038
-1.92362
-3.76238
3.44365
-2.47799
-3.06879
13.3714
0.198921
0.942824
-3.08587
3.23807
-0.40868
-3.10063
4.93459
-4.89993
17.1936
-5.21829
-7.2885
5.13928
-3.04691
3.03522
3.06223
-6.20247
7.56928
-9.95492
1.56786
-12.7627
6.3614
-2.97708
-5.84882
1.94724
-1.61871
5.02241
-0.00424421
-4.18441
5.62353
-2.74366
3.5519
2.6947
-3.766
9.3981
-0.510713
5.89392
-10.567
-3.75921
3.08505
1.35396
-2.65249
8.52066
-0.161546
7.27453
1.83771
-3.2594
-3.43773
9.7384
-6.64684
-5.56588
6.25508
-3.10651
10.1685
-7.03324
0.990224
5.02036
-7.03528
1.70716
1.94256
2.82315
6.42591
5.01026
-7.88987
7.79436
-11.6848
-2.63486
-1.73874
4.85697
-4.51331
13.7866
-7.7738
-4.01695
-5.52964
16.5177
12.6989
-5.39479
12.9706
-7.96126
3.01323
-4.65033
0.0639102
6.83636
7.55917
-5.15417
-4.11018
5.45496
1.63955
-6.22891
-1.11031
1.08491
2.83363
1.0701
-1.28417
-8.34439
5.36735
-1.29858
-5.03417
-1.38631
-3.19574
5.24774
-6.0601
3.1421
-8.35935
