-8.80754
-6.74624
1.40104
3.23741
-5.84632
4.27765
5.65869
4.40293
-1.74985
-2.53485
7.69191
8.07972
-1.19546
7.29506
-2.82176
11.1154
0.344677
11.5525
-6.32271
10.2963
-0.29432
5.80561
1.51199
7.39636
6.022
-1.08288
6.74083
-12.3179
4.61528
-0.656806
1.14996
-6.86508
0.242515
3.81704
8.97912
-7.79775
2.49333
-6.04062
7.41597
3.68693
2.9712
7.72794
11.9636
-6.67653
1.74153
-8.05644
-2.64767
-5.01576
1.65599
2.74074
2.49948
-7.76403
0.187764
2.92759
3.45203
-0.876377
-3.2161
10.0422
-4.92039
6.02378
8.15385
0.892071
2.54965
-8.66613
1.89022
15.304
7.71762
-3.19061
-8.48054
10.4804
2.3315
-1.27345
-4.83918
-0.118999
-8.26948
4.94958
-11.9217
-10.5568
6.10357
-6.44504
-4.91741
-5.13377
2.8745
2.7523
-7.20051
-2.62352
-2.45625
-1.31099
5.33964
3.73592
-5.98651
-9.91313
0.0259981
-4.23543
0.386128
11.6505
2.21572
10.0555
-11.8673
5.22922
-1.88645
2.75191
-8.24055
5.40218
8.68626
-3.98524
-5.64874
0.231519
0.451868
11.5402
8.39303
-7.33283
-3.98117
2.57654
-0.0783838
-0.543345
-0.0937351
-4.41202
15.672
11.7881
-2.41683
-0.780559
-2.21081
-0.405353
8.91283
3.1654
-2.85355
-5.27287
0.237555
3.65473
7.41092
-3.95039
3.79352
-3.67096
-2.22231
1.64783
5.62677
7.0219
-4.76721
10.3812
-0.157911
-2.32388
-0.981785
4.60567
-7.81381
13.5813
4.68589
-3.66224
1.89587
-4.19798
4.28571
0.573555
11.5437
-5.76955
-2.32667
-0.295789
4.28629
-3.20569
2.24855
-1.23609
-0.997772
8.12641
-6.67037
8.96207
-2.14093
-9.7029
5.46677
-0.21327
-1.3682
5.79769
-13.1492
8.06591
-5.83899
-7.33268
-2.88609
0.599155
8.80005
-0.919895
4.7266
3.34409
-4.06336
7.80653
-5.49618
11.4102
3.09655
7.24672
9.85548
-0.0559138
3.58903
-7.97756
-5.54571
-0.237098
0.900587
-11.4463
10.7137
-4.99092
9.38554
-1.37149
-8.65939
-1.94138
5.68193
-4.09969
-8.3051
10.1741
9.20372
11.1193
-5.7587
-1.45671
6.5219
-0.529046
8.40549
5.72655
2.73461
-2.46722
8.8627
-6.21803
5.47686
-3.73837
3.19772
3.20273
12.3057
-0.595039
15.3898
-6.99868
4.59917
-2.59602
14.8806
-1.52972
-8.08425
10.9112
1.25558
-0.97845
-1.56457
1.82359
3.36087
3.35736
-0.00356483
-10.3171
-1.07902
4.94509
-3.72099
0.60514
5.84482
1.79727
0.676402
-1.92338
-4.74591
1.99965
-3.44789
-0.0985833
2.29422
-0.416937
6.82862
-4.98855
4.74388
-7.68821
