-2.49889
-4.07709
-5.23328
3.01185
-2.77986
4.38178
6.38564
1.79722
-1.54731
0.845248
10.5814
0.887797
-1.177
5.68051
-3.78847
6.63592
-2.3145
4.59102
2.18674
9.30489
-0.421103
8.98408
3.07362
5.45578
7.97211
-5.29142
-0.322683
-5.81199
2.02389
4.36114
0.0198519
-2.39058
-1.71795
-2.49075
6.03758
-4.58761
-0.911693
-0.486638
-1.10968
2.34102
-2.55555
4.56503
1.27116
-1.5426
-1.64006
-4.06507
0.650208
-3.27917
0.766298
-3.11446
-1.81728
-7.9399
1.50167
-2.07634
-3.40934
3.1541
-5.0543
7.12016
-1.19366
-6.16642
0.261564
-0.578601
0.692947
-4.70396
0.33608
8.53567
7.36159
3.90515
-3.49438
3.5085
1.23068
-1.59489
-3.78659
-2.87995
-9.17087
5.28398
-8.38776
-2.38513
2.35731
-2.97659
-6.22617
-4.59082
-2.73376
-5.17203
-3.47598
-4.55435
-2.6096
1.76093
2.23532
-3.09747
-2.17608
-3.58004
3.07864
-6.85967
-3.54114
10.4174
1.17945
7.17289
-7.79099
3.25777
-3.85668
4.48217
-5.23924
0.130416
0.905727
-5.76234
-7.27689
2.76421
-0.295535
2.63616
2.34449
-8.12282
0.280707
3.84059
-2.33767
-1.42513
-4.0911
1.33644
7.37712
7.44893
-6.09336
-1.79749
-2.59058
5.3311
1.04734
3.3508
1.71932
-1.08061
1.53275
2.05645
3.12574
-0.806549
5.89964
-3.76416
1.5062
-1.5294
8.7248
0.28011
-5.42248
0.0754983
2.46318
-8.70836
2.53392
-0.727932
-4.56294
6.50096
7.05693
-3.03983
1.02637
1.78687
4.98804
-2.47321
10.9476
-3.64332
0.70157
1.57728
1.73047
-2.12654
1.16083
-1.02055
1.45114
12.9558
-0.130206
-2.45394
1.86565
-5.55118
4.68333
-5.75386
-2.11854
7.54527
-10.1545
6.96404
-9.90711
-2.5937
-0.52549
1.31345
0.282522
-0.00475717
1.48141
-0.310198
-2.13027
3.01766
-4.46077
6.22877
0.984466
0.260166
2.91983
-2.41139
0.650618
-8.49663
1.88439
-1.10565
0.736401
-3.55828
7.25357
1.5533
2.53357
0.249863
-4.32538
-5.84198
6.23175
-6.30119
-8.04969
7.0274
5.12841
1.21245
-2.96483
-4.71439
3.96887
4.30959
-0.807737
3.02519
3.69205
-6.84461
4.63187
-2.39285
-1.29439
-7.68653
-3.38747
-2.04485
5.08233
-0.712995
9.81566
2.55941
0.962701
-2.65976
12.9136
0.373356
-9.07352
6.46315
-0.183716
-0.193527
-3.44364
1.01931
1.76279
1.62338
-0.665418
-8.832
2.77196
7.8239
2.10689
-3.271
4.37733
-0.697389
-2.66369
-4.53471
-5.95464
-0.561964
-3.66308
-0.364927
-0.306031
-2.54918
11.6449
0.360394
0.166541
-7.32816
