-4.88249
-8.46012
-5.57232
5.27214
-5.98381
3.51723
3.14929
-6.56228
0.877087
-0.791508
6.74729
1.65386
-6.37971
8.15614
-3.11798
3.21237
-2.28458
0.839552
-6.99384
5.07138
-3.80066
6.33523
0.660463
7.74291
7.81407
-1.68029
0.0227886
-5.95267
1.42962
1.65415
5.39153
-1.15966
2.93827
-5.27939
8.61049
-5.49441
-1.16921
-1.89208
3.15102
9.46938
-1.24287
0.229314
0.775093
-8.29638
6.04555
-6.86481
-5.39048
2.85984
-6.09248
1.74499
0.437496
-7.56217
-3.37456
-1.18561
-2.45051
-0.916772
-0.794985
9.05935
-1.22126
-7.35497
3.02554
-0.439381
-0.909184
-5.1929
3.24468
9.89656
5.01689
3.95234
-6.86836
-1.02033
-3.60381
0.75524
0.670307
-1.31514
-7.67702
2.80478
-7.66432
1.30401
4.38584
-6.84117
-6.43602
-1.53222
-6.37818
-5.35716
-3.41419
-7.11841
-5.62842
-2.2021
2.99577
-5.25762
-0.292866
-0.712215
-3.71481
-1.41099
-2.98131
10.0626
3.02319
9.46167
-8.58472
3.98068
-4.87469
11.6618
-4.86206
0.951389
-3.49815
-5.16706
-10.1381
-0.909768
-0.0370137
4.21392
-5.91856
-7.95938
-2.34784
0.150549
-2.60505
-3.24616
-0.845483
3.66702
16.0795
4.86245
-4.67922
1.87333
-2.90949
-1.05446
2.50426
-2.73787
-2.75494
-1.49859
-5.51393
7.97663
10.7161
-4.02757
1.11464
-4.93155
-2.9513
-2.09173
4.71162
9.13411
-4.78277
0.490534
-3.89746
-6.54545
-2.08802
-8.74304
-11.2454
8.40936
9.29897
-2.47356
-0.242663
-3.8412
0.111612
-6.86219
7.67848
-2.79505
3.41413
-5.33926
0.626047
-6.68245
0.106519
0.413279
-6.65592
7.0515
1.24718
-3.9939
1.16162
-4.42029
6.73811
-9.46718
-4.66576
11.5106
-7.05174
5.67734
-12.2464
0.294132
-1.42458
-3.68588
-0.507864
-6.11037
5.2256
-2.12176
3.86424
8.25241
-7.46733
7.32716
-0.639958
2.15985
9.25067
-0.0420791
-1.79984
-7.55456
-1.98573
5.23672
-0.371775
-5.79852
4.72076
-2.38096
2.80871
3.20071
-5.89201
-5.50232
9.18272
-1.05549
-6.76831
2.25562
3.8328
6.2305
-1.8923
-7.19269
2.37126
-1.00804
6.17735
2.42648
5.85538
-2.26571
3.47966
-3.65408
0.941447
-10.8364
-3.29972
-1.51454
0.3834
-3.7099
12.5388
4.4036
-6.24319
-6.92335
14.0711
-6.59592
0.134983
9.02606
-11.2179
-2.49551
-0.989367
-2.79165
5.23495
1.90427
-8.41086
-3.79736
-0.896665
1.83004
2.32537
4.73001
1.8506
-0.12229
0.473592
2.70306
-3.09918
-5.92969
-3.11584
-3.22381
-2.76497
-2.97387
6.53518
-1.49479
-1.89057
-10.1139
