-5.04974
-9.11792
-1.34814
3.51121
-4.35915
-0.0987108
1.88658
-3.82322
3.11236
-1.36524
3.6182
0.89878
-8.53474
5.68247
-2.75876
2.04893
-0.145481
1.73082
-3.96223
6.23693
0.0996592
2.11139
1.63893
10.7965
5.06064
-0.748979
0.225878
-4.75885
1.39306
-1.4962
1.9672
1.76057
0.095153
-3.66465
8.12656
-5.85823
-0.653226
-3.08454
2.43368
7.09054
-1.73798
-1.05763
2.19118
-8.82856
9.62867
-6.34186
-4.59477
3.13743
-7.47088
0.207901
-0.0862771
-5.7969
-4.73834
-0.309963
-1.09023
0.631004
-3.05469
6.10276
-3.40843
-4.76695
3.94836
0.68458
-1.59051
-4.3844
-1.44344
8.7888
4.82514
3.89236
-6.21006
-2.49455
-1.6561
6.88485
4.32847
-1.22751
-5.36775
2.92077
-9.66788
2.84365
2.02983
-8.22882
-4.02361
-1.56761
-5.71122
-5.11599
0.232592
-6.74273
-7.25287
-2.17591
6.33614
-3.0938
2.70805
-2.92575
-7.33509
-1.29214
0.268015
9.34428
6.16897
7.00243
-11.1008
2.36881
-7.52201
11.8892
-6.16122
7.11311
-2.10835
-6.76817
-8.91088
-2.14304
1.14339
6.32453
-3.50203
-6.1638
-3.17037
-3.89193
-3.59382
1.92466
0.435186
5.25471
17.1927
2.58699
-5.26855
5.55759
0.573195
1.63231
1.84958
-2.91564
0.478265
0.605264
-5.16424
5.93157
11.7625
-5.07979
2.47953
-3.65535
-5.35084
-2.17239
4.53459
4.99727
-6.42579
0.613684
-4.08037
-4.28533
-2.3024
-9.08073
-11.9931
7.19525
10.1075
-2.96594
1.82729
-7.28098
-2.3062
-3.15077
5.32837
0.404459
2.948
-5.28354
-1.16491
-7.90328
-3.16481
2.53343
-7.67042
5.71103
3.34101
-1.31119
2.85848
-4.76799
4.5442
-9.03758
-2.48545
11.6675
-7.85592
2.24929
-9.74048
-0.742982
-0.910658
-8.5586
-2.10103
-6.3161
10.678
-1.83435
6.84207
8.94505
-4.52833
9.6329
-1.07794
2.0106
8.12925
-0.920713
0.628532
-7.48235
-2.89891
3.18602
-2.38866
-2.33924
7.06787
-5.22551
3.9244
4.61173
-6.48554
-5.01405
11.2534
-4.31093
-8.20733
0.326839
1.94694
5.54945
-3.00432
-3.01165
-0.0915771
-4.31165
6.1207
1.74825
7.64211
-2.29871
4.37238
-5.97197
0.133508
-8.80011
-1.34314
3.64618
-3.33837
-0.0347237
13.4865
7.03203
-4.37401
-6.41897
9.54351
-4.23988
-1.64813
13.7906
-13.8333
-2.9405
0.860445
-2.55894
3.20344
2.73358
-4.63837
-1.24095
-0.308581
2.55197
0.156228
5.34033
-0.630769
-1.60857
-1.50402
3.95318
-3.31521
-6.78399
-2.00173
-1.34741
-1.47697
0.899477
5.21348
-1.24301
0.173727
-9.79113
