-1.41402
-7.33459
0.944143
-1.93239
-4.42183
6.42759
2.64783
1.2079
-0.670445
-3.77683
6.53831
-7.32449
-8.20507
9.45871
-4.22789
-5.29106
1.64785
0.728338
-8.65662
9.4564
-4.3387
10.6419
9.65265
4.14223
7.2856
-11.344
3.00649
-2.38982
-2.49107
-1.67537
2.21904
-1.47658
9.95887
-3.91046
10.9794
-5.25714
-0.174388
-3.98287
1.26878
-0.548623
-2.19666
-2.33685
-2.05094
-7.66173
6.25658
4.69617
-6.77181
-3.91458
-3.69753
0.31426
2.03037
-8.80489
-6.98507
3.41143
-2.4352
-0.423115
-0.800166
10.3732
-8.90619
-9.90298
5.49045
-1.15133
-4.67346
-7.43282
4.3177
2.86636
6.58916
4.91973
-7.18674
-0.407924
-0.214272
-2.47323
2.57423
-2.52087
-10.2281
3.36979
-3.80315
-4.98804
4.40726
5.39849
-10.2424
2.46937
-5.27139
-5.7165
-6.90869
-7.29328
-4.45141
1.34109
0.0546613
3.29758
4.99123
-5.56
-4.5411
-5.99765
5.22003
8.13361
3.6858
8.96099
-6.03778
2.82597
0.819457
11.9182
-3.97234
-3.96971
-4.3802
-1.97555
-5.21583
-5.80728
2.23688
8.57395
-4.89211
-2.04166
-0.966109
0.315357
-7.18086
-1.28031
-3.67497
9.29587
3.07311
3.30476
-7.28841
6.19697
-2.05072
4.29021
-0.448715
2.97141
-7.55749
-4.55501
-1.84689
2.86164
6.85404
-4.89571
1.52211
-4.96706
-1.50192
-5.52887
4.43745
6.72318
-3.79667
7.99502
-0.551203
0.673019
-5.38491
-8.07837
-9.3229
1.254
4.06112
-1.64819
6.22349
-5.55961
-3.35817
-6.37388
9.04952
0.449536
7.00418
1.43492
-1.37479
-7.30278
4.24649
-3.28122
-8.90333
4.3245
9.17728
-3.60316
0.888162
1.00034
3.48962
-10.5389
6.16569
18.0989
-4.79779
7.78788
-7.27092
1.41228
-2.77048
1.52807
8.52913
-2.45334
5.0762
-1.27296
3.54884
7.20603
-3.14631
16.8553
-2.03322
0.331622
2.31068
-4.84877
4.83692
-8.96847
3.10288
7.04888
-0.412695
-4.41739
7.33857
-7.05951
-3.30686
5.07336
-7.03075
-4.35728
8.13428
-7.39883
-1.20289
0.137295
3.1506
2.69565
1.85187
0.562775
-4.43744
-5.76434
1.46572
-0.369043
6.04223
-4.86058
-0.292133
0.671403
0.310717
-11.9775
-4.24723
2.9307
-0.636615
4.3272
12.3085
8.03512
-5.70536
-2.35454
8.75647
-7.28597
-5.25689
5.59193
-12.4592
-10.0506
-2.66259
0.34388
0.411608
5.26822
-2.07427
-9.80642
-0.907155
2.70645
6.79415
8.65786
6.11947
-2.53744
-2.91483
-0.847381
-6.47894
-9.67063
-4.88774
4.22986
-4.27612
-1.03403
15.1831
-0.928418
1.02478
-8.60497
