-4.01051
-1.27944
-3.93992
-0.887174
-6.22336
2.96984
3.91375
-3.33666
-0.101341
-3.48629
6.93469
-1.51949
-3.26442
11.845
-0.491747
-4.96734
1.00577
0.772271
-1.76914
7.32026
-6.40576
-2.1434
4.26975
3.74205
9.40624
-2.18198
-3.11001
-4.90611
1.10483
2.97037
0.176219
4.80308
0.8981
1.93297
0.523554
2.54281
0.231932
-0.408711
4.93977
8.24042
-2.73793
-0.203923
5.74015
-7.64522
6.26564
0.240237
0.388535
0.183605
-4.6074
4.09652
4.34744
-6.20205
-1.24976
2.94984
-6.1633
0.171627
0.516135
8.03206
-6.77642
-7.09176
-0.815117
1.37766
2.30455
-7.63719
-0.200036
2.34438
9.03946
4.17625
-4.45104
2.24911
0.115859
0.206785
4.1629
1.88278
-9.60427
8.11045
-3.84636
2.76257
3.77366
-3.17032
-7.6303
0.216089
0.927196
-3.11503
-10.4445
-5.21995
-6.41097
3.48883
1.41675
-0.877611
-4.69591
-4.57389
-2.34189
5.78743
0.300628
6.50509
4.62754
6.71575
-7.90052
8.01029
-1.11359
9.0567
-1.64731
1.91051
-3.33676
-2.84167
-8.06941
-4.75489
-0.217892
2.49577
-5.75949
-5.01078
-2.65805
-1.9981
-6.16757
2.62028
0.687337
7.79819
10.4561
1.08585
-10.2965
3.74622
-2.20057
-0.11099
-3.71697
-1.11374
-7.47937
-3.20473
-4.82163
7.37717
10.4597
0.669723
1.73585
-6.44474
-2.6834
-2.51298
1.75698
0.148065
-7.09653
1.04446
3.92758
-1.85928
-2.22583
-1.63417
-7.36921
1.85711
7.37863
-1.36333
5.25408
-3.32161
-1.45498
-8.51478
3.97745
-3.54897
5.24106
-7.64185
-4.17148
-2.71954
2.26697
-2.32648
0.60704
2.67662
4.80003
-4.16863
-4.45169
-1.89536
3.86146
-7.41925
1.52381
15.6648
-4.22949
-0.403445
-2.17868
2.98039
-3.27008
-3.30686
-2.66743
-0.945903
9.30851
-9.04247
1.287
3.18398
-5.13252
7.631
2.98291
-0.545777
7.03135
-2.81634
2.40128
-6.76584
0.976904
-0.275467
-3.06068
-2.68208
7.74897
1.17911
2.47814
2.04782
-5.33714
2.26367
6.329
-4.63121
-4.44873
6.19924
2.75576
1.14827
3.48299
-1.53537
0.507306
0.585203
-1.65644
1.33385
8.26759
-4.33117
2.41438
-2.86362
-1.65447
-9.40115
-3.11702
4.8474
-1.9279
5.34906
8.6626
1.50566
-1.40974
-5.50993
6.90247
-1.10412
-4.3599
4.11427
-9.3266
-3.31786
-0.532539
-0.389548
6.84506
6.95992
-0.857803
0.0474002
-4.49968
2.29219
9.89032
10.8807
3.02159
-0.637754
-0.0716662
2.81605
-0.0441789
-6.5576
-1.49759
-1.63793
3.86686
-1.94192
5.94947
-1.75271
-4.8908
-8.04785
