-4.98179
-7.34353
-7.21021
-1.02596
-0.175937
2.37699
0.759275
-5.07963
1.37894
-2.72256
4.78686
-2.57794
-3.24347
4.5274
-1.78015
-2.77242
-1.87906
-2.47204
-6.46146
6.79493
-0.149739
0.328187
4.40527
3.09351
5.52223
-9.81003
0.230844
-2.7742
-0.489149
5.94689
-4.97005
2.70062
-0.564288
-0.976241
2.45872
0.702644
-3.99919
-1.03895
6.33245
4.63552
-2.48233
1.72939
3.86059
-7.62556
7.64372
-0.701268
-1.56114
-5.65498
-6.88572
0.174446
0.508341
-6.38299
-6.62776
-0.252507
-4.90228
-0.778958
-3.03764
9.06908
-5.52672
-5.96368
1.98235
-0.727071
-0.842556
-3.0777
-1.50837
2.38839
6.10828
1.48957
-2.87915
-0.533552
-3.68536
0.838632
-3.08772
-0.551372
-5.73307
6.56191
-6.10429
1.54114
0.376402
-1.95219
-6.39876
1.2149
-4.6222
-3.61153
-4.57023
-7.13768
-3.46316
1.28395
-0.989559
-3.57872
0.679273
-5.4037
-1.80797
4.82847
-2.60575
8.9091
3.26774
5.36049
-7.60343
0.965568
1.3748
5.07831
-0.610208
-2.72577
-3.50572
-4.66522
-6.04351
-7.10469
3.19779
3.23137
-7.99599
-3.14526
-1.96269
-1.29529
-2.85592
0.741784
-0.658796
6.69057
13.6135
2.35799
-8.11704
3.69032
1.96735
0.394989
-1.28885
0.0331479
-7.24694
-1.97461
-2.26686
6.60524
9.06583
-1.01996
5.59158
-5.15561
-6.04129
-1.57494
0.138813
-3.38563
-6.94245
0.123914
2.37208
-5.7158
-2.76136
-5.85918
-6.41699
6.45742
8.98982
-3.42429
2.71108
-5.80453
-5.33211
-6.53562
4.32669
-5.58942
5.62684
-2.8854
-2.03391
-4.57178
4.04004
-0.843902
-0.761912
3.98835
5.48964
-3.78383
-2.68794
-1.15315
1.00601
-8.62774
-1.8088
12.1648
-6.06567
-0.132395
-7.33065
-5.60762
-3.82291
0.597323
0.0469359
-4.06748
4.28266
-5.66477
-3.28837
1.6534
-2.06045
4.54343
2.21302
0.522184
4.75358
-2.27089
3.20905
-10.7901
3.19452
-1.48776
-2.45641
-5.63347
9.43669
-1.08179
2.49167
-0.179637
-4.40068
-4.74921
0.36398
-6.2625
-8.26441
3.82443
0.996894
0.181882
3.29118
-4.23421
-0.126139
-4.69291
-4.10041
-0.46468
8.09762
-5.88704
2.91439
-3.59529
-3.13187
-7.87741
3.33505
2.239
1.17766
3.12493
5.8619
0.765403
-3.30689
-4.83941
9.50718
-1.51798
-3.48059
1.44783
-7.67615
-4.34492
0.202483
-1.87993
1.5349
10.3218
-7.60007
-5.00074
-5.03406
7.80885
4.09398
5.07095
0.766536
2.30384
0.403931
0.857688
-5.5521
-4.78386
-3.70614
-3.77535
3.51934
0.689688
11.4248
-1.74288
-2.07797
-6.31796
