97 97 1.08225
97 97 1.07829
79 79 0.253498
81 81 0.330526
82 82 0.365541
100 100 0.335009
81 81 0.426263
100 100 0.354623
91 91 0.429611
82 82 0.519336
103 103 0.332704
98 98 0.759634
87 87 0.525348
99 99 0.649186
104 104 0.320817
81 81 0.340233
91 91 0.683022
95 95 0.374869
99 99 0.768403
91 91 0.567512
78 78 0.729616
90 90 0.412746
82 82 0.390198
87 87 0.53877
81 81 0.333845
92 92 0.431633
93 93 0.526545
97 97 0.745948
91 91 0.464688
97 97 0.744323
84 84 0.341567
85 85 0.539894
88 88 0.317191
99 99 0.641578
81 81 0.324397
91 91 0.632375
93 93 0.449839
103 103 0.32098
98 98 0.788357
93 93 0.420225
100 100 0.34698
95 95 0.37789
90 90 0.390878
93 93 0.733398
81 81 0.336947
88 88 0.326542
100 100 0.34295
84 84 0.430011
86 86 0.301621
100 100 0.3486
89 89 0.333943
84 84 0.401997
99 99 0.613799
90 90 0.362402
88 88 0.306679
84 84 0.308509
86 86 0.319604
83 83 0.295844
96 96 0.464325
98 98 0.770736
97 97 0.750319
89 89 0.347478
98 98 0.596568
97 97 0.740577
98 98 0.769554
97 97 0.744299
88 88 0.312287
84 84 0.323522
97 97 0.891838
90 90 0.332524
98 98 0.597253
104 104 0.325089
83 83 0.311082
99 99 0.752893
89 89 0.35624
100 100 0.343189
95 95 0.387211
96 96 0.507449
98 98 0.66512
82 82 0.364389
95 95 0.382625
103 103 0.332723
93 93 0.643211
85 85 0.765281
95 95 0.379623
89 89 0.370966
94 94 0.487488
101 101 0.795386
95 95 0.352505
94 94 0.651003
92 92 0.419921
85 85 0.463128
99 99 0.648996
88 88 0.380297
96 96 0.471759
81 81 0.340069
91 91 0.649848
94 94 0.599562
85 85 0.582798
90 90 0.350869
96 96 0.469642
91 91 0.66326
93 93 0.721638
92 92 0.400424
95 95 0.356908
97 97 1.08043
94 94 0.623403
84 84 0.371056
97 97 0.697011
94 94 0.478
84 84 0.369598
84 84 0.453222
82 82 0.439865
93 93 0.564491
82 82 0.593926
85 85 0.781952
98 98 0.755667
103 103 0.326545
92 92 0.353418
103 103 0.319951
100 100 0.340271
79 79 0.256615
86 86 0.419431
92 92 0.611274
95 95 0.386286
94 94 0.621956
98 98 0.737117
83 83 0.301949
85 85 0.593487
104 104 0.328631
92 92 0.373778
86 86 0.318386
86 86 0.308742
104 104 0.354557
103 103 0.31768
84 84 0.313009
92 92 0.611274
92 92 0.471839
92 92 0.584052
83 83 0.306118
99 99 0.621201
83 83 0.314658
91 91 0.471908
95 95 0.344966
104 104 0.327771
94 94 0.676086
88 88 0.314303
86 86 0.441711
87 87 0.446049
97 97 0.747132
100 100 0.339677
84 84 0.306577
89 89 0.336158
89 89 0.338504
87 87 0.497056
97 97 0.728438
82 82 0.370373
103 103 0.332633
91 91 0.448714
82 82 0.367367
95 95 0.378146
93 93 0.573249
93 93 0.678603
86 86 0.311035
95 95 0.358824
88 88 0.311104
83 83 0.304623
102 102 0.341848
90 90 0.416373
92 92 0.341589
90 90 0.348506
84 84 0.435151
95 95 0.382979
104 104 0.333615
87 87 0.444164
82 82 0.365536
104 104 0.430894
94 94 0.550127
101 101 0.555602
88 88 0.321146
82 82 0.39755
92 92 0.386702
95 95 0.388105
86 86 0.319871
99 99 0.642163
83 83 0.315078
104 104 0.334969
83 83 0.299769
90 90 0.366763
88 88 0.313485
83 83 0.307303
91 91 0.380413
90 90 0.35271
82 82 0.359747
87 87 0.531566
79 79 0.362544
92 92 0.435561
86 86 0.324636
101 101 0.61234
81 81 0.337226
87 87 0.534135
92 92 0.539535
82 82 0.366469
84 84 0.360332
87 87 0.437979
88 88 0.31901
102 102 0.328438
96 96 0.361987
83 83 0.326386
92 92 0.424448
102 102 0.357222
84 84 0.292372
94 94 0.595926
97 97 0.835878
85 85 0.681134
95 95 0.338939
101 101 0.762586
101 101 0.622696
81 81 0.319273
82 82 0.36444
104 104 0.347126
94 94 0.587714
104 104 0.341313
102 102 0.344588
96 96 0.564742
90 90 0.362579
92 92 0.50606
81 81 0.304781
102 102 0.318042
100 100 0.33875
94 94 0.531806
100 100 0.342827
91 91 0.476599
94 94 0.598061
98 98 0.763558
78 78 0.738457
88 88 0.323895
90 90 0.355534
103 103 0.32569
93 93 0.604498
99 99 0.625504
96 96 0.684908
89 89 0.347285
94 94 0.657714
104 104 0.366493
86 86 0.312052
86 86 0.317978
88 88 0.286218
88 88 0.384108
84 84 0.370923
98 98 0.762864
85 85 0.762554
101 101 0.796591
100 100 0.338737
86 86 0.306941
103 103 0.325032
100 100 0.349759
95 95 0.387247
85 85 0.758708
94 94 0.617947
97 97 1.04521
103 103 0.335522
103 103 0.328758
99 99 0.619788
84 84 0.347417
104 104 0.355193
101 101 0.552161
103 103 0.322836
91 91 0.487022
94 94 0.678889
84 84 0.295415
92 92 0.372152
94 94 0.666902
102 102 0.308322
91 91 0.501044
86 86 0.437478
94 94 0.64399
90 90 0.419444
92 92 0.335986
101 101 0.798936
84 84 0.316893
97 97 0.733891
97 97 1.05176
91 91 0.627615
83 83 0.320737
100 100 0.345609
90 90 0.343733
102 102 0.31676
88 88 0.311957
89 89 0.366269
90 90 0.398454
104 104 0.345423
98 98 0.737849
91 91 0.397396
90 90 0.369051
102 102 0.353758
103 103 0.328259
84 84 0.433698
91 91 0.55243
95 95 0.385942
87 87 0.51415
100 100 0.361313
88 88 0.316064
97 97 1.05873
78 78 0.421537
88 88 0.309526
103 103 0.330923
83 83 0.297371
87 87 0.422386
99 99 0.621248
87 87 0.578827
91 91 0.459284
87 87 0.470244
96 96 0.44149
85 85 0.694633
86 86 0.456372
84 84 0.31545
98 98 0.733682
95 95 0.36126
89 89 0.354799
93 93 0.569808
92 92 0.433544
87 87 0.551556
89 89 0.33219
99 99 0.617645
86 86 0.298627
100 100 0.350794
94 94 0.652227
85 85 0.649358
83 83 0.302361
84 84 0.311816
104 104 0.350367
91 91 0.378826
90 90 0.441356
95 95 0.386758
96 96 0.512027
101 101 0.550741
81 81 0.331845
95 95 0.389617
84 84 0.29132
100 100 0.340328
103 103 0.326998
82 82 0.381373
89 89 0.35669
93 93 0.607725
81 81 0.300099
88 88 0.326304
102 102 0.356096
81 81 0.315675
99 99 0.608863
98 98 0.75554
94 94 0.494159
91 91 0.466563
94 94 0.481241
99 99 0.640839
82 82 0.381951
103 103 0.332069
97 97 0.69496
96 96 0.434904
84 84 0.278515
99 99 0.636624
95 95 0.366163
87 87 0.559903
83 83 0.294817
88 88 0.317132
100 100 0.333009
79 79 0.366144
79 79 0.37448
98 98 0.723255
91 91 0.498421
92 92 0.342801
86 86 0.302253
95 95 0.361913
97 97 0.78314
94 94 0.82508
90 90 0.438817
89 89 0.375692
100 100 0.340147
104 104 0.335237
84 84 0.393287
104 104 0.35172
102 102 0.322175
84 84 0.313029
83 83 0.305426
88 88 0.305237
103 103 0.327033
104 104 0.331441
84 84 0.356401
81 81 0.37352
88 88 0.322378
87 87 0.507428
83 83 0.293941
103 103 0.319599
101 101 0.552663
101 101 0.670911
92 92 0.392403
99 99 0.696527
101 101 0.452596
103 103 0.321892
103 103 0.33754
101 101 0.551899
85 85 0.776707
99 99 0.630567
97 97 1.03186
101 101 0.777701
96 96 0.368455
86 86 0.36552
97 97 0.80831
89 89 0.356559
99 99 0.677542
90 90 0.403389
89 89 0.348419
103 103 0.332318
102 102 0.379492
97 97 0.74026
103 103 0.33549
84 84 0.432254
85 85 0.783724
85 85 0.669368
100 100 0.338594
103 103 0.330939
101 101 0.553352
78 78 0.716268
90 90 0.435745
98 98 0.680659
80 80 0.798774
95 95 0.388696
104 104 0.318586
81 81 0.303667
101 101 0.453532
102 102 0.343886
95 95 0.391129
95 95 0.388418
85 85 0.605125
103 103 0.319834
104 104 0.33241
98 98 0.772165
82 82 0.400645
100 100 0.363645
100 100 0.344173
88 88 0.3186
100 100 0.354437
100 100 0.327258
84 84 0.434766
102 102 0.31178
97 97 0.746707
84 84 0.368159
92 92 0.342014
85 85 0.532438
95 95 0.37721
83 83 0.301178
93 93 0.537002
98 98 0.674873
91 91 0.462861
101 101 0.540451
92 92 0.422205
93 93 0.629585
86 86 0.304849
102 102 0.346943
94 94 0.591947
92 92 0.351763
88 88 0.313492
89 89 0.365975
101 101 0.501228
86 86 0.311905
78 78 0.386752
87 87 0.559719
95 95 0.362227
81 81 0.310101
95 95 0.386151
87 87 0.543681
99 99 0.423784
81 81 0.361636
88 88 0.332825
96 96 0.427448
92 92 0.555608
78 78 0.423267
101 101 0.549644
84 84 0.427051
94 94 0.591792
89 89 0.34731
86 86 0.30183
81 81 0.302549
94 94 0.5838
102 102 0.338918
94 94 0.663365
98 98 0.752369
85 85 0.68056
90 90 0.433505
87 87 0.457143
97 97 0.740497
94 94 0.561954
92 92 0.352834
87 87 0.445257
96 96 0.433472
99 99 0.616321
96 96 0.392369
85 85 0.786675
90 90 0.357778
92 92 0.417897
83 83 0.314658
78 78 0.371921
90 90 0.416538
84 84 0.359706
98 98 0.665801
91 91 0.457375
94 94 0.393636
87 87 0.515881
98 98 0.755629
96 96 0.478966
95 95 0.386814
98 98 0.765551
91 91 0.373024
93 93 0.564491
89 89 0.371281
98 98 0.617707
86 86 0.30807
88 88 0.313401
99 99 0.612132
90 90 0.354886
96 96 0.443025
96 96 0.402209
85 85 0.558433
85 85 0.658853
96 96 0.501987
94 94 0.541376
93 93 0.407719
101 101 0.548187
85 85 0.65929
87 87 0.444498
93 93 0.503707
97 97 0.694185
83 83 0.297596
87 87 0.457392
79 79 0.255508
92 92 0.441353
86 86 0.317814
86 86 0.31595
104 104 0.341372
90 90 0.398454
86 86 0.310315
81 81 0.348806
96 96 0.43243
85 85 0.653994
99 99 0.679421
81 81 0.337198
101 101 0.554907
85 85 0.537595
80 80 0.770409
98 98 0.601422
93 93 0.552346
104 104 0.328636
91 91 0.571164
94 94 0.605856
82 82 0.364082
104 104 0.319458
96 96 0.446693
103 103 0.330544
79 79 0.255808
95 95 0.353205
102 102 0.383586
96 96 0.474069
96 96 0.454326
101 101 0.552043
84 84 0.32347
93 93 0.632827
82 82 0.386303
101 101 0.553449
89 89 0.336513
94 94 0.657263
103 103 0.33647
101 101 0.550892
88 88 0.327654
89 89 0.362886
102 102 0.374568
99 99 0.657025
87 87 0.543789
102 102 0.329129
86 86 0.302551
87 87 0.480614
98 98 0.700643
104 104 0.352919
104 104 0.325956
96 96 0.498373
81 81 0.342038
83 83 0.311238
84 84 0.415659
86 86 0.317583
91 91 0.472152
90 90 0.346563
91 91 0.652554
96 96 0.43348
97 97 0.740835
90 90 0.378667
86 86 0.440722
83 83 0.295243
101 101 0.555059
91 91 0.640594
78 78 0.5445
102 102 0.32718
91 91 0.54954
84 84 0.335113
100 100 0.348653
95 95 0.379533
95 95 0.365032
96 96 0.44276
93 93 0.604229
86 86 0.430985
101 101 0.554705
97 97 0.746422
102 102 0.335194
88 88 0.299865
82 82 0.369699
92 92 0.357534
92 92 0.322152
91 91 0.607738
99 99 0.644293
80 80 0.658884
99 99 0.654417
98 98 0.767678
95 95 0.385796
91 91 0.790953
99 99 0.643842
99 99 0.62612
86 86 0.334708
99 99 0.666757
80 80 1.11334
101 101 0.701776
89 89 0.342948
89 89 0.362915
93 93 0.522106
90 90 0.36076
90 90 0.373286
100 100 0.338361
91 91 0.481039
93 93 0.499625
100 100 0.345429
103 103 0.323406
87 87 0.5596
93 93 0.502714
102 102 0.3276
93 93 0.612976
95 95 0.34486
85 85 0.753564
92 92 0.361821
90 90 0.418643
84 84 0.335793
96 96 0.401812
89 89 0.353568
92 92 0.454569
98 98 0.723255
99 99 0.62612
93 93 0.674541
82 82 0.363203
97 97 0.846474
97 97 0.741522
94 94 0.56748
96 96 0.44045
85 85 0.879064
96 96 0.452189
81 81 0.338408
89 89 0.338188
81 81 0.375813
81 81 0.335127
87 87 0.555865
83 83 0.342247
102 102 0.319366
96 96 0.553998
84 84 0.311565
92 92 0.458349
99 99 0.645382
95 95 0.404553
82 82 0.375046
87 87 0.567379
101 101 0.794994
83 83 0.299113
101 101 0.429879
82 82 0.368396
102 102 0.328016
103 103 0.322818
87 87 0.531297
102 102 0.384493
101 101 0.801786
101 101 0.798215
96 96 0.496592
85 85 0.63878
82 82 0.37017
97 97 0.751664
93 93 0.541253
83 83 0.31045
86 86 0.313248
86 86 0.317583
80 80 0.796684
84 84 0.34938
84 84 0.322634
79 79 0.379009
95 95 0.368359
101 101 0.669214
84 84 0.307568
101 101 0.556824
97 97 0.694844
88 88 0.315734
103 103 0.330928
85 85 0.449917
85 85 0.594423
87 87 0.434584
89 89 0.368494
86 86 0.461455
86 86 0.309561
103 103 0.328462
90 90 0.387718
81 81 0.302693
103 103 0.325714
97 97 1.08225
99 99 0.75845
81 81 0.302623
87 87 0.454833
97 97 0.745018
100 100 0.342912
87 87 0.575738
98 98 0.799862
103 103 0.330531
104 104 0.339847
90 90 0.413709
101 101 0.553314
97 97 0.746109
88 88 0.302749
85 85 0.65272
87 87 0.463504
94 94 0.589464
102 102 0.360599
104 104 0.330652
98 98 0.734001
81 81 0.398818
98 98 0.802255
95 95 0.363272
91 91 0.616742
97 97 0.745791
88 88 0.324489
104 104 0.391723
88 88 0.307142
93 93 0.488968
98 98 0.798259
83 83 0.352265
97 97 0.739104
98 98 0.601422
92 92 0.329919
88 88 0.340853
90 90 0.354996
85 85 0.759258
86 86 0.401167
82 82 0.47544
97 97 0.977187
82 82 0.363194
83 83 0.29225
87 87 0.584168
85 85 0.731827
79 79 0.408249
88 88 0.317052
86 86 0.317952
101 101 0.563757
95 95 0.353106
90 90 0.397077
102 102 0.310471
88 88 0.313122
78 78 0.396801
104 104 0.334403
102 102 0.313369
93 93 0.616829
102 102 0.369117
91 91 0.637434
84 84 0.400861
92 92 0.373402
102 102 0.359509
95 95 0.384368
93 93 0.581611
102 102 0.321109
95 95 0.362111
96 96 0.346612
94 94 0.675766
96 96 0.422432
103 103 0.33146
100 100 0.338964
92 92 0.415667
89 89 0.355698
103 103 0.326667
88 88 0.320426
104 104 0.33107
90 90 0.41523
104 104 0.322175
83 83 0.30271
97 97 0.754012
97 97 0.72967
89 89 0.372789
102 102 0.382357
97 97 0.74429
86 86 0.299529
88 88 0.308701
85 85 0.785168
85 85 0.702637
101 101 0.552263
81 81 0.35403
96 96 0.430059
97 97 0.742558
99 99 0.760868
104 104 0.342781
100 100 0.347215
93 93 0.745376
95 95 0.348905
97 97 0.749474
98 98 0.721631
104 104 0.344172
104 104 0.33874
92 92 0.546151
84 84 0.328994
100 100 0.35231
101 101 0.548003
86 86 0.442291
92 92 0.426347
85 85 0.606754
100 100 0.362323
82 82 0.403384
94 94 0.594271
99 99 0.675042
91 91 0.570956
101 101 0.614153
103 103 0.320844
97 97 1.08415
85 85 0.785347
101 101 0.606588
85 85 0.624296
82 82 0.374676
90 90 0.350282
83 83 0.322447
88 88 0.346543
87 87 0.576362
80 80 0.803539
97 97 0.747681
81 81 0.433818
87 87 0.572086
87 87 0.52652
96 96 0.438377
90 90 0.359868
97 97 0.750995
97 97 0.970755
88 88 0.335598
103 103 0.330311
94 94 0.634925
99 99 0.483217
85 85 0.771848
99 99 0.633016
102 102 0.307001
96 96 0.45519
103 103 0.330098
85 85 0.66361
104 104 0.339397
100 100 0.340126
81 81 0.338382
94 94 0.610608
92 92 0.326858
84 84 0.325727
96 96 0.694964
81 81 0.332137
99 99 0.651927
98 98 0.665192
87 87 0.463171
97 97 0.993965
104 104 0.334307
91 91 0.433293
92 92 0.421662
95 95 0.37229
97 97 0.724069
98 98 0.717777
85 85 0.553092
82 82 0.363293
88 88 0.306221
82 82 0.359688
90 90 0.338036
99 99 0.683048
85 85 0.783236
97 97 1.00418
92 92 0.498535
99 99 0.67185
100 100 0.354039
103 103 0.326493
104 104 0.319898
84 84 0.443661
103 103 0.3348
81 81 0.322324
100 100 0.339459
86 86 0.314577
83 83 0.307667
91 91 0.367197
104 104 0.337727
100 100 0.349348
90 90 0.358912
78 78 0.720816
94 94 0.682552
93 93 0.620077
93 93 0.56826
95 95 0.33537
102 102 0.355823
85 85 0.892083
93 93 0.730902
86 86 0.308081
97 97 0.740278
87 87 0.487417
93 93 0.724542
99 99 0.641549
88 88 0.323135
104 104 0.354711
101 101 0.453549
83 83 0.32635
94 94 0.563322
93 93 0.67269
101 101 0.549612
91 91 0.585693
82 82 0.417653
86 86 0.302502
90 90 0.420693
96 96 0.699421
103 103 0.329243
97 97 0.990582
97 97 0.745465
84 84 0.322
102 102 0.309049
92 92 0.367666
93 93 0.646363
80 80 0.690845
101 101 0.396513
82 82 0.392568
99 99 0.617405
78 78 0.755968
103 103 0.323818
104 104 0.382544
103 103 0.335075
80 80 0.803157
92 92 0.454009
93 93 0.586322
104 104 0.316945
91 91 0.455118
91 91 0.671805
91 91 0.685211
85 85 0.770716
83 83 0.305458
83 83 0.298358
99 99 0.643253
88 88 0.291497
87 87 0.413871
87 87 0.384828
90 90 0.350075
82 82 0.365326
81 81 0.333533
83 83 0.297963
92 92 0.429953
83 83 0.298262
81 81 0.352992
85 85 0.64032
86 86 0.439944
94 94 0.517043
86 86 0.317309
81 81 0.333718
97 97 0.740944
86 86 0.299053
90 90 0.351617
101 101 0.694017
87 87 0.550342
96 96 0.619022
98 98 0.718006
83 83 0.316942
103 103 0.323381
104 104 0.328936
84 84 0.302767
83 83 0.33032
84 84 0.372157
89 89 0.360407
101 101 0.778681
100 100 0.345911
89 89 0.365911
96 96 0.431227
85 85 0.561353
93 93 0.596976
92 92 0.439464
97 97 0.687064
87 87 0.565198
85 85 0.683475
81 81 0.333533
88 88 0.316293
90 90 0.390585
82 82 0.498203
92 92 0.442376
88 88 0.351646
101 101 0.544226
88 88 0.313469
98 98 0.758899
92 92 0.367944
97 97 0.69316
84 84 0.313029
87 87 0.654523
96 96 0.529753
93 93 0.571463
94 94 0.602356
96 96 0.535561
81 81 0.334089
100 100 0.350429
87 87 0.437447
82 82 0.347234
92 92 0.364473
103 103 0.32393
86 86 0.318186
91 91 0.435038
83 83 0.33353
92 92 0.598628
95 95 0.344868
83 83 0.30385
95 95 0.355638
83 83 0.317549
79 79 0.424759
98 98 0.64605
100 100 0.33911
86 86 0.441713
95 95 0.386967
94 94 0.872048
87 87 0.531638
104 104 0.336951
93 93 0.712032
104 104 0.353538
101 101 0.807719
100 100 0.335249
93 93 0.437885
79 79 0.253498
87 87 0.41489
104 104 0.371601
97 97 0.805023
95 95 0.377807
89 89 0.366462
92 92 0.541532
87 87 0.427678
103 103 0.366348
84 84 0.42506
102 102 0.304651
96 96 0.401116
90 90 0.407698
89 89 0.338456
81 81 0.305099
94 94 0.389372
83 83 0.304277
81 81 0.403498
101 101 0.701776
86 86 0.311777
80 80 0.653054
91 91 0.605705
87 87 0.574946
100 100 0.354953
104 104 0.340933
95 95 0.387151
96 96 0.384945
104 104 0.344674
84 84 0.357173
82 82 0.350549
102 102 0.333075
82 82 0.388746
103 103 0.331776
92 92 0.322315
84 84 0.311807
96 96 0.483612
100 100 0.345315
97 97 0.736989
102 102 0.386895
83 83 0.290269
92 92 0.412494
96 96 0.428294
84 84 0.417719
91 91 0.672154
85 85 0.622525
94 94 0.598005
93 93 0.632465
80 80 0.749249
95 95 0.362227
94 94 0.690074
88 88 0.311243
95 95 0.388189
89 89 0.355657
89 89 0.368383
101 101 0.78893
103 103 0.329398
102 102 0.31226
96 96 0.513608
104 104 0.334391
99 99 0.647943
94 94 0.521339
88 88 0.317191
99 99 0.641271
79 79 0.359875
89 89 0.343442
88 88 0.299166
98 98 0.731243
93 93 0.704759
95 95 0.362367
83 83 0.288485
99 99 0.643352
89 89 0.331357
104 104 0.339969
98 98 0.770146
87 87 0.458437
85 85 0.667967
95 95 0.37982
101 101 0.66984
84 84 0.308648
100 100 0.338221
104 104 0.34796
88 88 0.305237
86 86 0.351806
104 104 0.333129
84 84 0.334493
96 96 0.715748
97 97 1.08238
93 93 0.514796
96 96 0.427448
82 82 0.372662
87 87 0.568545
87 87 0.448239
86 86 0.343396
87 87 0.583109
84 84 0.391382
99 99 0.638153
97 97 1.03186
88 88 0.325184
90 90 0.422524
79 79 0.366052
82 82 0.385971
89 89 0.350188
100 100 0.348165
91 91 0.551386
85 85 0.714801
87 87 0.558628
97 97 0.691216
90 90 0.350475
102 102 0.357606
89 89 0.355893
102 102 0.372834
82 82 0.456312
93 93 0.625267
93 93 0.745535
94 94 0.542477
98 98 0.638386
102 102 0.345382
89 89 0.35178
100 100 0.35397
83 83 0.3102
97 97 0.845034
84 84 0.433755
85 85 0.747123
87 87 0.636179
96 96 0.47986
100 100 0.347471
88 88 0.322776
91 91 0.543845
89 89 0.350837
86 86 0.308875
98 98 0.783991
91 91 0.440187
83 83 0.314997
92 92 0.492005
87 87 0.563269
95 95 0.380667
104 104 0.337045
86 86 0.31422
91 91 0.655535
102 102 0.325375
85 85 0.645206
104 104 0.361893
99 99 0.608453
101 101 0.587853
84 84 0.446925
92 92 0.453184
89 89 0.367298
99 99 0.623096
104 104 0.345844
82 82 0.3626
92 92 0.480093
102 102 0.321917
94 94 0.573561
78 78 0.639785
93 93 0.677364
90 90 0.425384
94 94 0.587022
83 83 0.307717
86 86 0.308052
88 88 0.317831
96 96 0.439969
85 85 0.784228
85 85 0.606707
100 100 0.34605
90 90 0.407766
103 103 0.329644
81 81 0.437761
89 89 0.352926
84 84 0.544099
92 92 0.34302
86 86 0.30467
92 92 0.5921
96 96 0.512602
104 104 0.335295
98 98 0.729347
100 100 0.345689
90 90 0.357778
82 82 0.418029
85 85 0.614055
83 83 0.326746
101 101 0.607123
103 103 0.318698
88 88 0.309916
90 90 0.346804
92 92 0.436253
83 83 0.30182
87 87 0.465045
82 82 0.36514
92 92 0.37081
102 102 0.32364
87 87 0.439072
95 95 0.383193
95 95 0.389165
91 91 0.489409
98 98 0.603477
81 81 0.337093
103 103 0.343011
81 81 0.304514
88 88 0.313322
90 90 0.33294
89 89 0.399111
100 100 0.338139
94 94 0.540431
101 101 0.55311
96 96 0.621304
98 98 0.757993
85 85 0.776263
87 87 0.516259
96 96 0.434563
84 84 0.412408
91 91 0.561009
103 103 0.329014
85 85 0.595836
84 84 0.395105
91 91 0.491093
86 86 0.310419
85 85 0.560318
97 97 1.00608
78 78 0.680122
84 84 0.391663
90 90 0.377115
101 101 0.796754
86 86 0.318798
91 91 0.534973
97 97 0.760219
101 101 0.573479
83 83 0.30724
82 82 0.407547
94 94 0.599851
89 89 0.356846
88 88 0.315188
82 82 0.362267
82 82 0.379316
101 101 0.487566
104 104 0.344172
92 92 0.361672
91 91 0.437922
82 82 0.544413
93 93 0.550236
103 103 0.328651
82 82 0.361309
85 85 0.713372
100 100 0.357008
91 91 0.435352
88 88 0.302947
101 101 0.44432
101 101 0.675442
98 98 0.769521
81 81 0.301034
91 91 0.519524
94 94 0.706953
89 89 0.418701
95 95 0.389862
81 81 0.334699
104 104 0.365449
83 83 0.372567
91 91 0.392267
101 101 0.594004
89 89 0.366361
99 99 0.644293
87 87 0.45262
102 102 0.350411
93 93 0.685911
84 84 0.33107
83 83 0.331826
102 102 0.373017
98 98 0.748355
100 100 0.347226
89 89 0.358708
90 90 0.413299
102 102 0.320973
83 83 0.310794
86 86 0.303243
95 95 0.387773
86 86 0.433379
84 84 0.566785
92 92 0.343881
96 96 0.527744
89 89 0.340775
82 82 0.37589
92 92 0.374041
90 90 0.355718
93 93 0.817654
101 101 0.573784
85 85 0.65907
86 86 0.463395
93 93 0.719688
101 101 0.42509
103 103 0.316394
104 104 0.432139
93 93 0.500387
94 94 0.498626
100 100 0.347644
88 88 0.335352
104 104 0.328253
99 99 0.645279
93 93 0.740725
86 86 0.307616
92 92 0.545766
102 102 0.362512
99 99 0.677133
85 85 0.682952
89 89 0.355451
96 96 0.447784
96 96 0.511531
96 96 0.484529
93 93 0.63273
80 80 0.802756
103 103 0.330321
84 84 0.385261
88 88 0.315072
89 89 0.350288
98 98 0.593688
99 99 0.682105
100 100 0.336817
99 99 0.628298
86 86 0.322882
87 87 0.455757
102 102 0.389479
85 85 0.790293
92 92 0.425377
100 100 0.365809
96 96 0.459157
87 87 0.456852
86 86 0.456632
95 95 0.377084
96 96 0.344434
99 99 0.642942
95 95 0.379325
100 100 0.3424
94 94 0.574074
78 78 0.359299
104 104 0.356898
90 90 0.356713
84 84 0.324234
86 86 0.348239
84 84 0.314
89 89 0.341731
85 85 0.419182
95 95 0.394273
81 81 0.308717
85 85 0.50635
87 87 0.59724
104 104 0.342238
81 81 0.360372
101 101 0.794902
94 94 0.536823
104 104 0.381533
93 93 0.613254
103 103 0.32513
82 82 0.436127
89 89 0.436407
89 89 0.346004
96 96 0.343357
98 98 0.721634
87 87 0.509113
99 99 0.625365
96 96 0.761268
94 94 0.631382
88 88 0.294145
95 95 0.355751
100 100 0.350654
95 95 0.383433
95 95 0.353663
97 97 0.907871
82 82 0.362652
92 92 0.544711
87 87 0.563169
93 93 0.494949
85 85 0.79054
102 102 0.311737
96 96 0.443752
91 91 0.35987
101 101 0.594004
104 104 0.376772
92 92 0.454334
100 100 0.340608
82 82 0.36796
99 99 0.614434
91 91 0.671189
102 102 0.315598
92 92 0.452439
97 97 1.03707
91 91 0.473565
103 103 0.32657
81 81 0.337093
101 101 0.554149
83 83 0.314999
91 91 0.460228
86 86 0.297855
101 101 0.534074
96 96 0.411784
96 96 0.541646
89 89 0.369976
102 102 0.318294
101 101 0.554756
82 82 0.363552
97 97 1.08574
101 101 0.415183
86 86 0.3
78 78 0.764066
86 86 0.304494
92 92 0.44339
78 78 0.649074
82 82 0.370321
81 81 0.338382
94 94 0.440241
88 88 0.332459
99 99 0.672888
103 103 0.334148
103 103 0.324362
97 97 0.717979
85 85 0.572389
98 98 0.693167
96 96 0.496432
91 91 0.396483
101 101 0.551182
94 94 0.534076
104 104 0.33874
84 84 0.378786
103 103 0.329793
81 81 0.335086
95 95 0.366262
89 89 0.364651
103 103 0.343707
94 94 0.591214
86 86 0.454458
100 100 0.349563
104 104 0.333884
89 89 0.346115
102 102 0.324617
81 81 0.338297
91 91 0.423083
92 92 0.39359
97 97 1.05566
98 98 0.748355
88 88 0.311541
89 89 0.445481
96 96 0.426248
101 101 0.551679
100 100 0.340147
93 93 0.66509
97 97 0.85306
81 81 0.304109
87 87 0.434522
104 104 0.306323
93 93 0.69509
94 94 0.65149
81 81 0.335708
95 95 0.387414
100 100 0.341814
94 94 0.579491
78 78 0.388765
81 81 0.407347
100 100 0.336774
80 80 0.64825
98 98 0.674873
94 94 0.576312
98 98 0.781412
94 94 0.590362
88 88 0.320124
89 89 0.355441
90 90 0.358531
94 94 0.623552
98 98 0.631815
79 79 0.340927
88 88 0.309459
85 85 0.783297
103 103 0.329307
102 102 0.382357
102 102 0.321207
86 86 0.315942
100 100 0.3391
99 99 0.667827
84 84 0.318059
95 95 0.391864
102 102 0.378137
96 96 0.439338
92 92 0.566677
82 82 0.367736
89 89 0.365663
104 104 0.335372
89 89 0.359373
87 87 0.578413
98 98 0.793238
78 78 0.739569
97 97 0.451441
86 86 0.312924
93 93 0.697289
94 94 0.644944
99 99 0.647822
89 89 0.339327
88 88 0.298443
95 95 0.379543
93 93 0.687848
83 83 0.306925
91 91 0.660474
97 97 0.970125
93 93 0.551957
81 81 0.336251
100 100 0.343227
78 78 0.365325
85 85 0.550427
86 86 0.4205
100 100 0.335063
97 97 0.688957
82 82 0.75087
82 82 0.360951
90 90 0.346613
95 95 0.374815
101 101 0.535347
84 84 0.338563
92 92 0.391518
103 103 0.343707
98 98 0.738839
99 99 0.642137
95 95 0.380927
78 78 0.655039
98 98 0.763632
85 85 0.766351
91 91 0.488134
96 96 0.497837
99 99 0.661932
94 94 0.600823
83 83 0.333993
91 91 0.486514
101 101 0.430629
91 91 0.402787
94 94 0.615573
82 82 0.427196
79 79 0.410818
83 83 0.311416
102 102 0.32133
91 91 0.454814
102 102 0.364607
97 97 0.901465
99 99 0.623962
93 93 0.53802
96 96 0.431419
92 92 0.605694
87 87 0.580926
90 90 0.411537
87 87 0.499412
103 103 0.323675
83 83 0.319512
82 82 0.371799
94 94 0.463017
78 78 0.64139
83 83 0.305759
94 94 0.549614
86 86 0.305554
98 98 0.786538
90 90 0.403982
92 92 0.425408
92 92 0.456322
103 103 0.33885
104 104 0.330211
83 83 0.306222
101 101 0.798823
104 104 0.330313
91 91 0.500565
97 97 0.744414
93 93 0.538341
103 103 0.3643
94 94 0.643746
86 86 0.304494
89 89 0.353763
80 80 0.656603
87 87 0.507187
82 82 0.370249
96 96 0.343088
89 89 0.364536
90 90 0.336451
81 81 0.319078
89 89 0.357742
85 85 0.788042
95 95 0.379356
102 102 0.320622
85 85 0.560318
91 91 0.487991
87 87 0.480896
96 96 0.458011
90 90 0.355652
89 89 0.369168
90 90 0.433288
100 100 0.347715
85 85 0.664731
85 85 0.785473
95 95 0.375673
82 82 0.407957
89 89 0.356846
88 88 0.305744
86 86 0.293172
84 84 0.384242
90 90 0.356988
96 96 0.573041
90 90 0.382089
96 96 0.466017
93 93 0.627806
98 98 0.738132
87 87 0.524569
84 84 0.307236
93 93 0.643804
87 87 0.49469
93 93 0.488416
86 86 0.307118
89 89 0.339327
85 85 0.49211
90 90 0.40291
97 97 0.770677
100 100 0.347615
99 99 0.642354
91 91 0.463109
99 99 0.621615
95 95 0.35465
87 87 0.52386
89 89 0.359042
84 84 0.308574
83 83 0.326677
96 96 0.508921
90 90 0.39689
100 100 0.354633
89 89 0.373447
91 91 0.394058
98 98 0.748769
80 80 0.709312
95 95 0.343149
83 83 0.311992
99 99 0.629417
81 81 0.337403
82 82 0.360856
89 89 0.359977
99 99 0.637428
83 83 0.302048
84 84 0.318157
82 82 0.366861
79 79 0.319601
86 86 0.460184
88 88 0.313979
96 96 0.496592
86 86 0.36931
82 82 0.389833
88 88 0.304847
85 85 0.75209
81 81 0.32774
88 88 0.298852
84 84 0.320432
101 101 0.631706
101 101 0.601592
99 99 0.678323
86 86 0.325029
100 100 0.323129
100 100 0.340343
89 89 0.364064
84 84 0.374638
93 93 0.588818
96 96 0.434681
80 80 0.646399
86 86 0.452476
102 102 0.38759
80 80 0.592201
85 85 0.503982
82 82 0.368817
103 103 0.30499
96 96 0.793341
81 81 0.335285
88 88 0.313613
88 88 0.306976
101 101 0.552151
91 91 0.477397
101 101 0.556066
101 101 0.464113
86 86 0.402974
97 97 0.733436
100 100 0.342434
86 86 0.311128
87 87 0.525363
89 89 0.350689
104 104 0.356164
78 78 0.690439
96 96 0.566029
84 84 0.330033
82 82 0.373377
80 80 0.722566
91 91 0.431497
81 81 0.338141
103 103 0.321112
89 89 0.340134
101 101 0.446686
81 81 0.337379
92 92 0.325361
85 85 0.649784
83 83 0.302841
81 81 0.33631
93 93 0.48841
102 102 0.33534
89 89 0.36142
96 96 0.436304
104 104 0.319896
98 98 0.641135
88 88 0.318863
93 93 0.501736
95 95 0.385796
101 101 0.609704
95 95 0.389839
90 90 0.417938
102 102 0.354603
94 94 0.571418
102 102 0.360073
91 91 0.459716
81 81 0.312531
84 84 0.452828
87 87 0.519667
95 95 0.386427
88 88 0.319881
103 103 0.322141
95 95 0.388898
98 98 0.776862
100 100 0.340421
89 89 0.358708
87 87 0.462859
84 84 0.351433
81 81 0.335557
100 100 0.353629
92 92 0.37291
90 90 0.396952
94 94 0.573105
89 89 0.344054
90 90 0.418566
84 84 0.439464
94 94 0.594101
87 87 0.54938
103 103 0.320311
95 95 0.371167
101 101 0.553933
91 91 0.482198
104 104 0.335302
96 96 0.4254
86 86 0.301172
93 93 0.583842
83 83 0.295459
97 97 0.690999
96 96 0.584315
102 102 0.339073
86 86 0.304818
86 86 0.330735
88 88 0.329495
85 85 0.775718
81 81 0.336036
90 90 0.440094
97 97 1.08252
101 101 0.552056
104 104 0.334493
95 95 0.386571
89 89 0.344054
85 85 0.668254
86 86 0.311959
87 87 0.502122
98 98 0.595422
81 81 0.382496
90 90 0.364547
101 101 0.565861
93 93 0.722952
81 81 0.334796
81 81 0.299453
102 102 0.308215
87 87 0.655183
99 99 0.647613
86 86 0.311409
88 88 0.307142
94 94 0.586356
101 101 0.657852
104 104 0.333825
86 86 0.323733
103 103 0.330339
89 89 0.357482
99 99 0.659662
91 91 0.370659
97 97 0.893757
84 84 0.352964
97 97 1.01183
80 80 0.71624
94 94 0.836579
97 97 0.732913
103 103 0.322667
96 96 0.503389
82 82 0.371662
87 87 0.529621
99 99 0.677133
93 93 0.495463
96 96 0.384757
93 93 0.585478
95 95 0.385537
83 83 0.302333
84 84 0.431275
82 82 0.367797
86 86 0.31088
99 99 0.712586
95 95 0.34915
87 87 0.398389
97 97 0.735712
82 82 0.374384
82 82 0.387459
100 100 0.337945
101 101 0.554172
86 86 0.314805
96 96 0.546685
84 84 0.302937
88 88 0.327338
98 98 0.768197
98 98 0.783212
85 85 0.590319
102 102 0.304695
84 84 0.306866
95 95 0.37643
103 103 0.32857
104 104 0.3221
82 82 0.360448
94 94 0.58664
87 87 0.567472
83 83 0.288773
96 96 0.445389
81 81 0.336844
81 81 0.323852
104 104 0.344139
83 83 0.328369
81 81 0.306212
92 92 0.60022
104 104 0.321249
99 99 0.659945
102 102 0.369387
89 89 0.362412
92 92 0.509613
81 81 0.302329
94 94 0.478
96 96 0.47059
99 99 0.75757
84 84 0.335113
103 103 0.325734
83 83 0.303136
102 102 0.383281
81 81 0.335086
90 90 0.340491
86 86 0.306054
94 94 0.585352
100 100 0.34085
81 81 0.370726
96 96 0.576017
91 91 0.455228
86 86 0.303243
86 86 0.456178
88 88 0.299526
81 81 0.330971
89 89 0.371043
83 83 0.29929
94 94 0.550676
102 102 0.325064
97 97 0.938036
101 101 0.703554
104 104 0.33743
104 104 0.360916
85 85 0.695919
93 93 0.510069
87 87 0.616276
96 96 0.782738
87 87 0.486566
90 90 0.416334
89 89 0.349426
83 83 0.299265
83 83 0.302471
82 82 0.373874
90 90 0.418734
99 99 0.646043
102 102 0.31755
104 104 0.335668
102 102 0.33772
102 102 0.361647
104 104 0.349548
87 87 0.374002
85 85 0.775246
88 88 0.306112
87 87 0.445706
91 91 0.773987
100 100 0.349247
81 81 0.32564
87 87 0.547008
97 97 0.741457
98 98 0.771815
98 98 0.764988
92 92 0.32835
101 101 0.565067
88 88 0.327813
83 83 0.319705
104 104 0.375939
86 86 0.316868
91 91 0.482201
89 89 0.363899
81 81 0.334846
102 102 0.309677
90 90 0.3803
95 95 0.360847
100 100 0.341824
84 84 0.278515
88 88 0.311996
88 88 0.302437
103 103 0.330017
98 98 0.763088
88 88 0.317807
98 98 0.772004
96 96 0.432037
102 102 0.321461
83 83 0.303601
83 83 0.314341
98 98 0.727317
84 84 0.450785
99 99 0.641987
101 101 0.543806
99 99 0.665283
96 96 0.482244
101 101 0.631729
96 96 0.37501
94 94 0.582808
83 83 0.291425
88 88 0.315275
84 84 0.415481
88 88 0.319552
103 103 0.309145
84 84 0.344597
95 95 0.363272
93 93 0.58472
84 84 0.333849
101 101 0.799758
79 79 0.419206
94 94 0.394951
97 97 1.05581
93 93 0.555664
82 82 0.365736
90 90 0.432816
87 87 0.595914
103 103 0.322478
92 92 0.353179
95 95 0.34496
82 82 0.391871
90 90 0.346974
96 96 0.733101
84 84 0.337466
90 90 0.350292
102 102 0.351739
88 88 0.322166
89 89 0.356575
103 103 0.327733
87 87 0.430147
104 104 0.333706
91 91 0.480947
80 80 0.643925
100 100 0.34473
94 94 0.642383
85 85 0.417361
92 92 0.454128
78 78 0.341877
92 92 0.388374
101 101 0.608685
102 102 0.324365
86 86 0.302626
99 99 0.646602
92 92 0.473133
84 84 0.392704
102 102 0.38716
95 95 0.385218
88 88 0.312855
82 82 0.390784
86 86 0.306054
78 78 0.601088
82 82 0.376322
85 85 0.785961
102 102 0.373224
88 88 0.310006
99 99 0.640304
85 85 0.700198
104 104 0.339367
96 96 0.612298
99 99 0.700363
104 104 0.343964
91 91 0.459331
98 98 0.581083
98 98 0.591654
94 94 0.661784
96 96 0.436484
84 84 0.362513
81 81 0.502703
89 89 0.352842
102 102 0.312999
95 95 0.384334
91 91 0.758636
87 87 0.485089
90 90 0.351576
85 85 0.75209
85 85 0.655406
104 104 0.443464
99 99 0.684109
81 81 0.356919
102 102 0.327829
94 94 0.518614
81 81 0.309576
101 101 0.804337
104 104 0.340214
84 84 0.392471
87 87 0.576526
85 85 0.643414
91 91 0.687403
98 98 0.745627
84 84 0.288403
84 84 0.432493
100 100 0.344333
83 83 0.297149
93 93 0.598619
92 92 0.510436
102 102 0.315062
93 93 0.533578
102 102 0.321063
86 86 0.299423
83 83 0.304547
90 90 0.360529
95 95 0.37542
103 103 0.326478
81 81 0.388425
84 84 0.307494
91 91 0.674975
84 84 0.327096
91 91 0.6319
81 81 0.304748
82 82 0.384561
97 97 0.728004
88 88 0.312149
91 91 0.387133
87 87 0.477229
98 98 0.756173
81 81 0.335729
97 97 0.682743
104 104 0.314717
103 103 0.318698
102 102 0.3369
101 101 0.566465
92 92 0.571773
81 81 0.411427
102 102 0.344377
90 90 0.333412
91 91 0.681184
89 89 0.350595
100 100 0.346149
84 84 0.395782
103 103 0.331208
89 89 0.362506
91 91 0.400728
103 103 0.328522
93 93 0.714257
94 94 0.813898
86 86 0.325317
82 82 0.375244
89 89 0.355586
85 85 0.777412
89 89 0.361988
87 87 0.54938
95 95 0.379229
100 100 0.338828
90 90 0.429767
98 98 0.66651
97 97 1.07876
96 96 0.454669
79 79 0.271932
84 84 0.447153
96 96 0.505686
93 93 0.621191
91 91 0.601717
89 89 0.369841
87 87 0.48734
102 102 0.457114
101 101 0.796044
104 104 0.327667
94 94 0.500608
91 91 0.373895
93 93 0.651026
80 80 1.11829
91 91 0.560531
84 84 0.417788
91 91 0.574217
82 82 0.374304
102 102 0.335012
94 94 0.610205
104 104 0.325771
100 100 0.336114
87 87 0.437074
102 102 0.320405
99 99 0.643765
96 96 0.47059
96 96 0.50199
78 78 0.373938
90 90 0.329814
86 86 0.400467
88 88 0.307046
103 103 0.319021
102 102 0.382875
87 87 0.56085
85 85 0.404115
84 84 0.310421
84 84 0.324828
99 99 0.596584
102 102 0.373262
84 84 0.334197
96 96 0.694964
103 103 0.32195
85 85 0.687901
101 101 0.586492
103 103 0.363228
81 81 0.301613
97 97 0.793259
94 94 0.651942
90 90 0.359112
82 82 0.366649
93 93 0.586353
83 83 0.29973
87 87 0.443973
101 101 0.552544
88 88 0.332805
97 97 0.862358
82 82 0.373817
100 100 0.343914
86 86 0.310838
97 97 0.985668
84 84 0.322557
84 84 0.404469
82 82 0.399645
87 87 0.479495
103 103 0.31102
80 80 1.1012
99 99 0.615792
86 86 0.311737
95 95 0.384753
89 89 0.356002
97 97 0.823538
99 99 0.646595
98 98 0.589995
84 84 0.346865
83 83 0.335553
93 93 0.490592
87 87 0.483876
90 90 0.409634
84 84 0.299144
85 85 0.685936
85 85 0.412572
104 104 0.436749
82 82 0.366887
90 90 0.398797
83 83 0.384364
87 87 0.567432
94 94 0.672737
79 79 0.264354
100 100 0.345834
102 102 0.308635
99 99 0.679623
104 104 0.343472
99 99 0.7595
90 90 0.34293
87 87 0.583482
94 94 0.611593
81 81 0.434259
94 94 0.624551
90 90 0.404814
99 99 0.609847
100 100 0.338468
101 101 0.627137
96 96 0.446167
91 91 0.480301
81 81 0.390067
86 86 0.293103
88 88 0.306225
93 93 0.619571
88 88 0.310479
89 89 0.354442
91 91 0.66799
100 100 0.337962
82 82 0.624206
83 83 0.319571
97 97 0.733931
97 97 0.746471
88 88 0.323077
85 85 0.769207
98 98 0.766576
103 103 0.328139
83 83 0.296966
103 103 0.326096
103 103 0.33101
87 87 0.609981
99 99 0.64211
102 102 0.321044
103 103 0.339835
81 81 0.305364
101 101 0.45264
88 88 0.309223
99 99 0.644326
89 89 0.358683
83 83 0.301325
83 83 0.312712
88 88 0.382131
86 86 0.298141
90 90 0.352779
92 92 0.392818
83 83 0.297256
97 97 0.725093
90 90 0.404295
81 81 0.303865
91 91 0.480188
98 98 0.755033
99 99 0.642179
97 97 0.780141
80 80 0.590176
90 90 0.355652
91 91 0.431495
88 88 0.317545
93 93 0.66871
79 79 0.313167
82 82 0.41321
104 104 0.382162
104 104 0.335372
91 91 0.394429
92 92 0.454418
90 90 0.358066
91 91 0.47543
85 85 0.64032
95 95 0.362114
81 81 0.302725
87 87 0.575327
85 85 0.785121
104 104 0.324455
102 102 0.311738
86 86 0.394559
78 78 0.388682
88 88 0.316098
98 98 0.733789
97 97 0.7619
84 84 0.430558
94 94 0.574204
92 92 0.342388
85 85 0.606033
98 98 0.782057
83 83 0.297609
84 84 0.352863
93 93 0.646369
82 82 0.432838
90 90 0.409647
103 103 0.321324
81 81 0.332372
91 91 0.354326
92 92 0.344042
95 95 0.383433
102 102 0.328448
97 97 0.846474
91 91 0.475992
81 81 0.328896
100 100 0.339131
93 93 0.596792
87 87 0.563814
102 102 0.310896
83 83 0.299386
90 90 0.331031
97 97 0.740881
87 87 0.539048
101 101 0.794528
84 84 0.318316
103 103 0.331146
104 104 0.335576
103 103 0.323381
86 86 0.309517
85 85 0.573424
98 98 0.77123
82 82 0.490356
83 83 0.310753
85 85 0.66989
98 98 0.619396
86 86 0.30432
104 104 0.336532
101 101 0.554172
85 85 0.549103
87 87 0.49469
92 92 0.563969
83 83 0.30939
104 104 0.340099
82 82 0.409179
85 85 0.669368
83 83 0.310864
85 85 0.638767
101 101 0.551035
84 84 0.31034
97 97 0.973176
89 89 0.369551
85 85 0.782969
99 99 0.633133
91 91 0.450037
100 100 0.341364
85 85 0.783642
101 101 0.58125
97 97 0.750924
96 96 0.446112
88 88 0.315935
97 97 0.750648
99 99 0.614858
84 84 0.29385
90 90 0.345976
85 85 0.654029
98 98 0.746086
104 104 0.324733
88 88 0.310992
90 90 0.429033
89 89 0.348345
104 104 0.343441
101 101 0.589869
104 104 0.325355
91 91 0.483555
93 93 0.532645
102 102 0.341279
101 101 0.501241
100 100 0.345425
84 84 0.306363
83 83 0.294945
95 95 0.360087
103 103 0.325091
85 85 0.774673
82 82 0.362418
83 83 0.305145
100 100 0.365445
103 103 0.333613
104 104 0.341593
89 89 0.349812
103 103 0.331263
84 84 0.329486
103 103 0.335074
95 95 0.340562
91 91 0.655691
96 96 0.459157
94 94 0.567386
83 83 0.304608
87 87 0.568205
86 86 0.468008
98 98 0.70604
96 96 0.353522
81 81 0.301586
95 95 0.380857
87 87 0.40957
92 92 0.381873
102 102 0.371114
91 91 0.579016
99 99 0.639024
96 96 0.529033
100 100 0.349541
86 86 0.293103
104 104 0.326915
81 81 0.333089
88 88 0.312964
102 102 0.317172
86 86 0.314943
93 93 0.559412
90 90 0.346395
93 93 0.404129
91 91 0.707086
86 86 0.302915
100 100 0.345832
100 100 0.341953
82 82 0.372588
90 90 0.412688
82 82 0.414629
104 104 0.352812
102 102 0.308104
92 92 0.631214
87 87 0.632583
91 91 0.462861
100 100 0.355461
88 88 0.319821
96 96 0.430782
97 97 0.731947
102 102 0.380133
89 89 0.369374
86 86 0.317633
82 82 0.368766
85 85 0.770899
87 87 0.57184
91 91 0.424907
102 102 0.36074
92 92 0.387676
92 92 0.575546
86 86 0.456504
104 104 0.386751
101 101 0.756131
83 83 0.298087
90 90 0.347605
104 104 0.339847
100 100 0.36534
103 103 0.345889
100 100 0.352156
80 80 0.655728
99 99 0.652899
97 97 0.976169
94 94 0.594266
98 98 0.695166
78 78 0.754755
94 94 0.392417
98 98 0.763595
83 83 0.315334
90 90 0.427811
93 93 0.755067
97 97 0.749778
97 97 0.741323
87 87 0.553147
103 103 0.335166
87 87 0.523566
83 83 0.328419
95 95 0.375749
87 87 0.574396
85 85 0.602745
94 94 0.562218
93 93 0.604229
103 103 0.342678
104 104 0.319458
90 90 0.345123
82 82 0.41071
93 93 0.568476
97 97 0.7412
87 87 0.482812
99 99 0.664027
93 93 0.678339
88 88 0.333111
101 101 0.541766
91 91 0.450353
98 98 0.748761
96 96 0.410751
85 85 0.678324
86 86 0.301432
102 102 0.3068
97 97 0.737585
84 84 0.307217
85 85 0.693643
100 100 0.344222
104 104 0.349172
78 78 0.679295
104 104 0.331153
104 104 0.341485
85 85 0.448712
89 89 0.340099
102 102 0.327295
94 94 0.54788
93 93 0.685719
103 103 0.330681
98 98 0.65512
85 85 0.767174
91 91 0.467284
104 104 0.321153
87 87 0.58014
91 91 0.488265
92 92 0.498267
99 99 0.611311
85 85 0.410146
89 89 0.357478
95 95 0.371614
84 84 0.313029
104 104 0.339386
83 83 0.306058
94 94 0.56555
93 93 0.735827
104 104 0.384705
98 98 0.766862
104 104 0.443582
98 98 0.701156
84 84 0.441466
89 89 0.370966
98 98 0.761422
100 100 0.344622
90 90 0.414121
89 89 0.341483
103 103 0.333822
85 85 0.785168
81 81 0.333464
99 99 0.641613
101 101 0.799697
92 92 0.493424
95 95 0.353858
101 101 0.609141
87 87 0.4492
85 85 0.675243
83 83 0.323678
96 96 0.784344
87 87 0.605279
82 82 0.36824
83 83 0.304346
91 91 0.575024
99 99 0.613526
93 93 0.411497
81 81 0.35358
94 94 0.625374
93 93 0.572101
90 90 0.435923
86 86 0.321526
93 93 0.519867
100 100 0.33945
82 82 0.341421
95 95 0.371229
97 97 0.74514
100 100 0.36086
82 82 0.397549
95 95 0.389597
97 97 0.739072
101 101 0.550664
104 104 0.334714
104 104 0.315378
99 99 0.75369
102 102 0.322292
83 83 0.305551
92 92 0.373402
80 80 0.804239
98 98 0.790353
95 95 0.381337
88 88 0.325004
97 97 0.987116
99 99 0.642354
86 86 0.306941
87 87 0.438382
104 104 0.345808
96 96 0.767825
93 93 0.402891
84 84 0.353011
88 88 0.316741
100 100 0.35246
91 91 0.553024
104 104 0.367406
101 101 0.555602
86 86 0.437478
85 85 0.402322
81 81 0.396188
102 102 0.328241
80 80 0.770409
82 82 0.642572
93 93 0.597213
90 90 0.359775
91 91 0.57573
102 102 0.338654
82 82 0.372814
88 88 0.317541
99 99 0.643924
86 86 0.305421
99 99 0.640458
96 96 0.398778
85 85 0.452247
97 97 0.696332
87 87 0.558002
89 89 0.365417
87 87 0.539239
84 84 0.391001
88 88 0.310821
87 87 0.615869
93 93 0.566898
89 89 0.358474
85 85 0.784538
93 93 0.679818
83 83 0.293761
80 80 0.589521
103 103 0.326717
84 84 0.311174
86 86 0.306005
90 90 0.442316
94 94 0.500608
101 101 0.624429
78 78 0.680126
94 94 0.675567
95 95 0.387247
81 81 0.314632
102 102 0.329129
86 86 0.458222
87 87 0.601785
98 98 0.746086
84 84 0.352101
100 100 0.349622
98 98 0.771922
90 90 0.419081
98 98 0.760263
103 103 0.31767
81 81 0.33608
97 97 0.952675
99 99 0.640703
102 102 0.320928
100 100 0.350248
85 85 0.482675
87 87 0.476223
95 95 0.359034
88 88 0.315131
98 98 0.657244
94 94 0.594658
79 79 0.262201
90 90 0.425748
81 81 0.329905
83 83 0.32586
99 99 0.632939
96 96 0.714189
93 93 0.623088
86 86 0.313597
81 81 0.324398
85 85 0.693978
78 78 0.331974
94 94 0.699943
97 97 0.659477
104 104 0.31478
79 79 0.392229
99 99 0.684702
103 103 0.316243
92 92 0.404165
96 96 0.445181
88 88 0.327338
84 84 0.331777
96 96 0.592986
103 103 0.326545
84 84 0.345813
97 97 1.07499
103 103 0.32722
93 93 0.7258
95 95 0.391138
96 96 0.388909
84 84 0.324836
98 98 0.734911
101 101 0.764822
100 100 0.340547
104 104 0.328998
94 94 0.626811
100 100 0.352267
86 86 0.30589
95 95 0.389597
91 91 0.631211
98 98 0.786878
88 88 0.311968
91 91 0.462775
86 86 0.310489
81 81 0.340811
90 90 0.385036
102 102 0.347541
97 97 1.07803
95 95 0.378146
86 86 0.419431
93 93 0.659978
102 102 0.314103
95 95 0.342267
82 82 0.376584
100 100 0.342086
84 84 0.411279
102 102 0.335429
102 102 0.370224
94 94 0.603532
84 84 0.304193
95 95 0.382979
81 81 0.307632
104 104 0.327263
91 91 0.680695
88 88 0.320375
97 97 0.736451
88 88 0.340828
93 93 0.749712
80 80 0.793991
90 90 0.33799
82 82 0.374746
100 100 0.34597
101 101 0.593178
101 101 0.555269
98 98 0.698285
95 95 0.372646
96 96 0.48708
94 94 0.583969
104 104 0.348076
93 93 0.710959
84 84 0.312207
96 96 0.534042
79 79 0.417228
81 81 0.499962
85 85 0.783808
91 91 0.474328
92 92 0.387468
88 88 0.284679
88 88 0.320124
80 80 0.694925
86 86 0.411501
95 95 0.383201
97 97 0.746168
90 90 0.347694
89 89 0.35945
99 99 0.757326
92 92 0.392403
81 81 0.302721
89 89 0.365655
101 101 0.625792
103 103 0.30954
88 88 0.325408
87 87 0.588878
90 90 0.347879
90 90 0.40545
82 82 0.427196
90 90 0.419669
99 99 0.645746
93 93 0.545783
87 87 0.544121
94 94 0.575731
98 98 0.744339
98 98 0.7613
97 97 0.750454
97 97 1.0446
94 94 0.552337
81 81 0.302254
103 103 0.322202
85 85 0.67182
103 103 0.344098
103 103 0.334978
84 84 0.331812
95 95 0.374271
94 94 0.56454
87 87 0.73747
80 80 0.666916
102 102 0.31226
94 94 0.849712
95 95 0.407973
90 90 0.428139
93 93 0.598742
93 93 0.598742
98 98 0.670601
89 89 0.362736
86 86 0.292758
82 82 0.363262
78 78 0.536174
93 93 0.449839
91 91 0.633128
94 94 0.588022
104 104 0.336278
94 94 0.571685
89 89 0.371355
93 93 0.528088
82 82 0.391253
81 81 0.332323
91 91 0.485303
104 104 0.336928
100 100 0.351962
92 92 0.388374
81 81 0.305904
102 102 0.339507
94 94 0.558246
95 95 0.356613
86 86 0.325871
89 89 0.344061
104 104 0.339189
95 95 0.388479
90 90 0.406054
99 99 0.656334
78 78 0.406032
99 99 0.634348
103 103 0.32967
89 89 0.344604
88 88 0.326432
80 80 0.912116
94 94 0.656163
88 88 0.331989
85 85 0.495057
90 90 0.40425
88 88 0.348412
83 83 0.324954
87 87 0.427244
94 94 0.62122
94 94 0.454603
89 89 0.362216
85 85 0.656363
94 94 0.618551
90 90 0.357824
83 83 0.307667
95 95 0.363596
99 99 0.607842
94 94 0.577033
96 96 0.487565
96 96 0.443128
84 84 0.307436
87 87 0.398135
88 88 0.312915
102 102 0.319582
87 87 0.47023
85 85 0.661397
90 90 0.355358
97 97 0.728266
102 102 0.32323
98 98 0.639629
101 101 0.431316
92 92 0.342461
94 94 0.595338
95 95 0.353723
99 99 0.710117
82 82 0.454048
95 95 0.360399
92 92 0.412297
104 104 0.354455
88 88 0.358041
104 104 0.340785
99 99 0.755254
86 86 0.303956
86 86 0.455488
92 92 0.421128
92 92 0.345415
100 100 0.345248
87 87 0.436597
92 92 0.530035
96 96 0.547098
84 84 0.308228
90 90 0.353477
81 81 0.34028
83 83 0.293748
86 86 0.301287
84 84 0.370823
89 89 0.369449
84 84 0.441649
95 95 0.379714
86 86 0.313666
88 88 0.333346
88 88 0.317838
82 82 0.365574
95 95 0.365901
102 102 0.311658
90 90 0.32861
98 98 0.639067
96 96 0.433327
96 96 0.499771
102 102 0.314094
97 97 0.751027
89 89 0.371702
89 89 0.355276
92 92 0.38996
89 89 0.346016
94 94 0.643844
81 81 0.33384
93 93 0.7419
101 101 0.394942
87 87 0.562353
87 87 0.577836
93 93 0.527151
102 102 0.325161
99 99 0.658833
102 102 0.311696
85 85 0.435283
94 94 0.604369
89 89 0.358548
104 104 0.309253
86 86 0.390897
99 99 0.630776
91 91 0.354326
96 96 0.37194
102 102 0.34961
91 91 0.423756
103 103 0.348361
80 80 0.685326
96 96 0.481504
81 81 0.322223
88 88 0.310432
87 87 0.573206
88 88 0.294623
85 85 0.42829
90 90 0.356498
100 100 0.351075
101 101 0.798706
101 101 0.45415
99 99 0.54269
97 97 1.00316
94 94 0.604264
104 104 0.356722
99 99 0.634348
90 90 0.351157
92 92 0.332292
89 89 0.363859
99 99 0.648284
89 89 0.353726
82 82 0.377329
100 100 0.33458
99 99 0.65088
81 81 0.333501
81 81 0.49024
87 87 0.41489
81 81 0.325064
95 95 0.380587
98 98 0.72167
101 101 0.485485
86 86 0.301359
88 88 0.315581
99 99 0.652159
101 101 0.562175
87 87 0.489884
81 81 0.337281
90 90 0.344483
88 88 0.308432
95 95 0.36476
91 91 0.419832
94 94 0.688959
90 90 0.366802
99 99 0.638508
101 101 0.79907
100 100 0.337928
87 87 0.584401
81 81 0.335976
103 103 0.347787
92 92 0.452927
81 81 0.424654
86 86 0.303595
91 91 0.475855
94 94 0.555546
87 87 0.401785
83 83 0.30074
99 99 0.632044
81 81 0.320571
89 89 0.368772
98 98 0.616101
100 100 0.345429
92 92 0.395538
92 92 0.490138
87 87 0.413914
86 86 0.382261
87 87 0.573694
102 102 0.32355
86 86 0.298309
86 86 0.345642
89 89 0.347175
89 89 0.372868
86 86 0.373234
85 85 0.777455
99 99 0.611101
90 90 0.43271
93 93 0.631683
82 82 0.375037
83 83 0.322136
79 79 0.411306
104 104 0.339652
94 94 0.631925
85 85 0.718964
102 102 0.316269
89 89 0.348028
83 83 0.333694
100 100 0.342376
98 98 0.592503
100 100 0.323129
95 95 0.374033
82 82 0.362034
87 87 0.57964
89 89 0.348154
103 103 0.331182
84 84 0.318594
98 98 0.786757
87 87 0.556975
95 95 0.374351
90 90 0.432132
104 104 0.327116
90 90 0.347465
83 83 0.298054
96 96 0.529837
100 100 0.346883
81 81 0.356696
97 97 0.841398
82 82 0.379559
98 98 0.66855
102 102 0.479882
103 103 0.330377
81 81 0.305986
91 91 0.463408
84 84 0.306583
81 81 0.338345
83 83 0.304277
97 97 0.744172
95 95 0.380648
88 88 0.315022
98 98 0.626554
94 94 0.560956
103 103 0.339677
101 101 0.552006
91 91 0.540353
88 88 0.310243
102 102 0.340925
89 89 0.331763
87 87 0.441877
103 103 0.333275
92 92 0.442211
85 85 0.671429
91 91 0.70164
95 95 0.36197
81 81 0.301648
81 81 0.334081
82 82 0.507153
92 92 0.385451
97 97 0.752691
82 82 0.387732
82 82 0.383803
84 84 0.407283
88 88 0.327338
89 89 0.367153
103 103 0.329578
95 95 0.346635
93 93 0.517731
96 96 0.391156
97 97 0.442335
100 100 0.347316
85 85 0.652993
94 94 0.770813
93 93 0.583523
96 96 0.397042
104 104 0.350367
85 85 0.783325
103 103 0.310943
78 78 0.347556
78 78 0.347556
93 93 0.552698
96 96 0.50111
97 97 0.732173
94 94 0.600823
93 93 0.656743
83 83 0.3294
103 103 0.343693
89 89 0.352656
90 90 0.351561
91 91 0.429078
94 94 0.615585
92 92 0.517424
90 90 0.444899
102 102 0.373017
84 84 0.296977
84 84 0.300212
98 98 0.767549
88 88 0.312976
98 98 0.593849
89 89 0.349344
102 102 0.327685
101 101 0.561104
102 102 0.436112
99 99 0.652821
95 95 0.372421
89 89 0.373511
92 92 0.555608
85 85 0.557417
89 89 0.351305
95 95 0.372304
87 87 0.593117
91 91 0.631725
81 81 0.337374
98 98 0.758518
98 98 0.766862
87 87 0.500274
91 91 0.597231
87 87 0.529525
83 83 0.326522
103 103 0.338336
84 84 0.316847
96 96 0.414586
100 100 0.35589
81 81 0.302715
92 92 0.539976
103 103 0.328684
88 88 0.308755
103 103 0.335494
88 88 0.316187
82 82 0.363042
96 96 0.544937
103 103 0.314936
90 90 0.355793
96 96 0.775397
87 87 0.477063
103 103 0.326752
92 92 0.420981
93 93 0.578475
100 100 0.357325
80 80 0.646423
88 88 0.317938
100 100 0.357445
89 89 0.349287
90 90 0.357079
88 88 0.34725
104 104 0.337653
89 89 0.357647
82 82 0.385251
103 103 0.343177
91 91 0.475354
84 84 0.440532
93 93 0.642065
104 104 0.313633
102 102 0.303385
98 98 0.776484
100 100 0.337153
81 81 0.312747
87 87 0.393972
81 81 0.304161
92 92 0.409026
92 92 0.385603
94 94 0.616654
94 94 0.558756
85 85 0.573658
86 86 0.458569
97 97 0.726845
88 88 0.309919
92 92 0.442863
81 81 0.305697
87 87 0.658095
96 96 0.450357
85 85 0.583119
92 92 0.603069
102 102 0.380499
93 93 0.639993
81 81 0.30443
86 86 0.315795
94 94 0.699943
88 88 0.314303
87 87 0.49545
96 96 0.409847
97 97 0.959662
84 84 0.314
84 84 0.363858
104 104 0.327525
92 92 0.433076
102 102 0.325839
103 103 0.327557
101 101 0.551899
98 98 0.758503
99 99 0.75757
95 95 0.38773
81 81 0.305287
86 86 0.314285
103 103 0.337253
102 102 0.316226
82 82 0.401088
88 88 0.3131
100 100 0.352713
98 98 0.772784
99 99 0.643469
90 90 0.404542
98 98 0.765904
96 96 0.537724
83 83 0.320434
85 85 0.692803
100 100 0.343386
94 94 0.384896
104 104 0.318609
84 84 0.359948
98 98 0.642116
99 99 0.612566
100 100 0.358833
102 102 0.33678
99 99 0.642462
89 89 0.351787
92 92 0.357848
94 94 0.556867
101 101 0.482347
96 96 0.511011
103 103 0.319739
79 79 0.251539
79 79 0.391551
90 90 0.362005
102 102 0.320527
97 97 0.699454
101 101 0.796888
89 89 0.34682
102 102 0.31443
102 102 0.324401
87 87 0.43838
97 97 0.79853
81 81 0.304414
101 101 0.546742
104 104 0.330295
88 88 0.333928
99 99 0.641254
90 90 0.329347
90 90 0.397695
100 100 0.359798
84 84 0.443433
86 86 0.341268
93 93 0.540076
82 82 0.343954
88 88 0.317598
99 99 0.732502
84 84 0.44306
104 104 0.345518
95 95 0.365389
101 101 0.469484
93 93 0.618865
92 92 0.56249
99 99 0.651927
102 102 0.316569
93 93 0.576567
95 95 0.385432
85 85 0.768761
81 81 0.350293
87 87 0.400703
83 83 0.301194
95 95 0.38674
92 92 0.418659
87 87 0.485279
93 93 0.67483
90 90 0.435745
102 102 0.308736
100 100 0.345964
82 82 0.371511
81 81 0.327806
92 92 0.616525
91 91 0.604358
99 99 0.638659
90 90 0.395679
104 104 0.334714
88 88 0.329535
97 97 1.04104
96 96 0.446093
88 88 0.309223
96 96 0.48763
90 90 0.364939
91 91 0.47986
78 78 0.552888
98 98 0.719909
89 89 0.35363
99 99 0.621872
90 90 0.34676
87 87 0.533953
97 97 0.865531
93 93 0.639282
86 86 0.460489
99 99 0.644945
94 94 0.603168
87 87 0.536181
101 101 0.623726
104 104 0.34149
92 92 0.544906
89 89 0.367284
78 78 0.41009
104 104 0.343605
87 87 0.559903
99 99 0.639133
99 99 0.622548
84 84 0.309331
91 91 0.482096
101 101 0.548815
101 101 0.479259
93 93 0.678339
99 99 0.647804
84 84 0.307595
102 102 0.309138
104 104 0.332387
91 91 0.634292
82 82 0.392836
98 98 0.673593
99 99 0.643535
87 87 0.575444
88 88 0.307685
91 91 0.481604
90 90 0.417265
101 101 0.798307
90 90 0.433026
89 89 0.347991
95 95 0.380022
94 94 0.657714
99 99 0.687804
81 81 0.30094
99 99 0.679371
100 100 0.351956
90 90 0.394137
92 92 0.456635
86 86 0.303314
99 99 0.687917
79 79 0.411434
91 91 0.401728
90 90 0.421217
79 79 0.260531
82 82 0.569124
92 92 0.454985
103 103 0.333472
101 101 0.551057
84 84 0.443579
99 99 0.728771
91 91 0.53195
81 81 0.304453
80 80 0.646399
90 90 0.406941
94 94 0.610205
103 103 0.319384
89 89 0.322052
83 83 0.323305
79 79 0.407453
82 82 0.364975
104 104 0.315239
92 92 0.329264
78 78 0.368804
95 95 0.339339
97 97 0.797731
81 81 0.394502
91 91 0.353705
86 86 0.299937
97 97 0.713164
92 92 0.390513
92 92 0.331065
96 96 0.435302
82 82 0.371307
92 92 0.379588
91 91 0.488495
104 104 0.340614
81 81 0.319557
83 83 0.326825
81 81 0.335597
91 91 0.488697
79 79 0.320214
96 96 0.47162
101 101 0.599005
83 83 0.296306
79 79 0.271246
104 104 0.345518
85 85 0.910621
103 103 0.326095
94 94 0.603972
81 81 0.299992
93 93 0.535104
84 84 0.310128
95 95 0.363742
97 97 0.852798
97 97 0.691614
98 98 0.694658
81 81 0.439126
104 104 0.335291
103 103 0.315867
94 94 0.624153
104 104 0.36564
82 82 0.379275
103 103 0.328074
98 98 0.761847
104 104 0.346732
95 95 0.385586
83 83 0.30145
103 103 0.345403
103 103 0.336804
89 89 0.368119
78 78 0.346406
101 101 0.559942
86 86 0.32141
86 86 0.316215
84 84 0.317498
95 95 0.34496
88 88 0.315569
96 96 0.772206
101 101 0.804136
82 82 0.427591
102 102 0.345866
83 83 0.322447
82 82 0.381373
90 90 0.404295
90 90 0.352902
104 104 0.319317
102 102 0.298056
82 82 0.371235
82 82 0.423503
83 83 0.304181
102 102 0.305687
95 95 0.361018
97 97 0.943722
95 95 0.360651
97 97 0.737351
96 96 0.56683
95 95 0.338939
96 96 0.53401
96 96 0.766935
98 98 0.705653
85 85 0.48231
97 97 0.897734
81 81 0.301294
93 93 0.476789
102 102 0.304372
101 101 0.516619
102 102 0.324617
98 98 0.784525
99 99 0.632044
87 87 0.573214
80 80 1.09792
100 100 0.3391
90 90 0.354669
85 85 0.73931
83 83 0.303653
102 102 0.315189
102 102 0.328758
93 93 0.487907
97 97 0.992225
86 86 0.297149
91 91 0.506613
90 90 0.410277
96 96 0.474211
98 98 0.798259
97 97 0.745144
84 84 0.311844
90 90 0.399632
87 87 0.411133
80 80 0.717984
103 103 0.32762
99 99 0.630681
96 96 0.527216
96 96 0.397068
85 85 0.656047
89 89 0.368164
92 92 0.602854
84 84 0.425123
101 101 0.584348
97 97 0.762337
100 100 0.365809
89 89 0.366903
87 87 0.483876
78 78 0.520791
85 85 0.686399
94 94 0.645443
89 89 0.349601
100 100 0.337588
93 93 0.607202
101 101 0.551093
95 95 0.389192
96 96 0.423524
90 90 0.414107
95 95 0.379661
79 79 0.368884
95 95 0.336055
102 102 0.340602
104 104 0.330345
95 95 0.360651
102 102 0.318247
91 91 0.473238
98 98 0.799039
85 85 0.713372
85 85 0.676787
83 83 0.298185
102 102 0.323241
83 83 0.30724
86 86 0.300853
103 103 0.318337
82 82 0.385238
101 101 0.594607
85 85 0.703356
93 93 0.609094
86 86 0.370605
82 82 0.6068
82 82 0.413601
100 100 0.339411
99 99 0.644226
101 101 0.55456
101 101 0.552978
103 103 0.31437
96 96 0.472887
90 90 0.326043
84 84 0.342725
82 82 0.359749
85 85 0.661397
89 89 0.332899
88 88 0.299936
100 100 0.363781
99 99 0.639886
91 91 0.423821
95 95 0.386932
80 80 0.725404
96 96 0.511531
83 83 0.304782
93 93 0.722286
96 96 0.463941
99 99 0.775195
86 86 0.309594
95 95 0.388949
90 90 0.425458
101 101 0.396513
101 101 0.551391
79 79 0.332206
96 96 0.763584
83 83 0.292372
92 92 0.331896
93 93 0.553512
96 96 0.761268
90 90 0.422177
103 103 0.321148
101 101 0.622103
84 84 0.310711
91 91 0.566039
98 98 0.76887
97 97 0.726418
94 94 0.595262
104 104 0.314252
101 101 0.546525
87 87 0.507107
103 103 0.32601
83 83 0.290345
93 93 0.644396
89 89 0.346334
97 97 0.913729
83 83 0.311238
85 85 0.786513
96 96 0.47015
85 85 0.783808
100 100 0.339721
91 91 0.46091
89 89 0.356709
86 86 0.312293
101 101 0.55064
90 90 0.348081
85 85 0.421256
84 84 0.380387
98 98 0.789041
92 92 0.545409
89 89 0.358765
96 96 0.474703
90 90 0.406054
88 88 0.292733
100 100 0.343713
94 94 0.679748
103 103 0.325714
101 101 0.585317
94 94 0.496275
94 94 0.666015
101 101 0.551824
89 89 0.34972
92 92 0.55438
99 99 0.64795
103 103 0.320985
89 89 0.362726
85 85 0.656199
104 104 0.330165
98 98 0.707144
91 91 0.472222
91 91 0.656876
88 88 0.31918
83 83 0.304963
99 99 0.639074
94 94 0.64061
99 99 0.738258
89 89 0.35614
83 83 0.306222
104 104 0.310964
83 83 0.325674
97 97 0.748916
98 98 0.781785
88 88 0.311996
92 92 0.424641
96 96 0.472887
82 82 0.364967
100 100 0.347316
82 82 0.387603
85 85 0.773546
91 91 0.358217
88 88 0.316399
102 102 0.333846
82 82 0.763585
104 104 0.442126
104 104 0.336694
88 88 0.315867
104 104 0.340326
103 103 0.318696
81 81 0.500068
91 91 0.611068
81 81 0.331178
84 84 0.310943
95 95 0.383145
93 93 0.686784
93 93 0.536748
83 83 0.311652
100 100 0.337277
83 83 0.314505
87 87 0.572352
87 87 0.511881
93 93 0.716334
100 100 0.348186
87 87 0.532764
93 93 0.546617
104 104 0.373042
84 84 0.351828
88 88 0.327094
97 97 0.73848
91 91 0.473648
101 101 0.800862
90 90 0.354958
101 101 0.554822
99 99 0.638153
95 95 0.386419
86 86 0.304386
89 89 0.424
94 94 0.690605
96 96 0.449355
104 104 0.341675
95 95 0.37251
92 92 0.530996
84 84 0.445883
91 91 0.79508
86 86 0.43726
103 103 0.328074
83 83 0.296306
93 93 0.463951
96 96 0.509844
100 100 0.335863
98 98 0.758503
85 85 0.619409
90 90 0.432131
84 84 0.435222
99 99 0.636289
85 85 0.577397
81 81 0.33673
104 104 0.343352
87 87 0.640348
85 85 0.623181
99 99 0.651775
89 89 0.369869
92 92 0.452581
81 81 0.302008
83 83 0.323164
90 90 0.409647
93 93 0.546805
91 91 0.376568
84 84 0.435027
89 89 0.341367
104 104 0.342351
84 84 0.301697
94 94 0.579707
95 95 0.363537
78 78 0.61649
83 83 0.312045
79 79 0.36671
94 94 0.573105
89 89 0.355192
83 83 0.319152
96 96 0.487555
86 86 0.306782
81 81 0.340282
96 96 0.462603
96 96 0.470631
83 83 0.314485
83 83 0.306434
100 100 0.343713
101 101 0.696965
101 101 0.60537
101 101 0.474958
84 84 0.390634
89 89 0.344969
88 88 0.312817
99 99 0.638646
94 94 0.561931
94 94 0.498004
85 85 0.754417
81 81 0.336569
98 98 0.759721
99 99 0.661599
93 93 0.559412
101 101 0.586686
95 95 0.374867
82 82 0.386506
93 93 0.625267
97 97 0.980212
92 92 0.41807
83 83 0.301446
86 86 0.298612
101 101 0.574613
90 90 0.356201
93 93 0.629717
92 92 0.367944
99 99 0.765326
98 98 0.596012
83 83 0.29715
87 87 0.567432
104 104 0.338966
82 82 0.361341
85 85 0.648955
92 92 0.528699
80 80 1.09529
91 91 0.540462
95 95 0.36992
102 102 0.337881
89 89 0.345796
85 85 0.685025
85 85 0.657863
102 102 0.374412
102 102 0.31227
96 96 0.481472
84 84 0.389751
103 103 0.328013
79 79 0.318834
93 93 0.71186
86 86 0.437478
103 103 0.316819
98 98 0.605441
95 95 0.370785
104 104 0.364689
91 91 0.398011
80 80 0.710054
104 104 0.319858
82 82 0.408332
88 88 0.302001
100 100 0.353317
91 91 0.621665
97 97 0.745517
81 81 0.329991
87 87 0.496951
78 78 0.387118
87 87 0.63438
90 90 0.374
88 88 0.306032
92 92 0.381098
99 99 0.665774
99 99 0.642462
90 90 0.374612
82 82 0.39758
82 82 0.36468
89 89 0.366602
90 90 0.35888
86 86 0.318692
83 83 0.317044
97 97 0.743995
92 92 0.441577
102 102 0.31951
81 81 0.299482
99 99 0.759844
81 81 0.336056
99 99 0.639265
98 98 0.758319
86 86 0.377
81 81 0.309853
86 86 0.298627
89 89 0.346661
81 81 0.347973
80 80 0.745718
100 100 0.35334
89 89 0.339346
104 104 0.348506
89 89 0.318496
100 100 0.35001
87 87 0.584538
102 102 0.320129
84 84 0.328513
98 98 0.757456
83 83 0.305857
99 99 0.678857
102 102 0.374412
83 83 0.293748
90 90 0.352059
94 94 0.588932
98 98 0.735028
100 100 0.343179
81 81 0.299352
81 81 0.335818
103 103 0.321569
88 88 0.316567
101 101 0.554877
103 103 0.320539
104 104 0.378197
94 94 0.637507
84 84 0.353258
104 104 0.305027
96 96 0.481809
83 83 0.314
86 86 0.323545
104 104 0.316189
100 100 0.334178
102 102 0.301658
93 93 0.629442
85 85 0.77046
85 85 0.779148
84 84 0.4317
93 93 0.623511
87 87 0.419004
86 86 0.305038
87 87 0.404441
102 102 0.321268
99 99 0.64271
100 100 0.339008
88 88 0.312289
90 90 0.43541
94 94 0.464263
81 81 0.332992
101 101 0.788415
85 85 0.627415
92 92 0.413104
98 98 0.639159
97 97 0.907728
83 83 0.308889
84 84 0.406181
90 90 0.347686
96 96 0.50988
90 90 0.352311
86 86 0.458535
99 99 0.646437
104 104 0.334469
101 101 0.637714
86 86 0.31361
97 97 1.05499
89 89 0.355557
103 103 0.333275
103 103 0.324596
90 90 0.453347
82 82 0.374188
88 88 0.298104
103 103 0.328636
85 85 0.438115
90 90 0.356633
82 82 0.403263
83 83 0.384364
86 86 0.455748
85 85 0.653341
97 97 0.800554
96 96 0.393227
82 82 0.383112
85 85 0.772431
103 103 0.338369
93 93 0.519867
104 104 0.371601
92 92 0.427197
85 85 0.48303
97 97 0.970752
83 83 0.320265
99 99 0.606101
89 89 0.370006
88 88 0.382499
81 81 0.334339
100 100 0.340666
89 89 0.353842
85 85 0.778284
93 93 0.393611
90 90 0.433288
102 102 0.318372
94 94 0.568921
85 85 0.672264
81 81 0.334757
97 97 0.769407
82 82 0.3626
101 101 0.550808
83 83 0.296836
84 84 0.306327
89 89 0.362429
103 103 0.339267
100 100 0.34389
89 89 0.352276
94 94 0.523268
88 88 0.314458
103 103 0.363228
96 96 0.452482
101 101 0.552183
93 93 0.53229
90 90 0.352501
103 103 0.327684
99 99 0.637217
97 97 0.736525
103 103 0.345867
79 79 0.316863
81 81 0.334943
96 96 0.4254
87 87 0.524559
89 89 0.364734
99 99 0.665283
82 82 0.406882
101 101 0.601777
93 93 0.402015
86 86 0.312933
94 94 0.657263
92 92 0.555609
81 81 0.331388
90 90 0.365295
80 80 0.646423
99 99 0.441808
84 84 0.353981
97 97 0.749826
87 87 0.647156
92 92 0.346092
101 101 0.776058
99 99 0.735908
79 79 0.254811
80 80 0.794642
91 91 0.478949
102 102 0.322264
87 87 0.542911
82 82 0.379362
102 102 0.36074
91 91 0.468634
83 83 0.312851
87 87 0.399568
96 96 0.568193
92 92 0.423063
99 99 0.54269
88 88 0.320484
85 85 0.785727
97 97 0.909319
81 81 0.336084
98 98 0.712665
81 81 0.304525
87 87 0.567261
99 99 0.595615
88 88 0.31342
87 87 0.765785
81 81 0.302966
78 78 0.40807
97 97 0.927585
83 83 0.333331
90 90 0.353146
89 89 0.370443
83 83 0.328892
99 99 0.619685
100 100 0.353753
86 86 0.312972
97 97 0.748845
94 94 0.416078
87 87 0.659019
85 85 0.656635
103 103 0.337253
86 86 0.467019
103 103 0.343859
83 83 0.288192
95 95 0.364904
83 83 0.287652
101 101 0.55747
81 81 0.301085
89 89 0.322157
85 85 0.651557
84 84 0.339384
95 95 0.377181
89 89 0.360351
96 96 0.515748
81 81 0.302168
102 102 0.366937
102 102 0.31215
84 84 0.371592
88 88 0.310299
81 81 0.321796
86 86 0.471673
91 91 0.476312
97 97 1.05565
83 83 0.323678
88 88 0.319199
95 95 0.383848
102 102 0.303712
98 98 0.670601
95 95 0.381395
83 83 0.338302
84 84 0.353366
93 93 0.551932
97 97 0.80495
82 82 0.394799
100 100 0.35249
79 79 0.340927
87 87 0.557218
98 98 0.72217
82 82 0.369697
84 84 0.310794
101 101 0.570926
92 92 0.333545
95 95 0.364233
83 83 0.316751
93 93 0.546907
102 102 0.360074
94 94 0.664016
98 98 0.755547
102 102 0.373224
89 89 0.35029
85 85 0.649856
86 86 0.313478
83 83 0.303731
102 102 0.352858
92 92 0.402439
87 87 0.580603
84 84 0.310072
97 97 0.733419
90 90 0.411164
84 84 0.330989
100 100 0.351049
98 98 0.744611
92 92 0.436749
91 91 0.656645
82 82 0.516793
102 102 0.322562
95 95 0.361951
82 82 0.363989
104 104 0.378721
89 89 0.339661
83 83 0.294201
90 90 0.397695
104 104 0.346748
98 98 0.62637
78 78 0.365021
95 95 0.379543
98 98 0.710458
102 102 0.315604
94 94 0.692747
98 98 0.631815
97 97 0.716697
88 88 0.312396
100 100 0.346135
94 94 0.645443
96 96 0.747287
82 82 0.364787
82 82 0.362835
98 98 0.784262
94 94 0.632773
96 96 0.536931
100 100 0.343355
98 98 0.767966
86 86 0.35915
103 103 0.326687
92 92 0.48619
99 99 0.657816
91 91 0.716785
95 95 0.376439
94 94 0.575797
83 83 0.304089
96 96 0.573375
103 103 0.33177
84 84 0.316552
83 83 0.290345
95 95 0.365489
96 96 0.450939
84 84 0.330341
99 99 0.62831
98 98 0.797668
96 96 0.570715
98 98 0.715231
92 92 0.360784
97 97 0.709609
98 98 0.681335
98 98 0.757087
87 87 0.458011
87 87 0.419889
82 82 0.365101
88 88 0.310243
103 103 0.327664
83 83 0.322771
104 104 0.338512
91 91 0.394072
81 81 0.33131
104 104 0.315449
81 81 0.355519
102 102 0.377118
88 88 0.318171
81 81 0.404462
92 92 0.449984
103 103 0.322918
81 81 0.487594
84 84 0.431164
101 101 0.553369
90 90 0.365809
101 101 0.550938
104 104 0.37434
90 90 0.354545
92 92 0.498535
97 97 0.769407
81 81 0.301535
92 92 0.545153
93 93 0.601908
94 94 0.579922
101 101 0.572918
92 92 0.344042
102 102 0.319587
88 88 0.303381
100 100 0.347864
90 90 0.349104
83 83 0.297234
90 90 0.432575
102 102 0.375611
82 82 0.382541
101 101 0.554972
81 81 0.355185
88 88 0.318046
83 83 0.312676
101 101 0.548088
85 85 0.523786
97 97 0.744172
81 81 0.302294
97 97 0.89264
92 92 0.382541
94 94 0.576604
103 103 0.328322
102 102 0.31519
93 93 0.531918
91 91 0.567441
100 100 0.349698
85 85 0.527978
91 91 0.627444
89 89 0.357217
82 82 0.372098
82 82 0.378979
85 85 0.78802
89 89 0.34461
92 92 0.346016
103 103 0.338142
85 85 0.426234
88 88 0.355916
81 81 0.334714
101 101 0.802986
101 101 0.788918
93 93 0.567738
85 85 0.568069
90 90 0.343019
104 104 0.343249
91 91 0.563035
90 90 0.352981
88 88 0.321671
103 103 0.328434
89 89 0.349461
85 85 0.769395
85 85 0.75209
92 92 0.436019
93 93 0.584237
81 81 0.308111
86 86 0.406015
88 88 0.328895
91 91 0.484446
94 94 0.585973
83 83 0.301484
90 90 0.403961
89 89 0.337495
95 95 0.388383
88 88 0.317052
89 89 0.349408
82 82 0.389198
101 101 0.52752
94 94 0.616874
82 82 0.372821
100 100 0.354045
81 81 0.338547
84 84 0.397775
103 103 0.323634
98 98 0.769521
103 103 0.395444
81 81 0.392746
92 92 0.506276
86 86 0.299827
96 96 0.513864
98 98 0.712013
93 93 0.665122
95 95 0.374533
103 103 0.324402
104 104 0.331361
94 94 0.598127
83 83 0.316942
95 95 0.368361
92 92 0.441353
97 97 0.907998
96 96 0.54043
83 83 0.305545
85 85 0.541738
85 85 0.541738
85 85 0.788364
87 87 0.553652
87 87 0.455757
103 103 0.315948
89 89 0.352271
85 85 0.650002
90 90 0.413114
90 90 0.348331
80 80 0.700494
103 103 0.331894
100 100 0.341993
84 84 0.30684
100 100 0.344819
103 103 0.32805
100 100 0.345943
100 100 0.34343
97 97 1.08574
98 98 0.785219
95 95 0.360007
83 83 0.339517
90 90 0.379735
78 78 0.381132
89 89 0.369448
97 97 0.849476
85 85 0.449141
96 96 0.432007
87 87 0.583294
91 91 0.459716
97 97 0.725736
78 78 0.539792
86 86 0.458859
94 94 0.516994
94 94 0.641543
97 97 1.0584
85 85 0.6809
84 84 0.318567
86 86 0.312643
81 81 0.338715
86 86 0.308531
83 83 0.371197
89 89 0.362721
90 90 0.352087
83 83 0.306005
102 102 0.368138
104 104 0.327348
89 89 0.365393
82 82 0.400645
96 96 0.512915
101 101 0.660541
103 103 0.366447
84 84 0.391001
82 82 0.378686
88 88 0.298919
89 89 0.33288
86 86 0.302017
100 100 0.360718
91 91 0.397396
80 80 0.717644
84 84 0.337097
92 92 0.437891
86 86 0.303563
104 104 0.321386
98 98 0.623912
92 92 0.490215
79 79 0.410273
91 91 0.63399
103 103 0.321458
90 90 0.37175
104 104 0.350916
79 79 0.266433
103 103 0.331687
92 92 0.435499
95 95 0.377693
82 82 0.371063
93 93 0.605196
93 93 0.551932
87 87 0.566216
84 84 0.309602
97 97 0.822379
101 101 0.55155
88 88 0.317061
104 104 0.333298
97 97 1.04498
98 98 0.636576
85 85 0.411336
96 96 0.57301
90 90 0.386169
81 81 0.301703
82 82 0.381146
100 100 0.349634
91 91 0.657641
82 82 0.386887
95 95 0.36322
103 103 0.328982
88 88 0.312517
93 93 0.623818
103 103 0.32959
87 87 0.585341
89 89 0.356389
94 94 0.562371
82 82 0.363293
89 89 0.361578
81 81 0.328821
97 97 0.690046
88 88 0.309823
102 102 0.333157
91 91 0.530174
93 93 0.693251
79 79 0.377013
96 96 0.609889
94 94 0.57191
91 91 0.661248
102 102 0.316985
97 97 0.748092
96 96 0.515748
102 102 0.350198
92 92 0.423817
104 104 0.335785
81 81 0.336318
94 94 0.844054
78 78 0.403999
80 80 1.13115
87 87 0.507428
98 98 0.732046
104 104 0.340214
84 84 0.282787
79 79 0.26316
99 99 0.637738
84 84 0.332911
83 83 0.314742
95 95 0.357223
79 79 0.43485
103 103 0.336637
91 91 0.485303
100 100 0.337552
88 88 0.351646
100 100 0.344197
91 91 0.408208
97 97 0.800915
87 87 0.536976
100 100 0.352772
87 87 0.573841
84 84 0.321219
93 93 0.698544
91 91 0.456878
91 91 0.524643
100 100 0.342346
86 86 0.319871
103 103 0.334268
102 102 0.31444
83 83 0.289306
98 98 0.776862
90 90 0.357555
91 91 0.437922
84 84 0.428865
80 80 0.683039
102 102 0.481462
98 98 0.767438
99 99 0.644452
88 88 0.320592
96 96 0.446693
82 82 0.364787
101 101 0.455071
98 98 0.756329
82 82 0.39755
81 81 0.411413
90 90 0.378197
87 87 0.574325
97 97 0.741005
86 86 0.312021
97 97 0.948898
92 92 0.588624
90 90 0.431438
92 92 0.434494
78 78 0.387118
96 96 0.465351
95 95 0.3841
90 90 0.418935
102 102 0.305336
95 95 0.381233
100 100 0.356163
82 82 0.365987
96 96 0.360056
95 95 0.360394
100 100 0.357298
94 94 0.582777
98 98 0.788394
81 81 0.303604
94 94 0.426395
84 84 0.363858
94 94 0.462779
90 90 0.392932
102 102 0.322538
93 93 0.643026
100 100 0.345936
83 83 0.327275
80 80 0.724437
91 91 0.437922
84 84 0.463043
94 94 0.534698
100 100 0.340608
83 83 0.313012
88 88 0.358542
87 87 0.507993
99 99 0.651419
90 90 0.424471
98 98 0.754933
88 88 0.319725
97 97 0.982801
95 95 0.388757
104 104 0.326696
86 86 0.305671
90 90 0.325558
86 86 0.324941
102 102 0.315994
87 87 0.611693
93 93 0.576398
99 99 0.639336
82 82 0.390395
86 86 0.380105
102 102 0.315598
90 90 0.379415
84 84 0.413259
100 100 0.349404
90 90 0.397409
83 83 0.304792
99 99 0.757494
92 92 0.452564
102 102 0.386895
83 83 0.292998
91 91 0.621186
81 81 0.348941
98 98 0.601422
99 99 0.630138
101 101 0.705793
104 104 0.340899
98 98 0.682152
98 98 0.787662
86 86 0.341469
83 83 0.302165
85 85 0.664731
78 78 0.38725
80 80 0.590294
98 98 0.608995
93 93 0.718924
96 96 0.469585
97 97 0.950883
89 89 0.367288
84 84 0.31107
84 84 0.350761
96 96 0.392166
91 91 0.654863
85 85 0.771848
90 90 0.348129
95 95 0.37284
98 98 0.762089
90 90 0.357418
101 101 0.551146
98 98 0.704144
92 92 0.405453
101 101 0.581262
89 89 0.34161
103 103 0.327717
79 79 0.357272
89 89 0.339194
81 81 0.305794
102 102 0.303569
99 99 0.643988
83 83 0.298892
82 82 0.364172
99 99 0.649196
84 84 0.330989
101 101 0.572588
83 83 0.314567
95 95 0.36275
91 91 0.463859
102 102 0.316962
102 102 0.379255
104 104 0.367834
93 93 0.740868
104 104 0.351365
97 97 0.759715
102 102 0.349432
89 89 0.36234
82 82 0.373016
103 103 0.334224
86 86 0.31325
99 99 0.640743
94 94 0.561954
81 81 0.328407
88 88 0.317838
83 83 0.303029
90 90 0.4324
100 100 0.337801
98 98 0.666129
83 83 0.287088
85 85 0.645206
101 101 0.790803
81 81 0.303667
103 103 0.32465
103 103 0.32695
97 97 0.894421
103 103 0.326359
87 87 0.396377
85 85 0.67131
85 85 0.420456
83 83 0.304009
102 102 0.363369
92 92 0.5921
83 83 0.312962
82 82 0.367302
85 85 0.565737
100 100 0.366427
87 87 0.466566
101 101 0.714254
87 87 0.553642
89 89 0.352363
92 92 0.42635
103 103 0.324506
83 83 0.294886
88 88 0.316218
81 81 0.503885
96 96 0.516445
95 95 0.386787
96 96 0.438062
92 92 0.498047
82 82 0.395843
104 104 0.336454
98 98 0.762047
98 98 0.756684
96 96 0.4406
99 99 0.725234
89 89 0.364756
95 95 0.363742
88 88 0.328272
97 97 0.744025
97 97 0.728793
86 86 0.306504
101 101 0.500073
96 96 0.509993
91 91 0.419771
99 99 0.689539
94 94 0.606439
82 82 0.395843
103 103 0.325035
91 91 0.417328
90 90 0.401918
95 95 0.373641
95 95 0.365752
90 90 0.354488
93 93 0.58168
83 83 0.287652
97 97 0.456544
81 81 0.300079
101 101 0.556825
90 90 0.347764
83 83 0.327112
101 101 0.562175
102 102 0.348904
103 103 0.325795
81 81 0.301836
83 83 0.329332
91 91 0.443868
101 101 0.552458
86 86 0.309873
103 103 0.332502
84 84 0.566785
83 83 0.29542
91 91 0.43983
81 81 0.493722
92 92 0.367166
102 102 0.368885
99 99 0.634784
103 103 0.330997
86 86 0.315102
85 85 0.771289
90 90 0.388331
94 94 0.625116
79 79 0.429618
98 98 0.749585
81 81 0.478694
89 89 0.340134
85 85 0.590443
96 96 0.425251
102 102 0.329438
104 104 0.363284
94 94 0.568862
82 82 0.377396
97 97 1.07499
89 89 0.368122
99 99 0.569175
100 100 0.344581
95 95 0.375087
98 98 0.776347
101 101 0.556226
91 91 0.474168
86 86 0.316081
104 104 0.367291
86 86 0.324895
103 103 0.329238
93 93 0.526497
93 93 0.814953
100 100 0.347972
100 100 0.348277
85 85 0.647186
85 85 0.783297
79 79 0.391891
82 82 0.3411
97 97 1.05499
92 92 0.414733
88 88 0.294145
100 100 0.341905
102 102 0.323714
83 83 0.302819
94 94 0.632773
103 103 0.335955
86 86 0.460338
89 89 0.35788
99 99 0.628478
96 96 0.509179
98 98 0.699024
82 82 0.392834
98 98 0.767025
81 81 0.426973
92 92 0.374275
88 88 0.306928
100 100 0.342827
85 85 0.653286
78 78 0.527871
88 88 0.324261
80 80 0.690845
95 95 0.360537
104 104 0.384451
88 88 0.314303
92 92 0.456322
93 93 0.583481
93 93 0.626094
83 83 0.32546
95 95 0.3633
102 102 0.356152
87 87 0.551879
84 84 0.278872
85 85 0.406374
98 98 0.624078
90 90 0.345195
93 93 0.731202
94 94 0.576083
97 97 0.788702
86 86 0.318295
98 98 0.786297
92 92 0.512334
93 93 0.595389
99 99 0.641215
93 93 0.421284
99 99 0.436429
91 91 0.377825
91 91 0.567107
89 89 0.373553
89 89 0.349287
85 85 0.708246
88 88 0.314698
88 88 0.316736
94 94 0.56076
99 99 0.633025
95 95 0.345351
82 82 0.372001
84 84 0.302278
84 84 0.315687
98 98 0.670304
89 89 0.355997
84 84 0.327642
90 90 0.360637
91 91 0.441134
99 99 0.641194
88 88 0.356536
104 104 0.358484
94 94 0.5642
93 93 0.662771
86 86 0.318265
99 99 0.661034
97 97 0.797951
86 86 0.297921
87 87 0.726212
95 95 0.369259
92 92 0.530996
97 97 1.03352
92 92 0.345742
82 82 0.382107
81 81 0.440253
91 91 0.461539
84 84 0.301473
104 104 0.33621
103 103 0.329488
94 94 0.644711
102 102 0.312881
87 87 0.545817
82 82 0.367959
95 95 0.382052
98 98 0.781275
85 85 0.563135
96 96 0.397068
95 95 0.379593
103 103 0.319078
97 97 0.746422
88 88 0.314878
85 85 0.443841
89 89 0.358607
93 93 0.644749
93 93 0.58031
98 98 0.757645
82 82 0.36843
100 100 0.33697
98 98 0.767021
99 99 0.657816
95 95 0.384529
93 93 0.73604
98 98 0.751239
98 98 0.761101
93 93 0.73604
96 96 0.798852
93 93 0.414352
87 87 0.659019
104 104 0.323841
82 82 0.365069
101 101 0.79306
102 102 0.351649
79 79 0.253119
87 87 0.512443
95 95 0.363796
84 84 0.327417
99 99 0.684145
93 93 0.67181
81 81 0.300215
98 98 0.723355
94 94 0.568846
82 82 0.365987
102 102 0.301658
84 84 0.392704
97 97 0.674844
89 89 0.344969
88 88 0.29149
102 102 0.315994
87 87 0.582089
94 94 0.462198
87 87 0.56617
93 93 0.682271
83 83 0.315744
86 86 0.312446
82 82 0.359554
104 104 0.326125
88 88 0.315121
99 99 0.61896
93 93 0.532645
97 97 0.735095
100 100 0.351949
87 87 0.54935
101 101 0.552161
91 91 0.641541
89 89 0.37254
101 101 0.581188
90 90 0.347789
81 81 0.329245
89 89 0.365911
104 104 0.331408
99 99 0.648872
97 97 0.754749
99 99 0.632767
98 98 0.795337
91 91 0.670137
97 97 0.749141
94 94 0.624433
83 83 0.329664
85 85 0.645751
98 98 0.629932
103 103 0.327217
99 99 0.712819
83 83 0.29456
78 78 0.341877
95 95 0.369016
94 94 0.568855
92 92 0.452762
100 100 0.359708
91 91 0.401649
88 88 0.299412
81 81 0.49024
92 92 0.420897
104 104 0.339783
96 96 0.4755
95 95 0.353186
97 97 0.948407
103 103 0.326909
90 90 0.334449
103 103 0.33885
104 104 0.332494
104 104 0.388621
89 89 0.361088
102 102 0.32364
91 91 0.650358
91 91 0.534122
82 82 0.413651
98 98 0.639957
92 92 0.350874
102 102 0.303149
93 93 0.608923
94 94 0.613602
94 94 0.492713
94 94 0.580911
85 85 0.79054
95 95 0.390075
81 81 0.34028
102 102 0.320913
85 85 0.667061
85 85 0.699529
81 81 0.433416
81 81 0.305794
96 96 0.566866
100 100 0.341993
103 103 0.318882
104 104 0.3221
84 84 0.30828
85 85 0.785189
93 93 0.756093
87 87 0.543681
84 84 0.307531
87 87 0.551134
91 91 0.514335
94 94 0.644075
86 86 0.318259
100 100 0.345764
99 99 0.642206
83 83 0.30724
99 99 0.681514
86 86 0.314231
103 103 0.337873
83 83 0.295845
91 91 0.42916
97 97 1.07559
90 90 0.41917
101 101 0.553369
94 94 0.394036
84 84 0.36847
94 94 0.660157
96 96 0.436478
95 95 0.371551
91 91 0.523703
93 93 0.62295
92 92 0.425482
89 89 0.358853
89 89 0.372206
102 102 0.335674
100 100 0.35753
97 97 0.717559
93 93 0.577616
86 86 0.292699
99 99 0.634409
100 100 0.342911
97 97 0.817512
100 100 0.349348
95 95 0.372358
91 91 0.684839
102 102 0.342334
94 94 0.580031
104 104 0.326386
92 92 0.341879
98 98 0.807432
88 88 0.311466
82 82 0.473824
96 96 0.592317
102 102 0.354384
82 82 0.398789
102 102 0.38756
99 99 0.645869
82 82 0.332272
88 88 0.322811
100 100 0.344141
95 95 0.381769
83 83 0.300334
84 84 0.29385
93 93 0.597826
88 88 0.306486
80 80 0.861896
86 86 0.306015
102 102 0.348579
101 101 0.772038
91 91 0.778923
78 78 0.484331
82 82 0.398851
86 86 0.307301
82 82 0.362687
104 104 0.334797
86 86 0.297061
101 101 0.798293
97 97 0.747383
85 85 0.619427
101 101 0.555236
91 91 0.549085
85 85 0.703356
81 81 0.335593
96 96 0.715761
80 80 1.12721
85 85 0.879064
96 96 0.523274
86 86 0.303779
104 104 0.326595
99 99 0.725282
98 98 0.765904
100 100 0.356448
94 94 0.582041
93 93 0.591838
85 85 0.658853
91 91 0.558825
91 91 0.524828
91 91 0.357141
95 95 0.347151
95 95 0.382437
102 102 0.359059
82 82 0.36539
99 99 0.639733
102 102 0.343076
93 93 0.565117
93 93 0.582413
98 98 0.741077
98 98 0.638555
91 91 0.47951
98 98 0.698285
86 86 0.453164
88 88 0.323734
79 79 0.304719
78 78 0.38725
83 83 0.299265
81 81 0.302007
98 98 0.639957
85 85 0.649856
95 95 0.388958
101 101 0.56275
96 96 0.478141
85 85 0.786246
86 86 0.2998
91 91 0.491486
81 81 0.301613
89 89 0.341335
101 101 0.438592
97 97 0.747681
103 103 0.315867
103 103 0.322399
85 85 0.673783
102 102 0.385063
82 82 0.39758
92 92 0.456635
86 86 0.293067
92 92 0.407038
99 99 0.63228
82 82 0.422357
89 89 0.3686
91 91 0.438952
91 91 0.497895
102 102 0.329287
82 82 0.383793
91 91 0.765073
92 92 0.514774
88 88 0.311243
79 79 0.387267
86 86 0.459277
99 99 0.64563
99 99 0.654435
95 95 0.382838
90 90 0.346084
94 94 0.698537
102 102 0.363478
97 97 0.697829
88 88 0.312083
93 93 0.757381
95 95 0.388965
86 86 0.315074
97 97 0.461003
96 96 0.513381
87 87 0.550617
96 96 0.694964
95 95 0.380071
80 80 0.732332
95 95 0.379651
96 96 0.438377
88 88 0.310166
89 89 0.363921
86 86 0.30467
85 85 0.435283
104 104 0.392331
89 89 0.34769
87 87 0.393477
104 104 0.41556
94 94 0.56653
93 93 0.629585
81 81 0.336633
92 92 0.403671
92 92 0.355127
87 87 0.466177
98 98 0.752997
90 90 0.356437
93 93 0.625988
81 81 0.30855
88 88 0.319725
86 86 0.297597
84 84 0.310943
94 94 0.664644
83 83 0.290882
83 83 0.331826
95 95 0.392482
91 91 0.690435
89 89 0.347854
83 83 0.287214
89 89 0.358693
98 98 0.805439
99 99 0.770498
91 91 0.470556
101 101 0.645852
100 100 0.346964
91 91 0.468634
83 83 0.291282
99 99 0.641199
93 93 0.567605
93 93 0.718464
84 84 0.314479
98 98 0.761927
94 94 0.681478
81 81 0.392804
88 88 0.323522
83 83 0.310494
83 83 0.306259
103 103 0.322655
104 104 0.313778
96 96 0.397231
95 95 0.380075
97 97 0.711443
96 96 0.544932
93 93 0.504899
82 82 0.361964
86 86 0.312313
86 86 0.302869
104 104 0.338453
79 79 0.392146
83 83 0.326299
90 90 0.449984
83 83 0.315319
89 89 0.362392
86 86 0.296484
81 81 0.334922
93 93 0.686289
99 99 0.663449
100 100 0.345673
83 83 0.312008
82 82 0.36908
94 94 0.564509
89 89 0.347918
78 78 0.768035
90 90 0.354026
99 99 0.611311
84 84 0.307157
90 90 0.378977
101 101 0.55447
98 98 0.766233
94 94 0.572572
87 87 0.467078
83 83 0.316806
94 94 0.585779
102 102 0.330196
95 95 0.380252
79 79 0.392146
102 102 0.305395
98 98 0.711853
90 90 0.388739
87 87 0.4554
94 94 0.567499
96 96 0.481504
98 98 0.581064
91 91 0.404432
92 92 0.41807
85 85 0.675446
103 103 0.335184
93 93 0.688995
79 79 0.409934
82 82 0.338227
94 94 0.632178
104 104 0.450578
93 93 0.607202
96 96 0.428294
96 96 0.421353
102 102 0.313572
96 96 0.41534
90 90 0.335984
101 101 0.803545
96 96 0.429915
82 82 0.394501
98 98 0.75613
97 97 0.800554
97 97 0.96729
96 96 0.544515
78 78 0.702161
95 95 0.365898
89 89 0.34173
84 84 0.315735
97 97 1.07862
99 99 0.660062
86 86 0.45848
82 82 0.41657
85 85 0.700481
86 86 0.312643
102 102 0.326379
103 103 0.320973
88 88 0.303914
78 78 0.604242
104 104 0.339495
99 99 0.655602
86 86 0.307561
81 81 0.302317
89 89 0.346634
96 96 0.420937
79 79 0.409361
82 82 0.39755
84 84 0.379498
99 99 0.674604
98 98 0.765085
101 101 0.794314
97 97 0.747357
86 86 0.448863
102 102 0.312118
99 99 0.644946
100 100 0.350961
100 100 0.337456
101 101 0.475727
84 84 0.337362
89 89 0.343847
94 94 0.56468
90 90 0.394085
95 95 0.388144
92 92 0.47368
97 97 0.741772
85 85 0.558448
100 100 0.353317
84 84 0.311816
96 96 0.508494
98 98 0.802255
92 92 0.390433
100 100 0.345822
88 88 0.331989
93 93 0.560193
83 83 0.297882
86 86 0.295427
89 89 0.340149
96 96 0.476748
87 87 0.502665
99 99 0.67462
98 98 0.677174
83 83 0.319048
101 101 0.637015
95 95 0.344394
102 102 0.305837
90 90 0.447142
101 101 0.793165
103 103 0.319701
85 85 0.641685
91 91 0.480487
83 83 0.288626
81 81 0.319557
85 85 0.747107
102 102 0.335674
90 90 0.38692
89 89 0.356771
97 97 0.79993
93 93 0.741329
82 82 0.411577
90 90 0.382015
100 100 0.341664
104 104 0.365377
92 92 0.324393
96 96 0.516768
85 85 0.655156
84 84 0.549496
86 86 0.379402
102 102 0.315873
87 87 0.424169
91 91 0.670859
83 83 0.298646
86 86 0.31595
98 98 0.591158
81 81 0.322223
89 89 0.328725
94 94 0.555546
103 103 0.320783
99 99 0.63848
82 82 0.381475
91 91 0.591527
88 88 0.333582
95 95 0.380457
84 84 0.335201
103 103 0.327216
103 103 0.320311
89 89 0.340844
94 94 0.58951
89 89 0.369551
96 96 0.528378
100 100 0.354217
92 92 0.437724
85 85 0.610965
88 88 0.282439
94 94 0.399809
100 100 0.338403
86 86 0.314309
96 96 0.474
94 94 0.56468
91 91 0.706551
84 84 0.313184
88 88 0.291348
93 93 0.57765
86 86 0.308315
99 99 0.637787
85 85 0.413745
100 100 0.325488
101 101 0.599005
91 91 0.419373
97 97 0.735956
80 80 0.981579
89 89 0.359803
83 83 0.304782
87 87 0.773403
93 93 0.432121
104 104 0.342273
89 89 0.35847
103 103 0.318268
86 86 0.309628
97 97 1.07906
91 91 0.371072
101 101 0.764822
79 79 0.365138
82 82 0.372662
82 82 0.786378
94 94 0.609185
93 93 0.543454
94 94 0.616594
95 95 0.350464
84 84 0.402256
88 88 0.343216
95 95 0.389109
101 101 0.519227
102 102 0.373262
98 98 0.750434
91 91 0.472222
101 101 0.551824
104 104 0.326418
92 92 0.355256
101 101 0.553359
101 101 0.553612
91 91 0.391651
84 84 0.340495
86 86 0.310082
94 94 0.589506
94 94 0.625022
82 82 0.748598
100 100 0.344416
92 92 0.322315
97 97 0.704763
95 95 0.390215
103 103 0.330994
85 85 0.764391
84 84 0.308656
84 84 0.376054
99 99 0.626167
95 95 0.367323
95 95 0.360847
81 81 0.309557
101 101 0.631729
92 92 0.351753
99 99 0.767551
95 95 0.375459
81 81 0.332658
92 92 0.372152
96 96 0.477487
100 100 0.342339
96 96 0.442609
93 93 0.650054
84 84 0.282641
102 102 0.329656
104 104 0.32728
92 92 0.433949
100 100 0.343721
91 91 0.421651
95 95 0.389732
85 85 0.630349
87 87 0.411238
101 101 0.758605
94 94 0.641646
83 83 0.294003
83 83 0.302258
98 98 0.771151
101 101 0.549845
104 104 0.313778
86 86 0.455641
81 81 0.304809
103 103 0.332906
88 88 0.281867
89 89 0.350982
100 100 0.349901
93 93 0.397032
83 83 0.322478
92 92 0.455146
95 95 0.381239
80 80 0.748034
88 88 0.299535
81 81 0.339222
100 100 0.340266
100 100 0.354633
103 103 0.32722
104 104 0.335372
84 84 0.332508
90 90 0.392144
99 99 0.624729
86 86 0.316382
101 101 0.805038
88 88 0.316272
95 95 0.379147
82 82 0.391484
103 103 0.326404
94 94 0.640826
82 82 0.33889
94 94 0.547365
90 90 0.350075
98 98 0.605769
97 97 0.746422
88 88 0.31679
89 89 0.369925
79 79 0.374701
96 96 0.513168
94 94 0.571459
91 91 0.52009
102 102 0.313532
87 87 0.532386
104 104 0.312754
104 104 0.344139
96 96 0.733101
92 92 0.410737
104 104 0.326871
101 101 0.671535
82 82 0.363482
91 91 0.700917
100 100 0.350181
102 102 0.300923
87 87 0.568377
89 89 0.356709
103 103 0.314865
83 83 0.299274
99 99 0.608489
93 93 0.554734
104 104 0.324083
88 88 0.301266
96 96 0.516445
88 88 0.312902
101 101 0.39798
84 84 0.328642
104 104 0.361037
87 87 0.475397
93 93 0.84074
92 92 0.394612
80 80 0.975919
89 89 0.366676
102 102 0.34897
86 86 0.305591
99 99 0.640473
91 91 0.459497
98 98 0.635687
83 83 0.329942
89 89 0.361918
82 82 0.398746
83 83 0.294482
92 92 0.374275
101 101 0.696278
99 99 0.639733
87 87 0.554899
82 82 0.43615
97 97 0.741772
95 95 0.380022
98 98 0.777965
103 103 0.325058
97 97 0.728234
95 95 0.387427
102 102 0.323775
95 95 0.386202
81 81 0.336566
93 93 0.666683
87 87 0.387614
97 97 0.764407
88 88 0.336614
84 84 0.310068
79 79 0.33483
96 96 0.806372
93 93 0.682343
96 96 0.49456
81 81 0.299482
83 83 0.296495
93 93 0.691648
93 93 0.736515
83 83 0.298894
93 93 0.731987
97 97 0.776029
82 82 0.477394
83 83 0.320512
104 104 0.324269
101 101 0.68856
93 93 0.756093
97 97 0.704758
104 104 0.3221
86 86 0.318386
93 93 0.682156
85 85 0.577545
90 90 0.358028
88 88 0.330764
91 91 0.47969
104 104 0.343078
89 89 0.37228
103 103 0.320363
89 89 0.363382
97 97 0.743858
87 87 0.523004
92 92 0.358289
81 81 0.305697
98 98 0.754938
82 82 0.372448
95 95 0.34129
82 82 0.382138
94 94 0.392417
87 87 0.533812
90 90 0.349962
95 95 0.385537
82 82 0.397595
81 81 0.351568
99 99 0.648306
81 81 0.335034
80 80 1.10036
93 93 0.755067
94 94 0.617047
81 81 0.331845
90 90 0.378197
81 81 0.342885
94 94 0.459918
104 104 0.334307
87 87 0.550342
94 94 0.567823
83 83 0.322491
93 93 0.660555
93 93 0.71032
104 104 0.335692
103 103 0.328316
90 90 0.367565
100 100 0.355078
82 82 0.374871
94 94 0.569345
99 99 0.571611
89 89 0.34086
82 82 0.378749
96 96 0.410751
93 93 0.59134
83 83 0.29185
104 104 0.331591
84 84 0.356703
86 86 0.306826
88 88 0.333997
95 95 0.3998
96 96 0.444604
80 80 0.745718
94 94 0.691739
86 86 0.311128
84 84 0.327886
84 84 0.371528
89 89 0.362373
85 85 0.553215
82 82 0.368667
81 81 0.30738
88 88 0.311705
92 92 0.423817
83 83 0.302222
85 85 0.756634
100 100 0.341448
83 83 0.322545
98 98 0.766092
98 98 0.744339
88 88 0.327437
82 82 0.392984
95 95 0.348709
100 100 0.342376
97 97 0.740278
82 82 0.391871
82 82 0.367804
81 81 0.426852
89 89 0.359603
87 87 0.467327
87 87 0.487707
88 88 0.309998
81 81 0.337965
78 78 0.744488
100 100 0.344639
93 93 0.482523
92 92 0.606041
81 81 0.337159
95 95 0.387569
81 81 0.329602
98 98 0.785555
100 100 0.354377
83 83 0.30225
98 98 0.662565
100 100 0.348026
