78 78 -5137.05
78 78 -5944.85
78 78 -5137.05
78 78 -5944.85
78 78 -5137.05
78 78 -5944.85
78 78 -5137.05
78 78 -5944.85
78 78 -6676.29
78 78 -8231.55
78 78 -6676.29
78 78 -8231.55
78 78 -6676.29
78 78 -8231.55
78 78 -6676.29
78 78 -8231.55
78 78 -6170.06
78 78 -6185.76
78 78 -6170.06
78 78 -6185.76
78 78 -6170.06
78 78 -6185.76
78 78 -6170.06
78 78 -6185.76
78 78 -6760.23
78 78 -7525.87
78 78 -6760.23
78 78 -7525.87
78 78 -6760.23
78 78 -7525.87
78 78 -6760.23
78 78 -7525.87
78 78 -5153.31
78 78 -4568.86
78 78 -5153.31
78 78 -4568.86
78 78 -5153.31
78 78 -4568.86
78 78 -5153.31
78 78 -4568.86
78 78 -5597.69
78 78 -5568.49
78 78 -5597.69
78 78 -5568.49
78 78 -5597.69
78 78 -5568.49
78 78 -5597.69
78 78 -5568.49
78 78 -7817.14
78 78 -8804.8
78 78 -7817.14
78 78 -8804.8
78 78 -7817.14
78 78 -8804.8
78 78 -7817.14
78 78 -8804.8
79 79 -4788.61
79 79 -4147.54
79 79 -4788.61
79 79 -4147.54
79 79 -4788.61
79 79 -4147.54
79 79 -4788.61
79 79 -4147.54
79 79 -4234.86
79 79 -4447.14
79 79 -4234.86
79 79 -4447.14
79 79 -4234.86
79 79 -4447.14
79 79 -4234.86
79 79 -4447.14
79 79 -5401.17
79 79 -4452.03
79 79 -5401.17
79 79 -4452.03
79 79 -5401.17
79 79 -4452.03
79 79 -5401.17
79 79 -4452.03
79 79 -5153.37
79 79 -5522.2
79 79 -5153.37
79 79 -5522.2
79 79 -5153.37
79 79 -5522.2
79 79 -5153.37
79 79 -5522.2
79 79 -6460.43
79 79 -4121.46
79 79 -6460.43
79 79 -4121.46
79 79 -6460.43
79 79 -4121.46
79 79 -6460.43
79 79 -4121.46
79 79 -6415.88
79 79 -6130.21
79 79 -6415.88
79 79 -6130.21
79 79 -6415.88
79 79 -6130.21
79 79 -6415.88
79 79 -6130.21
79 79 -6524.91
79 79 -6316.18
79 79 -6524.91
79 79 -6316.18
79 79 -6524.91
79 79 -6316.18
79 79 -6524.91
79 79 -6316.18
80 80 -6907.44
80 80 -6958.26
80 80 -6907.44
80 80 -6958.26
80 80 -6907.44
80 80 -6958.26
80 80 -6907.44
80 80 -6958.26
80 80 -3819.59
80 80 -5071.77
80 80 -3819.59
80 80 -5071.77
80 80 -3819.59
80 80 -5071.77
80 80 -3819.59
80 80 -5071.77
80 80 -8083.54
80 80 -5596.25
80 80 -8083.54
80 80 -5596.25
80 80 -8083.54
80 80 -5596.25
80 80 -8083.54
80 80 -5596.25
80 80 -5460.98
80 80 -5478.03
80 80 -5460.98
80 80 -5478.03
80 80 -5460.98
80 80 -5478.03
80 80 -5460.98
80 80 -5478.03
80 80 -7003.42
80 80 -6942.19
80 80 -7003.42
80 80 -6942.19
80 80 -7003.42
80 80 -6942.19
80 80 -7003.42
80 80 -6942.19
80 80 -7056.59
80 80 -6885.85
80 80 -7056.59
80 80 -6885.85
80 80 -7056.59
80 80 -6885.85
80 80 -7056.59
80 80 -6885.85
80 80 -2302.48
80 80 -7663.16
80 80 -2302.48
80 80 -7663.16
80 80 -2302.48
80 80 -7663.16
80 80 -2302.48
80 80 -7663.16
81 81 -2984.06
81 81 -3359.87
81 81 -2984.06
81 81 -3359.87
81 81 -2984.06
81 81 -3359.87
81 81 -2984.06
81 81 -3359.87
81 81 -3484.2
81 81 -3562.96
81 81 -3484.2
81 81 -3562.96
81 81 -3484.2
81 81 -3562.96
81 81 -3484.2
81 81 -3562.96
81 81 -3701.64
81 81 -4801.73
81 81 -3701.64
81 81 -4801.73
81 81 -3701.64
81 81 -4801.73
81 81 -3701.64
81 81 -4801.73
81 81 -890.903
81 81 -1469.41
81 81 -890.903
81 81 -1469.41
81 81 -890.903
81 81 -1469.41
81 81 -890.903
81 81 -1469.41
81 81 -3012.54
81 81 -3275.53
81 81 -3012.54
81 81 -3275.53
81 81 -3012.54
81 81 -3275.53
81 81 -3012.54
81 81 -3275.53
81 81 -5732.6
81 81 -6742.35
81 81 -5732.6
81 81 -6742.35
81 81 -5732.6
81 81 -6742.35
81 81 -5732.6
81 81 -6742.35
81 81 -2872.51
81 81 -3301.45
81 81 -2872.51
81 81 -3301.45
81 81 -2872.51
81 81 -3301.45
81 81 -2872.51
81 81 -3301.45
81 81 -2095.98
81 81 -2109.63
81 81 -2095.98
81 81 -2109.63
81 81 -2095.98
81 81 -2109.63
81 81 -2095.98
81 81 -2109.63
81 81 -2660.22
81 81 -3155.94
81 81 -2660.22
81 81 -3155.94
81 81 -2660.22
81 81 -3155.94
81 81 -2660.22
81 81 -3155.94
81 81 -1716.94
81 81 -1965.78
81 81 -1716.94
81 81 -1965.78
81 81 -1716.94
81 81 -1965.78
81 81 -1716.94
81 81 -1965.78
81 81 -2611.52
81 81 -2835.96
81 81 -2611.52
81 81 -2835.96
81 81 -2611.52
81 81 -2835.96
81 81 -2611.52
81 81 -2835.96
81 81 -2559.66
81 81 -2493.79
81 81 -2559.66
81 81 -2493.79
81 81 -2559.66
81 81 -2493.79
81 81 -2559.66
81 81 -2493.79
81 81 -2784.7
81 81 -3131.47
81 81 -2784.7
81 81 -3131.47
81 81 -2784.7
81 81 -3131.47
81 81 -2784.7
81 81 -3131.47
81 81 -2098.01
81 81 -2603.05
81 81 -2098.01
81 81 -2603.05
81 81 -2098.01
81 81 -2603.05
81 81 -2098.01
81 81 -2603.05
81 81 -2476.52
81 81 -2890.44
81 81 -2476.52
81 81 -2890.44
81 81 -2476.52
81 81 -2890.44
81 81 -2476.52
81 81 -2890.44
81 81 -1869.37
81 81 -2251.31
81 81 -1869.37
81 81 -2251.31
81 81 -1869.37
81 81 -2251.31
81 81 -1869.37
81 81 -2251.31
81 81 -2816.86
81 81 -3038.44
81 81 -2816.86
81 81 -3038.44
81 81 -2816.86
81 81 -3038.44
81 81 -2816.86
81 81 -3038.44
81 81 -2372.9
81 81 -2350.16
81 81 -2372.9
81 81 -2350.16
81 81 -2372.9
81 81 -2350.16
81 81 -2372.9
81 81 -2350.16
81 81 -5782.54
81 81 -6971.76
81 81 -5782.54
81 81 -6971.76
81 81 -5782.54
81 81 -6971.76
81 81 -5782.54
81 81 -6971.76
81 81 -2962.3
81 81 -2997.9
81 81 -2962.3
81 81 -2997.9
81 81 -2962.3
81 81 -2997.9
81 81 -2962.3
81 81 -2997.9
81 81 -3400.61
81 81 -3541.94
81 81 -3400.61
81 81 -3541.94
81 81 -3400.61
81 81 -3541.94
81 81 -3400.61
81 81 -3541.94
81 81 -1817.77
81 81 -2572.89
81 81 -1817.77
81 81 -2572.89
81 81 -1817.77
81 81 -2572.89
81 81 -1817.77
81 81 -2572.89
81 81 -2499.68
81 81 -2839.79
81 81 -2499.68
81 81 -2839.79
81 81 -2499.68
81 81 -2839.79
81 81 -2499.68
81 81 -2839.79
81 81 -3459.7
81 81 -3703.66
81 81 -3459.7
81 81 -3703.66
81 81 -3459.7
81 81 -3703.66
81 81 -3459.7
81 81 -3703.66
81 81 -3542.65
81 81 -3708.82
81 81 -3542.65
81 81 -3708.82
81 81 -3542.65
81 81 -3708.82
81 81 -3542.65
81 81 -3708.82
81 81 -2476.62
81 81 -2812.99
81 81 -2476.62
81 81 -2812.99
81 81 -2476.62
81 81 -2812.99
81 81 -2476.62
81 81 -2812.99
81 81 -2685.98
81 81 -3213.78
81 81 -2685.98
81 81 -3213.78
81 81 -2685.98
81 81 -3213.78
81 81 -2685.98
81 81 -3213.78
81 81 -3115.67
81 81 -3241.32
81 81 -3115.67
81 81 -3241.32
81 81 -3115.67
81 81 -3241.32
81 81 -3115.67
81 81 -3241.32
82 82 -855.825
82 82 -1040.3
82 82 -855.825
82 82 -1040.3
82 82 -855.825
82 82 -1040.3
82 82 -855.825
82 82 -1040.3
82 82 -653.56
82 82 -927.716
82 82 -653.56
82 82 -927.716
82 82 -653.56
82 82 -927.716
82 82 -653.56
82 82 -927.716
82 82 -1109.58
82 82 -1411.16
82 82 -1109.58
82 82 -1411.16
82 82 -1109.58
82 82 -1411.16
82 82 -1109.58
82 82 -1411.16
82 82 -820.768
82 82 -1246.96
82 82 -820.768
82 82 -1246.96
82 82 -820.768
82 82 -1246.96
82 82 -820.768
82 82 -1246.96
82 82 -1019.55
82 82 -1158.4
82 82 -1019.55
82 82 -1158.4
82 82 -1019.55
82 82 -1158.4
82 82 -1019.55
82 82 -1158.4
82 82 -903.854
82 82 -1248.64
82 82 -903.854
82 82 -1248.64
82 82 -903.854
82 82 -1248.64
82 82 -903.854
82 82 -1248.64
82 82 -1535.25
82 82 -1559.76
82 82 -1535.25
82 82 -1559.76
82 82 -1535.25
82 82 -1559.76
82 82 -1535.25
82 82 -1559.76
82 82 -852.573
82 82 -995.276
82 82 -852.573
82 82 -995.276
82 82 -852.573
82 82 -995.276
82 82 -852.573
82 82 -995.276
82 82 -2611.43
82 82 -2124.13
82 82 -2611.43
82 82 -2124.13
82 82 -2611.43
82 82 -2124.13
82 82 -2611.43
82 82 -2124.13
82 82 -707.825
82 82 -1118.29
82 82 -707.825
82 82 -1118.29
82 82 -707.825
82 82 -1118.29
82 82 -707.825
82 82 -1118.29
82 82 -1017.79
82 82 -663.84
82 82 -1017.79
82 82 -663.84
82 82 -1017.79
82 82 -663.84
82 82 -1017.79
82 82 -663.84
82 82 -1342.55
82 82 -1042.68
82 82 -1342.55
82 82 -1042.68
82 82 -1342.55
82 82 -1042.68
82 82 -1342.55
82 82 -1042.68
82 82 -1940.78
82 82 -2566.39
82 82 -1940.78
82 82 -2566.39
82 82 -1940.78
82 82 -2566.39
82 82 -1940.78
82 82 -2566.39
82 82 -648.828
82 82 -1061.13
82 82 -648.828
82 82 -1061.13
82 82 -648.828
82 82 -1061.13
82 82 -648.828
82 82 -1061.13
82 82 -833.287
82 82 -940.545
82 82 -833.287
82 82 -940.545
82 82 -833.287
82 82 -940.545
82 82 -833.287
82 82 -940.545
82 82 -1093.22
82 82 -1530.14
82 82 -1093.22
82 82 -1530.14
82 82 -1093.22
82 82 -1530.14
82 82 -1093.22
82 82 -1530.14
82 82 -2317
82 82 -2854.85
82 82 -2317
82 82 -2854.85
82 82 -2317
82 82 -2854.85
82 82 -2317
82 82 -2854.85
82 82 -1145.38
82 82 -1475.18
82 82 -1145.38
82 82 -1475.18
82 82 -1145.38
82 82 -1475.18
82 82 -1145.38
82 82 -1475.18
82 82 -852.182
82 82 -1026.54
82 82 -852.182
82 82 -1026.54
82 82 -852.182
82 82 -1026.54
82 82 -852.182
82 82 -1026.54
82 82 -987.696
82 82 -657.428
82 82 -987.696
82 82 -657.428
82 82 -987.696
82 82 -657.428
82 82 -987.696
82 82 -657.428
82 82 -3823.9
82 82 -4039.5
82 82 -3823.9
82 82 -4039.5
82 82 -3823.9
82 82 -4039.5
82 82 -3823.9
82 82 -4039.5
82 82 -1394.22
82 82 -1183.82
82 82 -1394.22
82 82 -1183.82
82 82 -1394.22
82 82 -1183.82
82 82 -1394.22
82 82 -1183.82
82 82 -898.408
82 82 -1297.42
82 82 -898.408
82 82 -1297.42
82 82 -898.408
82 82 -1297.42
82 82 -898.408
82 82 -1297.42
82 82 -1091.05
82 82 -1218.39
82 82 -1091.05
82 82 -1218.39
82 82 -1091.05
82 82 -1218.39
82 82 -1091.05
82 82 -1218.39
82 82 -4100.15
82 82 -4369.74
82 82 -4100.15
82 82 -4369.74
82 82 -4100.15
82 82 -4369.74
82 82 -4100.15
82 82 -4369.74
82 82 -2802.04
82 82 -2815.16
82 82 -2802.04
82 82 -2815.16
82 82 -2802.04
82 82 -2815.16
82 82 -2802.04
82 82 -2815.16
82 82 -874.838
82 82 -1114.95
82 82 -874.838
82 82 -1114.95
82 82 -874.838
82 82 -1114.95
82 82 -874.838
82 82 -1114.95
83 83 -3620.95
83 83 -3840.4
83 83 -3620.95
83 83 -3840.4
83 83 -3620.95
83 83 -3840.4
83 83 -3620.95
83 83 -3840.4
83 83 -2237.09
83 83 -2562.46
83 83 -2237.09
83 83 -2562.46
83 83 -2237.09
83 83 -2562.46
83 83 -2237.09
83 83 -2562.46
83 83 -4247.31
83 83 -4317.55
83 83 -4247.31
83 83 -4317.55
83 83 -4247.31
83 83 -4317.55
83 83 -4247.31
83 83 -4317.55
83 83 -535.86
83 83 -683.425
83 83 -535.86
83 83 -683.425
83 83 -535.86
83 83 -683.425
83 83 -535.86
83 83 -683.425
83 83 -655.262
83 83 -768.807
83 83 -655.262
83 83 -768.807
83 83 -655.262
83 83 -768.807
83 83 -655.262
83 83 -768.807
83 83 -2311.94
83 83 -2396.74
83 83 -2311.94
83 83 -2396.74
83 83 -2311.94
83 83 -2396.74
83 83 -2311.94
83 83 -2396.74
83 83 -978.058
83 83 -1024.92
83 83 -978.058
83 83 -1024.92
83 83 -978.058
83 83 -1024.92
83 83 -978.058
83 83 -1024.92
83 83 -1137
83 83 -1135.21
83 83 -1137
83 83 -1135.21
83 83 -1137
83 83 -1135.21
83 83 -1137
83 83 -1135.21
83 83 -636.331
83 83 -696.743
83 83 -636.331
83 83 -696.743
83 83 -636.331
83 83 -696.743
83 83 -636.331
83 83 -696.743
83 83 -456.229
83 83 -626.842
83 83 -456.229
83 83 -626.842
83 83 -456.229
83 83 -626.842
83 83 -456.229
83 83 -626.842
83 83 -899.996
83 83 -1005.53
83 83 -899.996
83 83 -1005.53
83 83 -899.996
83 83 -1005.53
83 83 -899.996
83 83 -1005.53
83 83 -717.96
83 83 -638.864
83 83 -717.96
83 83 -638.864
83 83 -717.96
83 83 -638.864
83 83 -717.96
83 83 -638.864
83 83 -1030.21
83 83 -1135.96
83 83 -1030.21
83 83 -1135.96
83 83 -1030.21
83 83 -1135.96
83 83 -1030.21
83 83 -1135.96
83 83 -3563.25
83 83 -3767.06
83 83 -3563.25
83 83 -3767.06
83 83 -3563.25
83 83 -3767.06
83 83 -3563.25
83 83 -3767.06
83 83 -2547.02
83 83 -2925.18
83 83 -2547.02
83 83 -2925.18
83 83 -2547.02
83 83 -2925.18
83 83 -2547.02
83 83 -2925.18
83 83 -4095.27
83 83 -4147.08
83 83 -4095.27
83 83 -4147.08
83 83 -4095.27
83 83 -4147.08
83 83 -4095.27
83 83 -4147.08
83 83 -691.197
83 83 -754.608
83 83 -691.197
83 83 -754.608
83 83 -691.197
83 83 -754.608
83 83 -691.197
83 83 -754.608
83 83 -780.739
83 83 -740.185
83 83 -780.739
83 83 -740.185
83 83 -780.739
83 83 -740.185
83 83 -780.739
83 83 -740.185
83 83 -4079.07
83 83 -3770.94
83 83 -4079.07
83 83 -3770.94
83 83 -4079.07
83 83 -3770.94
83 83 -4079.07
83 83 -3770.94
83 83 -2048.59
83 83 -2137.05
83 83 -2048.59
83 83 -2137.05
83 83 -2048.59
83 83 -2137.05
83 83 -2048.59
83 83 -2137.05
83 83 -2236.38
83 83 -2580.8
83 83 -2236.38
83 83 -2580.8
83 83 -2236.38
83 83 -2580.8
83 83 -2236.38
83 83 -2580.8
83 83 -870.645
83 83 -973.728
83 83 -870.645
83 83 -973.728
83 83 -870.645
83 83 -973.728
83 83 -870.645
83 83 -973.728
83 83 -1162.55
83 83 -1187.13
83 83 -1162.55
83 83 -1187.13
83 83 -1162.55
83 83 -1187.13
83 83 -1162.55
83 83 -1187.13
83 83 -2708.41
83 83 -2664.6
83 83 -2708.41
83 83 -2664.6
83 83 -2708.41
83 83 -2664.6
83 83 -2708.41
83 83 -2664.6
83 83 -918.554
83 83 -999.486
83 83 -918.554
83 83 -999.486
83 83 -918.554
83 83 -999.486
83 83 -918.554
83 83 -999.486
83 83 -526.722
83 83 -642.085
83 83 -526.722
83 83 -642.085
83 83 -526.722
83 83 -642.085
83 83 -526.722
83 83 -642.085
83 83 -796.231
83 83 -853.64
83 83 -796.231
83 83 -853.64
83 83 -796.231
83 83 -853.64
83 83 -796.231
83 83 -853.64
83 83 -536.119
83 83 -670.758
83 83 -536.119
83 83 -670.758
83 83 -536.119
83 83 -670.758
83 83 -536.119
83 83 -670.758
84 84 -689.016
84 84 -851.371
84 84 -689.016
84 84 -851.371
84 84 -689.016
84 84 -851.371
84 84 -689.016
84 84 -851.371
84 84 -648.776
84 84 -810.195
84 84 -648.776
84 84 -810.195
84 84 -648.776
84 84 -810.195
84 84 -648.776
84 84 -810.195
84 84 -3321.5
84 84 -3205.54
84 84 -3321.5
84 84 -3205.54
84 84 -3321.5
84 84 -3205.54
84 84 -3321.5
84 84 -3205.54
84 84 -832.608
84 84 -974.582
84 84 -832.608
84 84 -974.582
84 84 -832.608
84 84 -974.582
84 84 -832.608
84 84 -974.582
84 84 -936.226
84 84 -1002.62
84 84 -936.226
84 84 -1002.62
84 84 -936.226
84 84 -1002.62
84 84 -936.226
84 84 -1002.62
84 84 -755.791
84 84 -933.663
84 84 -755.791
84 84 -933.663
84 84 -755.791
84 84 -933.663
84 84 -755.791
84 84 -933.663
84 84 -792.646
84 84 -1083.27
84 84 -792.646
84 84 -1083.27
84 84 -792.646
84 84 -1083.27
84 84 -792.646
84 84 -1083.27
84 84 -1011.37
84 84 -849.608
84 84 -1011.37
84 84 -849.608
84 84 -1011.37
84 84 -849.608
84 84 -1011.37
84 84 -849.608
84 84 -1009.72
84 84 -969.436
84 84 -1009.72
84 84 -969.436
84 84 -1009.72
84 84 -969.436
84 84 -1009.72
84 84 -969.436
84 84 -733.94
84 84 -968.475
84 84 -733.94
84 84 -968.475
84 84 -733.94
84 84 -968.475
84 84 -733.94
84 84 -968.475
84 84 -549.764
84 84 -787.662
84 84 -549.764
84 84 -787.662
84 84 -549.764
84 84 -787.662
84 84 -549.764
84 84 -787.662
84 84 -663.575
84 84 -790.686
84 84 -663.575
84 84 -790.686
84 84 -663.575
84 84 -790.686
84 84 -663.575
84 84 -790.686
84 84 -666.226
84 84 -766.946
84 84 -666.226
84 84 -766.946
84 84 -666.226
84 84 -766.946
84 84 -666.226
84 84 -766.946
84 84 -832.116
84 84 -912.147
84 84 -832.116
84 84 -912.147
84 84 -832.116
84 84 -912.147
84 84 -832.116
84 84 -912.147
84 84 -846.688
84 84 -932.862
84 84 -846.688
84 84 -932.862
84 84 -846.688
84 84 -932.862
84 84 -846.688
84 84 -932.862
84 84 -688.683
84 84 -831.886
84 84 -688.683
84 84 -831.886
84 84 -688.683
84 84 -831.886
84 84 -688.683
84 84 -831.886
84 84 -3017.49
84 84 -3107.19
84 84 -3017.49
84 84 -3107.19
84 84 -3017.49
84 84 -3107.19
84 84 -3017.49
84 84 -3107.19
84 84 -935.076
84 84 -845.709
84 84 -935.076
84 84 -845.709
84 84 -935.076
84 84 -845.709
84 84 -935.076
84 84 -845.709
84 84 -856.15
84 84 -1067.04
84 84 -856.15
84 84 -1067.04
84 84 -856.15
84 84 -1067.04
84 84 -856.15
84 84 -1067.04
84 84 -821.438
84 84 -923.908
84 84 -821.438
84 84 -923.908
84 84 -821.438
84 84 -923.908
84 84 -821.438
84 84 -923.908
84 84 -879.324
84 84 -919.025
84 84 -879.324
84 84 -919.025
84 84 -879.324
84 84 -919.025
84 84 -879.324
84 84 -919.025
84 84 -706.333
84 84 -886.412
84 84 -706.333
84 84 -886.412
84 84 -706.333
84 84 -886.412
84 84 -706.333
84 84 -886.412
84 84 -3524.2
84 84 -3859.38
84 84 -3524.2
84 84 -3859.38
84 84 -3524.2
84 84 -3859.38
84 84 -3524.2
84 84 -3859.38
84 84 -787.325
84 84 -984.221
84 84 -787.325
84 84 -984.221
84 84 -787.325
84 84 -984.221
84 84 -787.325
84 84 -984.221
84 84 -1448.37
84 84 -1473.43
84 84 -1448.37
84 84 -1473.43
84 84 -1448.37
84 84 -1473.43
84 84 -1448.37
84 84 -1473.43
84 84 -1884.09
84 84 -2139.9
84 84 -1884.09
84 84 -2139.9
84 84 -1884.09
84 84 -2139.9
84 84 -1884.09
84 84 -2139.9
84 84 -1030.97
84 84 -1153.43
84 84 -1030.97
84 84 -1153.43
84 84 -1030.97
84 84 -1153.43
84 84 -1030.97
84 84 -1153.43
84 84 -1076.67
84 84 -1231.57
84 84 -1076.67
84 84 -1231.57
84 84 -1076.67
84 84 -1231.57
84 84 -1076.67
84 84 -1231.57
85 85 -4897.88
85 85 -6112.55
85 85 -4897.88
85 85 -6112.55
85 85 -4897.88
85 85 -6112.55
85 85 -4897.88
85 85 -6112.55
85 85 -2918.29
85 85 -4152.49
85 85 -2918.29
85 85 -4152.49
85 85 -2918.29
85 85 -4152.49
85 85 -2918.29
85 85 -4152.49
85 85 -3927.67
85 85 -3344.28
85 85 -3927.67
85 85 -3344.28
85 85 -3927.67
85 85 -3344.28
85 85 -3927.67
85 85 -3344.28
85 85 -2522.16
85 85 -4123.3
85 85 -2522.16
85 85 -4123.3
85 85 -2522.16
85 85 -4123.3
85 85 -2522.16
85 85 -4123.3
85 85 -3793.01
85 85 -3772.72
85 85 -3793.01
85 85 -3772.72
85 85 -3793.01
85 85 -3772.72
85 85 -3793.01
85 85 -3772.72
85 85 -3785.87
85 85 -3831.96
85 85 -3785.87
85 85 -3831.96
85 85 -3785.87
85 85 -3831.96
85 85 -3785.87
85 85 -3831.96
85 85 -3949.63
85 85 -4016.13
85 85 -3949.63
85 85 -4016.13
85 85 -3949.63
85 85 -4016.13
85 85 -3949.63
85 85 -4016.13
85 85 -3808.92
85 85 -3751.09
85 85 -3808.92
85 85 -3751.09
85 85 -3808.92
85 85 -3751.09
85 85 -3808.92
85 85 -3751.09
85 85 -4700.03
85 85 -4799.91
85 85 -4700.03
85 85 -4799.91
85 85 -4700.03
85 85 -4799.91
85 85 -4700.03
85 85 -4799.91
85 85 -2653.36
85 85 -4946.12
85 85 -2653.36
85 85 -4946.12
85 85 -2653.36
85 85 -4946.12
85 85 -2653.36
85 85 -4946.12
85 85 -3859.45
85 85 -2677.22
85 85 -3859.45
85 85 -2677.22
85 85 -3859.45
85 85 -2677.22
85 85 -3859.45
85 85 -2677.22
85 85 -2739.48
85 85 -4292.93
85 85 -2739.48
85 85 -4292.93
85 85 -2739.48
85 85 -4292.93
85 85 -2739.48
85 85 -4292.93
85 85 -2492.77
85 85 -3985.31
85 85 -2492.77
85 85 -3985.31
85 85 -2492.77
85 85 -3985.31
85 85 -2492.77
85 85 -3985.31
85 85 -4202.8
85 85 -3919.06
85 85 -4202.8
85 85 -3919.06
85 85 -4202.8
85 85 -3919.06
85 85 -4202.8
85 85 -3919.06
85 85 -2554.06
85 85 -4405.16
85 85 -2554.06
85 85 -4405.16
85 85 -2554.06
85 85 -4405.16
85 85 -2554.06
85 85 -4405.16
85 85 -4494.81
85 85 -3817.22
85 85 -4494.81
85 85 -3817.22
85 85 -4494.81
85 85 -3817.22
85 85 -4494.81
85 85 -3817.22
85 85 -3729.9
85 85 -3723.42
85 85 -3729.9
85 85 -3723.42
85 85 -3729.9
85 85 -3723.42
85 85 -3729.9
85 85 -3723.42
85 85 -4731.23
85 85 -6413.6
85 85 -4731.23
85 85 -6413.6
85 85 -4731.23
85 85 -6413.6
85 85 -4731.23
85 85 -6413.6
85 85 -4210.35
85 85 -4499.03
85 85 -4210.35
85 85 -4499.03
85 85 -4210.35
85 85 -4499.03
85 85 -4210.35
85 85 -4499.03
85 85 -4591.97
85 85 -2205.29
85 85 -4591.97
85 85 -2205.29
85 85 -4591.97
85 85 -2205.29
85 85 -4591.97
85 85 -2205.29
85 85 -4140.04
85 85 -2266.01
85 85 -4140.04
85 85 -2266.01
85 85 -4140.04
85 85 -2266.01
85 85 -4140.04
85 85 -2266.01
85 85 -3796.3
85 85 -3726.73
85 85 -3796.3
85 85 -3726.73
85 85 -3796.3
85 85 -3726.73
85 85 -3796.3
85 85 -3726.73
85 85 -3949.9
85 85 -3873.05
85 85 -3949.9
85 85 -3873.05
85 85 -3949.9
85 85 -3873.05
85 85 -3949.9
85 85 -3873.05
85 85 -3640.99
85 85 -4858.07
85 85 -3640.99
85 85 -4858.07
85 85 -3640.99
85 85 -4858.07
85 85 -3640.99
85 85 -4858.07
85 85 -9546.08
85 85 -9582.36
85 85 -9546.08
85 85 -9582.36
85 85 -9546.08
85 85 -9582.36
85 85 -9546.08
85 85 -9582.36
85 85 -6027.89
85 85 -5579.49
85 85 -6027.89
85 85 -5579.49
85 85 -6027.89
85 85 -5579.49
85 85 -6027.89
85 85 -5579.49
85 85 -3764.76
85 85 -3788.8
85 85 -3764.76
85 85 -3788.8
85 85 -3764.76
85 85 -3788.8
85 85 -3764.76
85 85 -3788.8
85 85 -4582.92
85 85 -4424.66
85 85 -4582.92
85 85 -4424.66
85 85 -4582.92
85 85 -4424.66
85 85 -4582.92
85 85 -4424.66
86 86 -759.893
86 86 -751.928
86 86 -759.893
86 86 -751.928
86 86 -759.893
86 86 -751.928
86 86 -759.893
86 86 -751.928
86 86 -1140.33
86 86 -1097.78
86 86 -1140.33
86 86 -1097.78
86 86 -1140.33
86 86 -1097.78
86 86 -1140.33
86 86 -1097.78
86 86 -400.835
86 86 -643.467
86 86 -400.835
86 86 -643.467
86 86 -400.835
86 86 -643.467
86 86 -400.835
86 86 -643.467
86 86 -952.784
86 86 -1059.98
86 86 -952.784
86 86 -1059.98
86 86 -952.784
86 86 -1059.98
86 86 -952.784
86 86 -1059.98
86 86 -499.699
86 86 -637.028
86 86 -499.699
86 86 -637.028
86 86 -499.699
86 86 -637.028
86 86 -499.699
86 86 -637.028
86 86 -576.916
86 86 -615.919
86 86 -576.916
86 86 -615.919
86 86 -576.916
86 86 -615.919
86 86 -576.916
86 86 -615.919
86 86 -526.695
86 86 -794.009
86 86 -526.695
86 86 -794.009
86 86 -526.695
86 86 -794.009
86 86 -526.695
86 86 -794.009
86 86 -583.552
86 86 -697.852
86 86 -583.552
86 86 -697.852
86 86 -583.552
86 86 -697.852
86 86 -583.552
86 86 -697.852
86 86 -523.539
86 86 -758.42
86 86 -523.539
86 86 -758.42
86 86 -523.539
86 86 -758.42
86 86 -523.539
86 86 -758.42
86 86 -597.855
86 86 -763.855
86 86 -597.855
86 86 -763.855
86 86 -597.855
86 86 -763.855
86 86 -597.855
86 86 -763.855
86 86 -776.347
86 86 -888.724
86 86 -776.347
86 86 -888.724
86 86 -776.347
86 86 -888.724
86 86 -776.347
86 86 -888.724
86 86 -2072.04
86 86 -1821.07
86 86 -2072.04
86 86 -1821.07
86 86 -2072.04
86 86 -1821.07
86 86 -2072.04
86 86 -1821.07
86 86 -1872.39
86 86 -1640.76
86 86 -1872.39
86 86 -1640.76
86 86 -1872.39
86 86 -1640.76
86 86 -1872.39
86 86 -1640.76
86 86 -1290.16
86 86 -1222.28
86 86 -1290.16
86 86 -1222.28
86 86 -1290.16
86 86 -1222.28
86 86 -1290.16
86 86 -1222.28
86 86 -1924.27
86 86 -1595.53
86 86 -1924.27
86 86 -1595.53
86 86 -1924.27
86 86 -1595.53
86 86 -1924.27
86 86 -1595.53
86 86 -686.846
86 86 -735.846
86 86 -686.846
86 86 -735.846
86 86 -686.846
86 86 -735.846
86 86 -686.846
86 86 -735.846
86 86 -744.893
86 86 -773.944
86 86 -744.893
86 86 -773.944
86 86 -744.893
86 86 -773.944
86 86 -744.893
86 86 -773.944
86 86 -670.494
86 86 -773.953
86 86 -670.494
86 86 -773.953
86 86 -670.494
86 86 -773.953
86 86 -670.494
86 86 -773.953
86 86 -898.553
86 86 -951.379
86 86 -898.553
86 86 -951.379
86 86 -898.553
86 86 -951.379
86 86 -898.553
86 86 -951.379
86 86 -556.999
86 86 -649.412
86 86 -556.999
86 86 -649.412
86 86 -556.999
86 86 -649.412
86 86 -556.999
86 86 -649.412
86 86 -832.933
86 86 -948.716
86 86 -832.933
86 86 -948.716
86 86 -832.933
86 86 -948.716
86 86 -832.933
86 86 -948.716
86 86 -1224.51
86 86 -1288.38
86 86 -1224.51
86 86 -1288.38
86 86 -1224.51
86 86 -1288.38
86 86 -1224.51
86 86 -1288.38
86 86 -781.568
86 86 -896.231
86 86 -781.568
86 86 -896.231
86 86 -781.568
86 86 -896.231
86 86 -781.568
86 86 -896.231
86 86 -522.396
86 86 -636.768
86 86 -522.396
86 86 -636.768
86 86 -522.396
86 86 -636.768
86 86 -522.396
86 86 -636.768
86 86 -1942.87
86 86 -1671.36
86 86 -1942.87
86 86 -1671.36
86 86 -1942.87
86 86 -1671.36
86 86 -1942.87
86 86 -1671.36
86 86 -545.855
86 86 -639.32
86 86 -545.855
86 86 -639.32
86 86 -545.855
86 86 -639.32
86 86 -545.855
86 86 -639.32
86 86 -574.886
86 86 -658.569
86 86 -574.886
86 86 -658.569
86 86 -574.886
86 86 -658.569
86 86 -574.886
86 86 -658.569
86 86 -599.853
86 86 -622.204
86 86 -599.853
86 86 -622.204
86 86 -599.853
86 86 -622.204
86 86 -599.853
86 86 -622.204
87 87 -4196.25
87 87 -3113.62
87 87 -4196.25
87 87 -3113.62
87 87 -4196.25
87 87 -3113.62
87 87 -4196.25
87 87 -3113.62
87 87 -3730.01
87 87 -4391.46
87 87 -3730.01
87 87 -4391.46
87 87 -3730.01
87 87 -4391.46
87 87 -3730.01
87 87 -4391.46
87 87 -4205.69
87 87 -3536.29
87 87 -4205.69
87 87 -3536.29
87 87 -4205.69
87 87 -3536.29
87 87 -4205.69
87 87 -3536.29
87 87 -6378.45
87 87 -5820.15
87 87 -6378.45
87 87 -5820.15
87 87 -6378.45
87 87 -5820.15
87 87 -6378.45
87 87 -5820.15
87 87 -3876.5
87 87 -3845.66
87 87 -3876.5
87 87 -3845.66
87 87 -3876.5
87 87 -3845.66
87 87 -3876.5
87 87 -3845.66
87 87 -4875.33
87 87 -6259.96
87 87 -4875.33
87 87 -6259.96
87 87 -4875.33
87 87 -6259.96
87 87 -4875.33
87 87 -6259.96
87 87 -3707.52
87 87 -3773.21
87 87 -3707.52
87 87 -3773.21
87 87 -3707.52
87 87 -3773.21
87 87 -3707.52
87 87 -3773.21
87 87 -3585.89
87 87 -3761.5
87 87 -3585.89
87 87 -3761.5
87 87 -3585.89
87 87 -3761.5
87 87 -3585.89
87 87 -3761.5
87 87 -3479.84
87 87 -3755.95
87 87 -3479.84
87 87 -3755.95
87 87 -3479.84
87 87 -3755.95
87 87 -3479.84
87 87 -3755.95
87 87 -3724.96
87 87 -2502.76
87 87 -3724.96
87 87 -2502.76
87 87 -3724.96
87 87 -2502.76
87 87 -3724.96
87 87 -2502.76
87 87 -5757.69
87 87 -5595.46
87 87 -5757.69
87 87 -5595.46
87 87 -5757.69
87 87 -5595.46
87 87 -5757.69
87 87 -5595.46
87 87 -3907.92
87 87 -3944.83
87 87 -3907.92
87 87 -3944.83
87 87 -3907.92
87 87 -3944.83
87 87 -3907.92
87 87 -3944.83
87 87 -3521.86
87 87 -3545.65
87 87 -3521.86
87 87 -3545.65
87 87 -3521.86
87 87 -3545.65
87 87 -3521.86
87 87 -3545.65
87 87 -4299.21
87 87 -3733.37
87 87 -4299.21
87 87 -3733.37
87 87 -4299.21
87 87 -3733.37
87 87 -4299.21
87 87 -3733.37
87 87 -3668.83
87 87 -3854.07
87 87 -3668.83
87 87 -3854.07
87 87 -3668.83
87 87 -3854.07
87 87 -3668.83
87 87 -3854.07
87 87 -3580.71
87 87 -3875.85
87 87 -3580.71
87 87 -3875.85
87 87 -3580.71
87 87 -3875.85
87 87 -3580.71
87 87 -3875.85
87 87 -3782.44
87 87 -3790.97
87 87 -3782.44
87 87 -3790.97
87 87 -3782.44
87 87 -3790.97
87 87 -3782.44
87 87 -3790.97
87 87 -3651.77
87 87 -3829.11
87 87 -3651.77
87 87 -3829.11
87 87 -3651.77
87 87 -3829.11
87 87 -3651.77
87 87 -3829.11
87 87 -3481.43
87 87 -2506.81
87 87 -3481.43
87 87 -2506.81
87 87 -3481.43
87 87 -2506.81
87 87 -3481.43
87 87 -2506.81
87 87 -3279.93
87 87 -2797.41
87 87 -3279.93
87 87 -2797.41
87 87 -3279.93
87 87 -2797.41
87 87 -3279.93
87 87 -2797.41
87 87 -2899.14
87 87 -1760.93
87 87 -2899.14
87 87 -1760.93
87 87 -2899.14
87 87 -1760.93
87 87 -2899.14
87 87 -1760.93
87 87 -4847.78
87 87 -4869.57
87 87 -4847.78
87 87 -4869.57
87 87 -4847.78
87 87 -4869.57
87 87 -4847.78
87 87 -4869.57
87 87 -4937.78
87 87 -2785.01
87 87 -4937.78
87 87 -2785.01
87 87 -4937.78
87 87 -2785.01
87 87 -4937.78
87 87 -2785.01
87 87 -3720.83
87 87 -3764.83
87 87 -3720.83
87 87 -3764.83
87 87 -3720.83
87 87 -3764.83
87 87 -3720.83
87 87 -3764.83
87 87 -2499.4
87 87 -3900.34
87 87 -2499.4
87 87 -3900.34
87 87 -2499.4
87 87 -3900.34
87 87 -2499.4
87 87 -3900.34
87 87 -3859.22
87 87 -3695.95
87 87 -3859.22
87 87 -3695.95
87 87 -3859.22
87 87 -3695.95
87 87 -3859.22
87 87 -3695.95
87 87 -3918.12
87 87 -2574.04
87 87 -3918.12
87 87 -2574.04
87 87 -3918.12
87 87 -2574.04
87 87 -3918.12
87 87 -2574.04
87 87 -3590.37
87 87 -1585.55
87 87 -3590.37
87 87 -1585.55
87 87 -3590.37
87 87 -1585.55
87 87 -3590.37
87 87 -1585.55
88 88 -750.461
88 88 -810.666
88 88 -750.461
88 88 -810.666
88 88 -750.461
88 88 -810.666
88 88 -750.461
88 88 -810.666
88 88 -614.716
88 88 -637.039
88 88 -614.716
88 88 -637.039
88 88 -614.716
88 88 -637.039
88 88 -614.716
88 88 -637.039
88 88 -2017.96
88 88 -2192.57
88 88 -2017.96
88 88 -2192.57
88 88 -2017.96
88 88 -2192.57
88 88 -2017.96
88 88 -2192.57
88 88 -2276.53
88 88 -2174.69
88 88 -2276.53
88 88 -2174.69
88 88 -2276.53
88 88 -2174.69
88 88 -2276.53
88 88 -2174.69
88 88 -774.111
88 88 -890.367
88 88 -774.111
88 88 -890.367
88 88 -774.111
88 88 -890.367
88 88 -774.111
88 88 -890.367
88 88 -1079.25
88 88 -1148.18
88 88 -1079.25
88 88 -1148.18
88 88 -1079.25
88 88 -1148.18
88 88 -1079.25
88 88 -1148.18
88 88 -2368.36
88 88 -2346.31
88 88 -2368.36
88 88 -2346.31
88 88 -2368.36
88 88 -2346.31
88 88 -2368.36
88 88 -2346.31
88 88 -860.961
88 88 -907.096
88 88 -860.961
88 88 -907.096
88 88 -860.961
88 88 -907.096
88 88 -860.961
88 88 -907.096
88 88 -891.983
88 88 -1079.56
88 88 -891.983
88 88 -1079.56
88 88 -891.983
88 88 -1079.56
88 88 -891.983
88 88 -1079.56
88 88 -2229.34
88 88 -2325.86
88 88 -2229.34
88 88 -2325.86
88 88 -2229.34
88 88 -2325.86
88 88 -2229.34
88 88 -2325.86
88 88 -638.512
88 88 -695.401
88 88 -638.512
88 88 -695.401
88 88 -638.512
88 88 -695.401
88 88 -638.512
88 88 -695.401
88 88 -646.535
88 88 -750.102
88 88 -646.535
88 88 -750.102
88 88 -646.535
88 88 -750.102
88 88 -646.535
88 88 -750.102
88 88 -732.022
88 88 -949.86
88 88 -732.022
88 88 -949.86
88 88 -732.022
88 88 -949.86
88 88 -732.022
88 88 -949.86
88 88 -729.916
88 88 -749.476
88 88 -729.916
88 88 -749.476
88 88 -729.916
88 88 -749.476
88 88 -729.916
88 88 -749.476
88 88 -667.894
88 88 -774.493
88 88 -667.894
88 88 -774.493
88 88 -667.894
88 88 -774.493
88 88 -667.894
88 88 -774.493
88 88 -2089.5
88 88 -2307.56
88 88 -2089.5
88 88 -2307.56
88 88 -2089.5
88 88 -2307.56
88 88 -2089.5
88 88 -2307.56
88 88 -954.609
88 88 -1004.13
88 88 -954.609
88 88 -1004.13
88 88 -954.609
88 88 -1004.13
88 88 -954.609
88 88 -1004.13
88 88 -1966.74
88 88 -1999.09
88 88 -1966.74
88 88 -1999.09
88 88 -1966.74
88 88 -1999.09
88 88 -1966.74
88 88 -1999.09
88 88 -883.798
88 88 -947.765
88 88 -883.798
88 88 -947.765
88 88 -883.798
88 88 -947.765
88 88 -883.798
88 88 -947.765
88 88 -3184.88
88 88 -3451.29
88 88 -3184.88
88 88 -3451.29
88 88 -3184.88
88 88 -3451.29
88 88 -3184.88
88 88 -3451.29
88 88 -2663.98
88 88 -2526.96
88 88 -2663.98
88 88 -2526.96
88 88 -2663.98
88 88 -2526.96
88 88 -2663.98
88 88 -2526.96
88 88 -981.882
88 88 -1138.89
88 88 -981.882
88 88 -1138.89
88 88 -981.882
88 88 -1138.89
88 88 -981.882
88 88 -1138.89
88 88 -580.037
88 88 -692.665
88 88 -580.037
88 88 -692.665
88 88 -580.037
88 88 -692.665
88 88 -580.037
88 88 -692.665
88 88 -964.914
88 88 -805.713
88 88 -964.914
88 88 -805.713
88 88 -964.914
88 88 -805.713
88 88 -964.914
88 88 -805.713
88 88 -912.663
88 88 -864.05
88 88 -912.663
88 88 -864.05
88 88 -912.663
88 88 -864.05
88 88 -912.663
88 88 -864.05
88 88 -875.904
88 88 -838.577
88 88 -875.904
88 88 -838.577
88 88 -875.904
88 88 -838.577
88 88 -875.904
88 88 -838.577
88 88 -898.949
88 88 -925.529
88 88 -898.949
88 88 -925.529
88 88 -898.949
88 88 -925.529
88 88 -898.949
88 88 -925.529
89 89 -1197.89
89 89 -1328.1
89 89 -1197.89
89 89 -1328.1
89 89 -1197.89
89 89 -1328.1
89 89 -1197.89
89 89 -1328.1
89 89 -1073.88
89 89 -1402.53
89 89 -1073.88
89 89 -1402.53
89 89 -1073.88
89 89 -1402.53
89 89 -1073.88
89 89 -1402.53
89 89 -2018.58
89 89 -1908.96
89 89 -2018.58
89 89 -1908.96
89 89 -2018.58
89 89 -1908.96
89 89 -2018.58
89 89 -1908.96
89 89 -2060.84
89 89 -2612.65
89 89 -2060.84
89 89 -2612.65
89 89 -2060.84
89 89 -2612.65
89 89 -2060.84
89 89 -2612.65
89 89 -2102.03
89 89 -2334.03
89 89 -2102.03
89 89 -2334.03
89 89 -2102.03
89 89 -2334.03
89 89 -2102.03
89 89 -2334.03
89 89 -917.443
89 89 -1096.05
89 89 -917.443
89 89 -1096.05
89 89 -917.443
89 89 -1096.05
89 89 -917.443
89 89 -1096.05
89 89 -986.439
89 89 -1543.56
89 89 -986.439
89 89 -1543.56
89 89 -986.439
89 89 -1543.56
89 89 -986.439
89 89 -1543.56
89 89 -2293.54
89 89 -2389.62
89 89 -2293.54
89 89 -2389.62
89 89 -2293.54
89 89 -2389.62
89 89 -2293.54
89 89 -2389.62
89 89 -2619.11
89 89 -3245.04
89 89 -2619.11
89 89 -3245.04
89 89 -2619.11
89 89 -3245.04
89 89 -2619.11
89 89 -3245.04
89 89 -578.506
89 89 -1348.97
89 89 -578.506
89 89 -1348.97
89 89 -578.506
89 89 -1348.97
89 89 -578.506
89 89 -1348.97
89 89 -2334.09
89 89 -2356.99
89 89 -2334.09
89 89 -2356.99
89 89 -2334.09
89 89 -2356.99
89 89 -2334.09
89 89 -2356.99
89 89 -2042.42
89 89 -1919.47
89 89 -2042.42
89 89 -1919.47
89 89 -2042.42
89 89 -1919.47
89 89 -2042.42
89 89 -1919.47
89 89 -2198.02
89 89 -2029.45
89 89 -2198.02
89 89 -2029.45
89 89 -2198.02
89 89 -2029.45
89 89 -2198.02
89 89 -2029.45
89 89 -4527.24
89 89 -3081.69
89 89 -4527.24
89 89 -3081.69
89 89 -4527.24
89 89 -3081.69
89 89 -4527.24
89 89 -3081.69
89 89 -3090.88
89 89 -3216.76
89 89 -3090.88
89 89 -3216.76
89 89 -3090.88
89 89 -3216.76
89 89 -3090.88
89 89 -3216.76
89 89 -1979.63
89 89 -1879.29
89 89 -1979.63
89 89 -1879.29
89 89 -1979.63
89 89 -1879.29
89 89 -1979.63
89 89 -1879.29
89 89 -835.317
89 89 -1258.66
89 89 -835.317
89 89 -1258.66
89 89 -835.317
89 89 -1258.66
89 89 -835.317
89 89 -1258.66
89 89 -2145.43
89 89 -2735.39
89 89 -2145.43
89 89 -2735.39
89 89 -2145.43
89 89 -2735.39
89 89 -2145.43
89 89 -2735.39
89 89 -1762.14
89 89 -1859.77
89 89 -1762.14
89 89 -1859.77
89 89 -1762.14
89 89 -1859.77
89 89 -1762.14
89 89 -1859.77
89 89 -1778.53
89 89 -2039.86
89 89 -1778.53
89 89 -2039.86
89 89 -1778.53
89 89 -2039.86
89 89 -1778.53
89 89 -2039.86
89 89 -714.371
89 89 -1337.36
89 89 -714.371
89 89 -1337.36
89 89 -714.371
89 89 -1337.36
89 89 -714.371
89 89 -1337.36
89 89 -1056.27
89 89 -1355.56
89 89 -1056.27
89 89 -1355.56
89 89 -1056.27
89 89 -1355.56
89 89 -1056.27
89 89 -1355.56
89 89 -3585.54
89 89 -3502.51
89 89 -3585.54
89 89 -3502.51
89 89 -3585.54
89 89 -3502.51
89 89 -3585.54
89 89 -3502.51
89 89 -743.528
89 89 -1429.39
89 89 -743.528
89 89 -1429.39
89 89 -743.528
89 89 -1429.39
89 89 -743.528
89 89 -1429.39
89 89 -1435.05
89 89 -1848.42
89 89 -1435.05
89 89 -1848.42
89 89 -1435.05
89 89 -1848.42
89 89 -1435.05
89 89 -1848.42
89 89 -640.17
89 89 -1245.22
89 89 -640.17
89 89 -1245.22
89 89 -640.17
89 89 -1245.22
89 89 -640.17
89 89 -1245.22
89 89 -805.375
89 89 -1421.8
89 89 -805.375
89 89 -1421.8
89 89 -805.375
89 89 -1421.8
89 89 -805.375
89 89 -1421.8
89 89 -1139.13
89 89 -1627.14
89 89 -1139.13
89 89 -1627.14
89 89 -1139.13
89 89 -1627.14
89 89 -1139.13
89 89 -1627.14
90 90 -846.42
90 90 -1187.87
90 90 -846.42
90 90 -1187.87
90 90 -846.42
90 90 -1187.87
90 90 -846.42
90 90 -1187.87
90 90 -744.057
90 90 -694.989
90 90 -744.057
90 90 -694.989
90 90 -744.057
90 90 -694.989
90 90 -744.057
90 90 -694.989
90 90 -803.177
90 90 -950.383
90 90 -803.177
90 90 -950.383
90 90 -803.177
90 90 -950.383
90 90 -803.177
90 90 -950.383
90 90 -1163.89
90 90 -1282.91
90 90 -1163.89
90 90 -1282.91
90 90 -1163.89
90 90 -1282.91
90 90 -1163.89
90 90 -1282.91
90 90 -742.349
90 90 -766.81
90 90 -742.349
90 90 -766.81
90 90 -742.349
90 90 -766.81
90 90 -742.349
90 90 -766.81
90 90 -1013.61
90 90 -982.82
90 90 -1013.61
90 90 -982.82
90 90 -1013.61
90 90 -982.82
90 90 -1013.61
90 90 -982.82
90 90 -684.49
90 90 -790.747
90 90 -684.49
90 90 -790.747
90 90 -684.49
90 90 -790.747
90 90 -684.49
90 90 -790.747
90 90 -975.495
90 90 -1012.18
90 90 -975.495
90 90 -1012.18
90 90 -975.495
90 90 -1012.18
90 90 -975.495
90 90 -1012.18
90 90 -1109.34
90 90 -1285.61
90 90 -1109.34
90 90 -1285.61
90 90 -1109.34
90 90 -1285.61
90 90 -1109.34
90 90 -1285.61
90 90 -726.611
90 90 -813.046
90 90 -726.611
90 90 -813.046
90 90 -726.611
90 90 -813.046
90 90 -726.611
90 90 -813.046
90 90 -913.282
90 90 -1326.54
90 90 -913.282
90 90 -1326.54
90 90 -913.282
90 90 -1326.54
90 90 -913.282
90 90 -1326.54
90 90 -474.994
90 90 -782.855
90 90 -474.994
90 90 -782.855
90 90 -474.994
90 90 -782.855
90 90 -474.994
90 90 -782.855
90 90 -756.975
90 90 -838.951
90 90 -756.975
90 90 -838.951
90 90 -756.975
90 90 -838.951
90 90 -756.975
90 90 -838.951
90 90 -754.814
90 90 -841.397
90 90 -754.814
90 90 -841.397
90 90 -754.814
90 90 -841.397
90 90 -754.814
90 90 -841.397
90 90 -786.656
90 90 -1094.72
90 90 -786.656
90 90 -1094.72
90 90 -786.656
90 90 -1094.72
90 90 -786.656
90 90 -1094.72
90 90 -748.828
90 90 -756.535
90 90 -748.828
90 90 -756.535
90 90 -748.828
90 90 -756.535
90 90 -748.828
90 90 -756.535
90 90 -2334.1
90 90 -2635.63
90 90 -2334.1
90 90 -2635.63
90 90 -2334.1
90 90 -2635.63
90 90 -2334.1
90 90 -2635.63
90 90 -948.388
90 90 -907.392
90 90 -948.388
90 90 -907.392
90 90 -948.388
90 90 -907.392
90 90 -948.388
90 90 -907.392
90 90 -753.149
90 90 -844.192
90 90 -753.149
90 90 -844.192
90 90 -753.149
90 90 -844.192
90 90 -753.149
90 90 -844.192
90 90 -854.276
90 90 -922.881
90 90 -854.276
90 90 -922.881
90 90 -854.276
90 90 -922.881
90 90 -854.276
90 90 -922.881
90 90 -1556.9
90 90 -1514.06
90 90 -1556.9
90 90 -1514.06
90 90 -1556.9
90 90 -1514.06
90 90 -1556.9
90 90 -1514.06
90 90 -591.19
90 90 -1061.39
90 90 -591.19
90 90 -1061.39
90 90 -591.19
90 90 -1061.39
90 90 -591.19
90 90 -1061.39
90 90 -904.732
90 90 -971.087
90 90 -904.732
90 90 -971.087
90 90 -904.732
90 90 -971.087
90 90 -904.732
90 90 -971.087
90 90 -2902.8
90 90 -3182.34
90 90 -2902.8
90 90 -3182.34
90 90 -2902.8
90 90 -3182.34
90 90 -2902.8
90 90 -3182.34
90 90 -838.123
90 90 -1113.47
90 90 -838.123
90 90 -1113.47
90 90 -838.123
90 90 -1113.47
90 90 -838.123
90 90 -1113.47
90 90 -875.228
90 90 -960.259
90 90 -875.228
90 90 -960.259
90 90 -875.228
90 90 -960.259
90 90 -875.228
90 90 -960.259
90 90 -1748.43
90 90 -1929.24
90 90 -1748.43
90 90 -1929.24
90 90 -1748.43
90 90 -1929.24
90 90 -1748.43
90 90 -1929.24
90 90 -3409.19
90 90 -3715.04
90 90 -3409.19
90 90 -3715.04
90 90 -3409.19
90 90 -3715.04
90 90 -3409.19
90 90 -3715.04
91 91 -5176.69
91 91 -5640.72
91 91 -5176.69
91 91 -5640.72
91 91 -5176.69
91 91 -5640.72
91 91 -5176.69
91 91 -5640.72
91 91 -3588.91
91 91 -3294.93
91 91 -3588.91
91 91 -3294.93
91 91 -3588.91
91 91 -3294.93
91 91 -3588.91
91 91 -3294.93
91 91 -1193.3
91 91 -3229.1
91 91 -1193.3
91 91 -3229.1
91 91 -1193.3
91 91 -3229.1
91 91 -1193.3
91 91 -3229.1
91 91 -2429.87
91 91 -2393.58
91 91 -2429.87
91 91 -2393.58
91 91 -2429.87
91 91 -2393.58
91 91 -2429.87
91 91 -2393.58
91 91 -2732.25
91 91 -2666.75
91 91 -2732.25
91 91 -2666.75
91 91 -2732.25
91 91 -2666.75
91 91 -2732.25
91 91 -2666.75
91 91 -2497.38
91 91 -2538.53
91 91 -2497.38
91 91 -2538.53
91 91 -2497.38
91 91 -2538.53
91 91 -2497.38
91 91 -2538.53
91 91 -2853.41
91 91 -2835.94
91 91 -2853.41
91 91 -2835.94
91 91 -2853.41
91 91 -2835.94
91 91 -2853.41
91 91 -2835.94
91 91 -2421.16
91 91 -2422.87
91 91 -2421.16
91 91 -2422.87
91 91 -2421.16
91 91 -2422.87
91 91 -2421.16
91 91 -2422.87
91 91 -2494.54
91 91 -2483.36
91 91 -2494.54
91 91 -2483.36
91 91 -2494.54
91 91 -2483.36
91 91 -2494.54
91 91 -2483.36
91 91 -3068.44
91 91 -2984.77
91 91 -3068.44
91 91 -2984.77
91 91 -3068.44
91 91 -2984.77
91 91 -3068.44
91 91 -2984.77
91 91 -2806.62
91 91 -2580.93
91 91 -2806.62
91 91 -2580.93
91 91 -2806.62
91 91 -2580.93
91 91 -2806.62
91 91 -2580.93
91 91 -2873.82
91 91 -2569.35
91 91 -2873.82
91 91 -2569.35
91 91 -2873.82
91 91 -2569.35
91 91 -2873.82
91 91 -2569.35
91 91 -2692.62
91 91 -2664.41
91 91 -2692.62
91 91 -2664.41
91 91 -2692.62
91 91 -2664.41
91 91 -2692.62
91 91 -2664.41
91 91 -2487.51
91 91 -2548.1
91 91 -2487.51
91 91 -2548.1
91 91 -2487.51
91 91 -2548.1
91 91 -2487.51
91 91 -2548.1
91 91 -2564.64
91 91 -2413.66
91 91 -2564.64
91 91 -2413.66
91 91 -2564.64
91 91 -2413.66
91 91 -2564.64
91 91 -2413.66
91 91 -2507.95
91 91 -2645.98
91 91 -2507.95
91 91 -2645.98
91 91 -2507.95
91 91 -2645.98
91 91 -2507.95
91 91 -2645.98
91 91 -3541.06
91 91 -1934.35
91 91 -3541.06
91 91 -1934.35
91 91 -3541.06
91 91 -1934.35
91 91 -3541.06
91 91 -1934.35
91 91 -3933.47
91 91 -1741.86
91 91 -3933.47
91 91 -1741.86
91 91 -3933.47
91 91 -1741.86
91 91 -3933.47
91 91 -1741.86
91 91 -2546.56
91 91 -2513.17
91 91 -2546.56
91 91 -2513.17
91 91 -2546.56
91 91 -2513.17
91 91 -2546.56
91 91 -2513.17
91 91 -2012.1
91 91 -3729.47
91 91 -2012.1
91 91 -3729.47
91 91 -2012.1
91 91 -3729.47
91 91 -2012.1
91 91 -3729.47
91 91 -1830.09
91 91 -3566.89
91 91 -1830.09
91 91 -3566.89
91 91 -1830.09
91 91 -3566.89
91 91 -1830.09
91 91 -3566.89
91 91 -2445.19
91 91 -2497.16
91 91 -2445.19
91 91 -2497.16
91 91 -2445.19
91 91 -2497.16
91 91 -2445.19
91 91 -2497.16
91 91 -3011.81
91 91 -2934
91 91 -3011.81
91 91 -2934
91 91 -3011.81
91 91 -2934
91 91 -3011.81
91 91 -2934
91 91 -2728.28
91 91 -2683.4
91 91 -2728.28
91 91 -2683.4
91 91 -2728.28
91 91 -2683.4
91 91 -2728.28
91 91 -2683.4
91 91 -3679.23
91 91 -2145.65
91 91 -3679.23
91 91 -2145.65
91 91 -3679.23
91 91 -2145.65
91 91 -3679.23
91 91 -2145.65
91 91 -2490.17
91 91 -2372.28
91 91 -2490.17
91 91 -2372.28
91 91 -2490.17
91 91 -2372.28
91 91 -2490.17
91 91 -2372.28
91 91 -2473.69
91 91 -2490.32
91 91 -2473.69
91 91 -2490.32
91 91 -2473.69
91 91 -2490.32
91 91 -2473.69
91 91 -2490.32
91 91 -3167.46
91 91 -3017.89
91 91 -3167.46
91 91 -3017.89
91 91 -3167.46
91 91 -3017.89
91 91 -3167.46
91 91 -3017.89
92 92 -1391.51
92 92 -1491.84
92 92 -1391.51
92 92 -1491.84
92 92 -1391.51
92 92 -1491.84
92 92 -1391.51
92 92 -1491.84
92 92 -1484.3
92 92 -1634.78
92 92 -1484.3
92 92 -1634.78
92 92 -1484.3
92 92 -1634.78
92 92 -1484.3
92 92 -1634.78
92 92 -2076.44
92 92 -2279.23
92 92 -2076.44
92 92 -2279.23
92 92 -2076.44
92 92 -2279.23
92 92 -2076.44
92 92 -2279.23
92 92 -1046.29
92 92 -1098.7
92 92 -1046.29
92 92 -1098.7
92 92 -1046.29
92 92 -1098.7
92 92 -1046.29
92 92 -1098.7
92 92 -1008.16
92 92 -1161.37
92 92 -1008.16
92 92 -1161.37
92 92 -1008.16
92 92 -1161.37
92 92 -1008.16
92 92 -1161.37
92 92 -1667.6
92 92 -1863.54
92 92 -1667.6
92 92 -1863.54
92 92 -1667.6
92 92 -1863.54
92 92 -1667.6
92 92 -1863.54
92 92 -1906.64
92 92 -2189.04
92 92 -1906.64
92 92 -2189.04
92 92 -1906.64
92 92 -2189.04
92 92 -1906.64
92 92 -2189.04
92 92 -987.498
92 92 -1049.84
92 92 -987.498
92 92 -1049.84
92 92 -987.498
92 92 -1049.84
92 92 -987.498
92 92 -1049.84
92 92 -2344.29
92 92 -2647.16
92 92 -2344.29
92 92 -2647.16
92 92 -2344.29
92 92 -2647.16
92 92 -2344.29
92 92 -2647.16
92 92 -1240.48
92 92 -1347.82
92 92 -1240.48
92 92 -1347.82
92 92 -1240.48
92 92 -1347.82
92 92 -1240.48
92 92 -1347.82
92 92 -987.158
92 92 -1028.99
92 92 -987.158
92 92 -1028.99
92 92 -987.158
92 92 -1028.99
92 92 -987.158
92 92 -1028.99
92 92 -814.425
92 92 -1054.7
92 92 -814.425
92 92 -1054.7
92 92 -814.425
92 92 -1054.7
92 92 -814.425
92 92 -1054.7
92 92 -2049.46
92 92 -2219.07
92 92 -2049.46
92 92 -2219.07
92 92 -2049.46
92 92 -2219.07
92 92 -2049.46
92 92 -2219.07
92 92 -4503.41
92 92 -5665.86
92 92 -4503.41
92 92 -5665.86
92 92 -4503.41
92 92 -5665.86
92 92 -4503.41
92 92 -5665.86
92 92 -2307.24
92 92 -2523.63
92 92 -2307.24
92 92 -2523.63
92 92 -2307.24
92 92 -2523.63
92 92 -2307.24
92 92 -2523.63
92 92 -1151.68
92 92 -1343.6
92 92 -1151.68
92 92 -1343.6
92 92 -1151.68
92 92 -1343.6
92 92 -1151.68
92 92 -1343.6
92 92 -728.275
92 92 -838.588
92 92 -728.275
92 92 -838.588
92 92 -728.275
92 92 -838.588
92 92 -728.275
92 92 -838.588
92 92 -1075.12
92 92 -1174.15
92 92 -1075.12
92 92 -1174.15
92 92 -1075.12
92 92 -1174.15
92 92 -1075.12
92 92 -1174.15
92 92 -2320.36
92 92 -2505.24
92 92 -2320.36
92 92 -2505.24
92 92 -2320.36
92 92 -2505.24
92 92 -2320.36
92 92 -2505.24
92 92 -1569.01
92 92 -1601.92
92 92 -1569.01
92 92 -1601.92
92 92 -1569.01
92 92 -1601.92
92 92 -1569.01
92 92 -1601.92
92 92 -2140.65
92 92 -2270.87
92 92 -2140.65
92 92 -2270.87
92 92 -2140.65
92 92 -2270.87
92 92 -2140.65
92 92 -2270.87
92 92 -1715.88
92 92 -1875.07
92 92 -1715.88
92 92 -1875.07
92 92 -1715.88
92 92 -1875.07
92 92 -1715.88
92 92 -1875.07
92 92 -2295.87
92 92 -2397.39
92 92 -2295.87
92 92 -2397.39
92 92 -2295.87
92 92 -2397.39
92 92 -2295.87
92 92 -2397.39
92 92 -1051.47
92 92 -1186.04
92 92 -1051.47
92 92 -1186.04
92 92 -1051.47
92 92 -1186.04
92 92 -1051.47
92 92 -1186.04
92 92 -1818.85
92 92 -1908.75
92 92 -1818.85
92 92 -1908.75
92 92 -1818.85
92 92 -1908.75
92 92 -1818.85
92 92 -1908.75
92 92 -1100.16
92 92 -1299.08
92 92 -1100.16
92 92 -1299.08
92 92 -1100.16
92 92 -1299.08
92 92 -1100.16
92 92 -1299.08
93 93 -4039.55
93 93 -3256.84
93 93 -4039.55
93 93 -3256.84
93 93 -4039.55
93 93 -3256.84
93 93 -4039.55
93 93 -3256.84
93 93 -1914.6
93 93 -3587.55
93 93 -1914.6
93 93 -3587.55
93 93 -1914.6
93 93 -3587.55
93 93 -1914.6
93 93 -3587.55
93 93 -4016.56
93 93 -4790.08
93 93 -4016.56
93 93 -4790.08
93 93 -4016.56
93 93 -4790.08
93 93 -4016.56
93 93 -4790.08
93 93 -4570.22
93 93 -4215.12
93 93 -4570.22
93 93 -4215.12
93 93 -4570.22
93 93 -4215.12
93 93 -4570.22
93 93 -4215.12
93 93 -2426.13
93 93 -3317.82
93 93 -2426.13
93 93 -3317.82
93 93 -2426.13
93 93 -3317.82
93 93 -2426.13
93 93 -3317.82
93 93 -6517.38
93 93 -6598.97
93 93 -6517.38
93 93 -6598.97
93 93 -6517.38
93 93 -6598.97
93 93 -6517.38
93 93 -6598.97
93 93 -6495.75
93 93 -6821.31
93 93 -6495.75
93 93 -6821.31
93 93 -6495.75
93 93 -6821.31
93 93 -6495.75
93 93 -6821.31
93 93 -3833.32
93 93 -3562.75
93 93 -3833.32
93 93 -3562.75
93 93 -3833.32
93 93 -3562.75
93 93 -3833.32
93 93 -3562.75
93 93 -4940.27
93 93 -4831.38
93 93 -4940.27
93 93 -4831.38
93 93 -4940.27
93 93 -4831.38
93 93 -4940.27
93 93 -4831.38
93 93 -3456.55
93 93 -3914.53
93 93 -3456.55
93 93 -3914.53
93 93 -3456.55
93 93 -3914.53
93 93 -3456.55
93 93 -3914.53
93 93 -3557.45
93 93 -3433.15
93 93 -3557.45
93 93 -3433.15
93 93 -3557.45
93 93 -3433.15
93 93 -3557.45
93 93 -3433.15
93 93 -2215.58
93 93 -3330.04
93 93 -2215.58
93 93 -3330.04
93 93 -2215.58
93 93 -3330.04
93 93 -2215.58
93 93 -3330.04
93 93 -4370.32
93 93 -3983.48
93 93 -4370.32
93 93 -3983.48
93 93 -4370.32
93 93 -3983.48
93 93 -4370.32
93 93 -3983.48
93 93 -3120.91
93 93 -3115.29
93 93 -3120.91
93 93 -3115.29
93 93 -3120.91
93 93 -3115.29
93 93 -3120.91
93 93 -3115.29
93 93 -4683.52
93 93 -3894.69
93 93 -4683.52
93 93 -3894.69
93 93 -4683.52
93 93 -3894.69
93 93 -4683.52
93 93 -3894.69
93 93 -3187.47
93 93 -3750.29
93 93 -3187.47
93 93 -3750.29
93 93 -3187.47
93 93 -3750.29
93 93 -3187.47
93 93 -3750.29
93 93 -6335.92
93 93 -6256.57
93 93 -6335.92
93 93 -6256.57
93 93 -6335.92
93 93 -6256.57
93 93 -6335.92
93 93 -6256.57
93 93 -4447.74
93 93 -3981.92
93 93 -4447.74
93 93 -3981.92
93 93 -4447.74
93 93 -3981.92
93 93 -4447.74
93 93 -3981.92
93 93 -6933.08
93 93 -7036.61
93 93 -6933.08
93 93 -7036.61
93 93 -6933.08
93 93 -7036.61
93 93 -6933.08
93 93 -7036.61
93 93 -2306.03
93 93 -3359.15
93 93 -2306.03
93 93 -3359.15
93 93 -2306.03
93 93 -3359.15
93 93 -2306.03
93 93 -3359.15
93 93 -2672.96
93 93 -3357.73
93 93 -2672.96
93 93 -3357.73
93 93 -2672.96
93 93 -3357.73
93 93 -2672.96
93 93 -3357.73
93 93 -5139.44
93 93 -4377.07
93 93 -5139.44
93 93 -4377.07
93 93 -5139.44
93 93 -4377.07
93 93 -5139.44
93 93 -4377.07
93 93 -5610.76
93 93 -5178.09
93 93 -5610.76
93 93 -5178.09
93 93 -5610.76
93 93 -5178.09
93 93 -5610.76
93 93 -5178.09
93 93 -4807.46
93 93 -4339.19
93 93 -4807.46
93 93 -4339.19
93 93 -4807.46
93 93 -4339.19
93 93 -4807.46
93 93 -4339.19
93 93 -4589.65
93 93 -4118.48
93 93 -4589.65
93 93 -4118.48
93 93 -4589.65
93 93 -4118.48
93 93 -4589.65
93 93 -4118.48
93 93 -4846.63
93 93 -4290.75
93 93 -4846.63
93 93 -4290.75
93 93 -4846.63
93 93 -4290.75
93 93 -4846.63
93 93 -4290.75
93 93 -3859.45
93 93 -3616.08
93 93 -3859.45
93 93 -3616.08
93 93 -3859.45
93 93 -3616.08
93 93 -3859.45
93 93 -3616.08
93 93 -3138.66
93 93 -3152.2
93 93 -3138.66
93 93 -3152.2
93 93 -3138.66
93 93 -3152.2
93 93 -3138.66
93 93 -3152.2
94 94 -4376.45
94 94 -4380.25
94 94 -4376.45
94 94 -4380.25
94 94 -4376.45
94 94 -4380.25
94 94 -4376.45
94 94 -4380.25
94 94 -5041.57
94 94 -4897.83
94 94 -5041.57
94 94 -4897.83
94 94 -5041.57
94 94 -4897.83
94 94 -5041.57
94 94 -4897.83
94 94 -4702.09
94 94 -5500.29
94 94 -4702.09
94 94 -5500.29
94 94 -4702.09
94 94 -5500.29
94 94 -4702.09
94 94 -5500.29
94 94 -4799.73
94 94 -4761.53
94 94 -4799.73
94 94 -4761.53
94 94 -4799.73
94 94 -4761.53
94 94 -4799.73
94 94 -4761.53
94 94 -7003.27
94 94 -6551.38
94 94 -7003.27
94 94 -6551.38
94 94 -7003.27
94 94 -6551.38
94 94 -7003.27
94 94 -6551.38
94 94 -4840.73
94 94 -5092.26
94 94 -4840.73
94 94 -5092.26
94 94 -4840.73
94 94 -5092.26
94 94 -4840.73
94 94 -5092.26
94 94 -3518.19
94 94 -3960.19
94 94 -3518.19
94 94 -3960.19
94 94 -3518.19
94 94 -3960.19
94 94 -3518.19
94 94 -3960.19
94 94 -6357.69
94 94 -5890.23
94 94 -6357.69
94 94 -5890.23
94 94 -6357.69
94 94 -5890.23
94 94 -6357.69
94 94 -5890.23
94 94 -5816.61
94 94 -5526.02
94 94 -5816.61
94 94 -5526.02
94 94 -5816.61
94 94 -5526.02
94 94 -5816.61
94 94 -5526.02
94 94 -7153.52
94 94 -6676.74
94 94 -7153.52
94 94 -6676.74
94 94 -7153.52
94 94 -6676.74
94 94 -7153.52
94 94 -6676.74
94 94 -6641.72
94 94 -6013.4
94 94 -6641.72
94 94 -6013.4
94 94 -6641.72
94 94 -6013.4
94 94 -6641.72
94 94 -6013.4
94 94 -5759.11
94 94 -5254.35
94 94 -5759.11
94 94 -5254.35
94 94 -5759.11
94 94 -5254.35
94 94 -5759.11
94 94 -5254.35
94 94 -3420.36
94 94 -3677.06
94 94 -3420.36
94 94 -3677.06
94 94 -3420.36
94 94 -3677.06
94 94 -3420.36
94 94 -3677.06
94 94 -6449.45
94 94 -6215.68
94 94 -6449.45
94 94 -6215.68
94 94 -6449.45
94 94 -6215.68
94 94 -6449.45
94 94 -6215.68
94 94 -2592.92
94 94 -3240.55
94 94 -2592.92
94 94 -3240.55
94 94 -2592.92
94 94 -3240.55
94 94 -2592.92
94 94 -3240.55
94 94 -4661.63
94 94 -4623.03
94 94 -4661.63
94 94 -4623.03
94 94 -4661.63
94 94 -4623.03
94 94 -4661.63
94 94 -4623.03
94 94 -3454.41
94 94 -3156.25
94 94 -3454.41
94 94 -3156.25
94 94 -3454.41
94 94 -3156.25
94 94 -3454.41
94 94 -3156.25
94 94 -6291.9
94 94 -5978.44
94 94 -6291.9
94 94 -5978.44
94 94 -6291.9
94 94 -5978.44
94 94 -6291.9
94 94 -5978.44
94 94 -4415.27
94 94 -4866.08
94 94 -4415.27
94 94 -4866.08
94 94 -4415.27
94 94 -4866.08
94 94 -4415.27
94 94 -4866.08
94 94 -5319.29
94 94 -5280.18
94 94 -5319.29
94 94 -5280.18
94 94 -5319.29
94 94 -5280.18
94 94 -5319.29
94 94 -5280.18
94 94 -4720.43
94 94 -4762.43
94 94 -4720.43
94 94 -4762.43
94 94 -4720.43
94 94 -4762.43
94 94 -4720.43
94 94 -4762.43
94 94 -4850.95
94 94 -4858.1
94 94 -4850.95
94 94 -4858.1
94 94 -4850.95
94 94 -4858.1
94 94 -4850.95
94 94 -4858.1
94 94 -2346.88
94 94 -2936.75
94 94 -2346.88
94 94 -2936.75
94 94 -2346.88
94 94 -2936.75
94 94 -2346.88
94 94 -2936.75
94 94 -4829.24
94 94 -4790.49
94 94 -4829.24
94 94 -4790.49
94 94 -4829.24
94 94 -4790.49
94 94 -4829.24
94 94 -4790.49
94 94 -4542.34
94 94 -4707.85
94 94 -4542.34
94 94 -4707.85
94 94 -4542.34
94 94 -4707.85
94 94 -4542.34
94 94 -4707.85
94 94 -4827.48
94 94 -4566.6
94 94 -4827.48
94 94 -4566.6
94 94 -4827.48
94 94 -4566.6
94 94 -4827.48
94 94 -4566.6
94 94 -4871.92
94 94 -4952.49
94 94 -4871.92
94 94 -4952.49
94 94 -4871.92
94 94 -4952.49
94 94 -4871.92
94 94 -4952.49
94 94 -3491.31
94 94 -3699.25
94 94 -3491.31
94 94 -3699.25
94 94 -3491.31
94 94 -3699.25
94 94 -3491.31
94 94 -3699.25
95 95 -537.963
95 95 -623.477
95 95 -537.963
95 95 -623.477
95 95 -537.963
95 95 -623.477
95 95 -537.963
95 95 -623.477
95 95 -1007.57
95 95 -998.066
95 95 -1007.57
95 95 -998.066
95 95 -1007.57
95 95 -998.066
95 95 -1007.57
95 95 -998.066
95 95 -976.877
95 95 -1039.72
95 95 -976.877
95 95 -1039.72
95 95 -976.877
95 95 -1039.72
95 95 -976.877
95 95 -1039.72
95 95 -1192.23
95 95 -1316.51
95 95 -1192.23
95 95 -1316.51
95 95 -1192.23
95 95 -1316.51
95 95 -1192.23
95 95 -1316.51
95 95 -927.627
95 95 -1121.02
95 95 -927.627
95 95 -1121.02
95 95 -927.627
95 95 -1121.02
95 95 -927.627
95 95 -1121.02
95 95 -843.917
95 95 -968.458
95 95 -843.917
95 95 -968.458
95 95 -843.917
95 95 -968.458
95 95 -843.917
95 95 -968.458
95 95 -1466.04
95 95 -1443.69
95 95 -1466.04
95 95 -1443.69
95 95 -1466.04
95 95 -1443.69
95 95 -1466.04
95 95 -1443.69
95 95 -873.965
95 95 -1025.34
95 95 -873.965
95 95 -1025.34
95 95 -873.965
95 95 -1025.34
95 95 -873.965
95 95 -1025.34
95 95 -544.102
95 95 -569.105
95 95 -544.102
95 95 -569.105
95 95 -544.102
95 95 -569.105
95 95 -544.102
95 95 -569.105
95 95 -947.229
95 95 -1015.55
95 95 -947.229
95 95 -1015.55
95 95 -947.229
95 95 -1015.55
95 95 -947.229
95 95 -1015.55
95 95 -825.458
95 95 -820.741
95 95 -825.458
95 95 -820.741
95 95 -825.458
95 95 -820.741
95 95 -825.458
95 95 -820.741
95 95 -855.212
95 95 -611.826
95 95 -855.212
95 95 -611.826
95 95 -855.212
95 95 -611.826
95 95 -855.212
95 95 -611.826
95 95 -781.154
95 95 -880.417
95 95 -781.154
95 95 -880.417
95 95 -781.154
95 95 -880.417
95 95 -781.154
95 95 -880.417
95 95 -1108.38
95 95 -1100.26
95 95 -1108.38
95 95 -1100.26
95 95 -1108.38
95 95 -1100.26
95 95 -1108.38
95 95 -1100.26
95 95 -871.409
95 95 -946.448
95 95 -871.409
95 95 -946.448
95 95 -871.409
95 95 -946.448
95 95 -871.409
95 95 -946.448
95 95 -722.02
95 95 -709.089
95 95 -722.02
95 95 -709.089
95 95 -722.02
95 95 -709.089
95 95 -722.02
95 95 -709.089
95 95 -1072.25
95 95 -813.219
95 95 -1072.25
95 95 -813.219
95 95 -1072.25
95 95 -813.219
95 95 -1072.25
95 95 -813.219
95 95 -1169.87
95 95 -1246.51
95 95 -1169.87
95 95 -1246.51
95 95 -1169.87
95 95 -1246.51
95 95 -1169.87
95 95 -1246.51
95 95 -1212.26
95 95 -1278.26
95 95 -1212.26
95 95 -1278.26
95 95 -1212.26
95 95 -1278.26
95 95 -1212.26
95 95 -1278.26
95 95 -720.725
95 95 -775.624
95 95 -720.725
95 95 -775.624
95 95 -720.725
95 95 -775.624
95 95 -720.725
95 95 -775.624
95 95 -503.153
95 95 -550.435
95 95 -503.153
95 95 -550.435
95 95 -503.153
95 95 -550.435
95 95 -503.153
95 95 -550.435
95 95 -1328.73
95 95 -1320.24
95 95 -1328.73
95 95 -1320.24
95 95 -1328.73
95 95 -1320.24
95 95 -1328.73
95 95 -1320.24
95 95 -613.684
95 95 -527.186
95 95 -613.684
95 95 -527.186
95 95 -613.684
95 95 -527.186
95 95 -613.684
95 95 -527.186
95 95 -487.096
95 95 -660.433
95 95 -487.096
95 95 -660.433
95 95 -487.096
95 95 -660.433
95 95 -487.096
95 95 -660.433
95 95 -1086.79
95 95 -1147.12
95 95 -1086.79
95 95 -1147.12
95 95 -1086.79
95 95 -1147.12
95 95 -1086.79
95 95 -1147.12
95 95 -2215.16
95 95 -2502.31
95 95 -2215.16
95 95 -2502.31
95 95 -2215.16
95 95 -2502.31
95 95 -2215.16
95 95 -2502.31
95 95 -947.833
95 95 -1080.71
95 95 -947.833
95 95 -1080.71
95 95 -947.833
95 95 -1080.71
95 95 -947.833
95 95 -1080.71
95 95 -1326.28
95 95 -1234.27
95 95 -1326.28
95 95 -1234.27
95 95 -1326.28
95 95 -1234.27
95 95 -1326.28
95 95 -1234.27
96 96 -3282.82
96 96 -3269.62
96 96 -3282.82
96 96 -3269.62
96 96 -3282.82
96 96 -3269.62
96 96 -3282.82
96 96 -3269.62
96 96 -4363.55
96 96 -4498.06
96 96 -4363.55
96 96 -4498.06
96 96 -4363.55
96 96 -4498.06
96 96 -4363.55
96 96 -4498.06
96 96 -954.549
96 96 -1383.76
96 96 -954.549
96 96 -1383.76
96 96 -954.549
96 96 -1383.76
96 96 -954.549
96 96 -1383.76
96 96 -2122.99
96 96 -1983.63
96 96 -2122.99
96 96 -1983.63
96 96 -2122.99
96 96 -1983.63
96 96 -2122.99
96 96 -1983.63
96 96 -3328.89
96 96 -2718.44
96 96 -3328.89
96 96 -2718.44
96 96 -3328.89
96 96 -2718.44
96 96 -3328.89
96 96 -2718.44
96 96 -1157.57
96 96 -1446.66
96 96 -1157.57
96 96 -1446.66
96 96 -1157.57
96 96 -1446.66
96 96 -1157.57
96 96 -1446.66
96 96 -2580.81
96 96 -3380.25
96 96 -2580.81
96 96 -3380.25
96 96 -2580.81
96 96 -3380.25
96 96 -2580.81
96 96 -3380.25
96 96 -1163.99
96 96 -1221.3
96 96 -1163.99
96 96 -1221.3
96 96 -1163.99
96 96 -1221.3
96 96 -1163.99
96 96 -1221.3
96 96 -945.888
96 96 -1339.54
96 96 -945.888
96 96 -1339.54
96 96 -945.888
96 96 -1339.54
96 96 -945.888
96 96 -1339.54
96 96 -1050.02
96 96 -1427.24
96 96 -1050.02
96 96 -1427.24
96 96 -1050.02
96 96 -1427.24
96 96 -1050.02
96 96 -1427.24
96 96 -4416.8
96 96 -4522.01
96 96 -4416.8
96 96 -4522.01
96 96 -4416.8
96 96 -4522.01
96 96 -4416.8
96 96 -4522.01
96 96 -595.629
96 96 -1523.72
96 96 -595.629
96 96 -1523.72
96 96 -595.629
96 96 -1523.72
96 96 -595.629
96 96 -1523.72
96 96 -3756.28
96 96 -4167.85
96 96 -3756.28
96 96 -4167.85
96 96 -3756.28
96 96 -4167.85
96 96 -3756.28
96 96 -4167.85
96 96 -1026.88
96 96 -1076.12
96 96 -1026.88
96 96 -1076.12
96 96 -1026.88
96 96 -1076.12
96 96 -1026.88
96 96 -1076.12
96 96 -1015.91
96 96 -1606.66
96 96 -1015.91
96 96 -1606.66
96 96 -1015.91
96 96 -1606.66
96 96 -1015.91
96 96 -1606.66
96 96 -891.161
96 96 -1349.69
96 96 -891.161
96 96 -1349.69
96 96 -891.161
96 96 -1349.69
96 96 -891.161
96 96 -1349.69
96 96 -1196.72
96 96 -963.391
96 96 -1196.72
96 96 -963.391
96 96 -1196.72
96 96 -963.391
96 96 -1196.72
96 96 -963.391
96 96 -848.861
96 96 -1269.21
96 96 -848.861
96 96 -1269.21
96 96 -848.861
96 96 -1269.21
96 96 -848.861
96 96 -1269.21
96 96 -1085.51
96 96 -1103.38
96 96 -1085.51
96 96 -1103.38
96 96 -1085.51
96 96 -1103.38
96 96 -1085.51
96 96 -1103.38
96 96 -3820.24
96 96 -3927.1
96 96 -3820.24
96 96 -3927.1
96 96 -3820.24
96 96 -3927.1
96 96 -3820.24
96 96 -3927.1
96 96 -1177.62
96 96 -1138.55
96 96 -1177.62
96 96 -1138.55
96 96 -1177.62
96 96 -1138.55
96 96 -1177.62
96 96 -1138.55
96 96 -941.106
96 96 -1169.04
96 96 -941.106
96 96 -1169.04
96 96 -941.106
96 96 -1169.04
96 96 -941.106
96 96 -1169.04
96 96 -1103.8
96 96 -1287.59
96 96 -1103.8
96 96 -1287.59
96 96 -1103.8
96 96 -1287.59
96 96 -1103.8
96 96 -1287.59
96 96 -629.777
96 96 -1197.09
96 96 -629.777
96 96 -1197.09
96 96 -629.777
96 96 -1197.09
96 96 -629.777
96 96 -1197.09
96 96 -2901.85
96 96 -3454.36
96 96 -2901.85
96 96 -3454.36
96 96 -2901.85
96 96 -3454.36
96 96 -2901.85
96 96 -3454.36
96 96 -1277.76
96 96 -1213.7
96 96 -1277.76
96 96 -1213.7
96 96 -1277.76
96 96 -1213.7
96 96 -1277.76
96 96 -1213.7
96 96 -3428.49
96 96 -3553.41
96 96 -3428.49
96 96 -3553.41
96 96 -3428.49
96 96 -3553.41
96 96 -3428.49
96 96 -3553.41
96 96 -1126.4
96 96 -1027.59
96 96 -1126.4
96 96 -1027.59
96 96 -1126.4
96 96 -1027.59
96 96 -1126.4
96 96 -1027.59
97 97 -786.448
97 97 -984.607
97 97 -786.448
97 97 -984.607
97 97 -786.448
97 97 -984.607
97 97 -786.448
97 97 -984.607
97 97 -1432.78
97 97 -1437.3
97 97 -1432.78
97 97 -1437.3
97 97 -1432.78
97 97 -1437.3
97 97 -1432.78
97 97 -1437.3
97 97 -995.773
97 97 -1357.63
97 97 -995.773
97 97 -1357.63
97 97 -995.773
97 97 -1357.63
97 97 -995.773
97 97 -1357.63
97 97 -577.91
97 97 -746.865
97 97 -577.91
97 97 -746.865
97 97 -577.91
97 97 -746.865
97 97 -577.91
97 97 -746.865
97 97 -6237.59
97 97 -6302.6
97 97 -6237.59
97 97 -6302.6
97 97 -6237.59
97 97 -6302.6
97 97 -6237.59
97 97 -6302.6
97 97 -6756.27
97 97 -7220.54
97 97 -6756.27
97 97 -7220.54
97 97 -6756.27
97 97 -7220.54
97 97 -6756.27
97 97 -7220.54
97 97 -1049.49
97 97 -1099.69
97 97 -1049.49
97 97 -1099.69
97 97 -1049.49
97 97 -1099.69
97 97 -1049.49
97 97 -1099.69
97 97 -2847.89
97 97 -3407.79
97 97 -2847.89
97 97 -3407.79
97 97 -2847.89
97 97 -3407.79
97 97 -2847.89
97 97 -3407.79
97 97 -5565.26
97 97 -5364.13
97 97 -5565.26
97 97 -5364.13
97 97 -5565.26
97 97 -5364.13
97 97 -5565.26
97 97 -5364.13
97 97 -6534.69
97 97 -6832.51
97 97 -6534.69
97 97 -6832.51
97 97 -6534.69
97 97 -6832.51
97 97 -6534.69
97 97 -6832.51
97 97 -573.906
97 97 -744.626
97 97 -573.906
97 97 -744.626
97 97 -573.906
97 97 -744.626
97 97 -573.906
97 97 -744.626
97 97 -1047.08
97 97 -1017.79
97 97 -1047.08
97 97 -1017.79
97 97 -1047.08
97 97 -1017.79
97 97 -1047.08
97 97 -1017.79
97 97 -2901.77
97 97 -2840.66
97 97 -2901.77
97 97 -2840.66
97 97 -2901.77
97 97 -2840.66
97 97 -2901.77
97 97 -2840.66
97 97 -6076.51
97 97 -6105.15
97 97 -6076.51
97 97 -6105.15
97 97 -6076.51
97 97 -6105.15
97 97 -6076.51
97 97 -6105.15
97 97 -5634.99
97 97 -5823.06
97 97 -5634.99
97 97 -5823.06
97 97 -5634.99
97 97 -5823.06
97 97 -5634.99
97 97 -5823.06
97 97 -6774.61
97 97 -6329.65
97 97 -6774.61
97 97 -6329.65
97 97 -6774.61
97 97 -6329.65
97 97 -6774.61
97 97 -6329.65
97 97 -5729.95
97 97 -5606.05
97 97 -5729.95
97 97 -5606.05
97 97 -5729.95
97 97 -5606.05
97 97 -5729.95
97 97 -5606.05
97 97 -4032.4
97 97 -4242.74
97 97 -4032.4
97 97 -4242.74
97 97 -4032.4
97 97 -4242.74
97 97 -4032.4
97 97 -4242.74
97 97 -883.44
97 97 -801.361
97 97 -883.44
97 97 -801.361
97 97 -883.44
97 97 -801.361
97 97 -883.44
97 97 -801.361
97 97 -2782.33
97 97 -2829.84
97 97 -2782.33
97 97 -2829.84
97 97 -2782.33
97 97 -2829.84
97 97 -2782.33
97 97 -2829.84
97 97 -1497.83
97 97 -1663.55
97 97 -1497.83
97 97 -1663.55
97 97 -1497.83
97 97 -1663.55
97 97 -1497.83
97 97 -1663.55
97 97 -5574.94
97 97 -5702.87
97 97 -5574.94
97 97 -5702.87
97 97 -5574.94
97 97 -5702.87
97 97 -5574.94
97 97 -5702.87
97 97 -4916.26
97 97 -4842.66
97 97 -4916.26
97 97 -4842.66
97 97 -4916.26
97 97 -4842.66
97 97 -4916.26
97 97 -4842.66
97 97 -3340.36
97 97 -3369.59
97 97 -3340.36
97 97 -3369.59
97 97 -3340.36
97 97 -3369.59
97 97 -3340.36
97 97 -3369.59
97 97 -4219.67
97 97 -4204.79
97 97 -4219.67
97 97 -4204.79
97 97 -4219.67
97 97 -4204.79
97 97 -4219.67
97 97 -4204.79
97 97 -3640.97
97 97 -3835.21
97 97 -3640.97
97 97 -3835.21
97 97 -3640.97
97 97 -3835.21
97 97 -3640.97
97 97 -3835.21
97 97 -2462.69
97 97 -2574.74
97 97 -2462.69
97 97 -2574.74
97 97 -2462.69
97 97 -2574.74
97 97 -2462.69
97 97 -2574.74
97 97 -4208.9
97 97 -4321.07
97 97 -4208.9
97 97 -4321.07
97 97 -4208.9
97 97 -4321.07
97 97 -4208.9
97 97 -4321.07
98 98 -4979
98 98 -3600.66
98 98 -4979
98 98 -3600.66
98 98 -4979
98 98 -3600.66
98 98 -4979
98 98 -3600.66
98 98 -1105.28
98 98 -1282.81
98 98 -1105.28
98 98 -1282.81
98 98 -1105.28
98 98 -1282.81
98 98 -1105.28
98 98 -1282.81
98 98 -676.256
98 98 -889.511
98 98 -676.256
98 98 -889.511
98 98 -676.256
98 98 -889.511
98 98 -676.256
98 98 -889.511
98 98 -601.513
98 98 -1614.39
98 98 -601.513
98 98 -1614.39
98 98 -601.513
98 98 -1614.39
98 98 -601.513
98 98 -1614.39
98 98 -634.973
98 98 -1454.32
98 98 -634.973
98 98 -1454.32
98 98 -634.973
98 98 -1454.32
98 98 -634.973
98 98 -1454.32
98 98 -628.683
98 98 -1564.81
98 98 -628.683
98 98 -1564.81
98 98 -628.683
98 98 -1564.81
98 98 -628.683
98 98 -1564.81
98 98 -612.045
98 98 -1625.74
98 98 -612.045
98 98 -1625.74
98 98 -612.045
98 98 -1625.74
98 98 -612.045
98 98 -1625.74
98 98 -727.587
98 98 -1170.2
98 98 -727.587
98 98 -1170.2
98 98 -727.587
98 98 -1170.2
98 98 -727.587
98 98 -1170.2
98 98 -898.785
98 98 -1461.85
98 98 -898.785
98 98 -1461.85
98 98 -898.785
98 98 -1461.85
98 98 -898.785
98 98 -1461.85
98 98 -865.569
98 98 -1378.66
98 98 -865.569
98 98 -1378.66
98 98 -865.569
98 98 -1378.66
98 98 -865.569
98 98 -1378.66
98 98 -897.059
98 98 -1289.03
98 98 -897.059
98 98 -1289.03
98 98 -897.059
98 98 -1289.03
98 98 -897.059
98 98 -1289.03
98 98 -956.218
98 98 -1756.84
98 98 -956.218
98 98 -1756.84
98 98 -956.218
98 98 -1756.84
98 98 -956.218
98 98 -1756.84
98 98 -998.46
98 98 -1771.35
98 98 -998.46
98 98 -1771.35
98 98 -998.46
98 98 -1771.35
98 98 -998.46
98 98 -1771.35
98 98 -2089.38
98 98 -2787.21
98 98 -2089.38
98 98 -2787.21
98 98 -2089.38
98 98 -2787.21
98 98 -2089.38
98 98 -2787.21
98 98 -1411.05
98 98 -2392.79
98 98 -1411.05
98 98 -2392.79
98 98 -1411.05
98 98 -2392.79
98 98 -1411.05
98 98 -2392.79
98 98 -739.65
98 98 -1435.03
98 98 -739.65
98 98 -1435.03
98 98 -739.65
98 98 -1435.03
98 98 -739.65
98 98 -1435.03
98 98 -831.645
98 98 -1407.87
98 98 -831.645
98 98 -1407.87
98 98 -831.645
98 98 -1407.87
98 98 -831.645
98 98 -1407.87
98 98 -787.214
98 98 -1208.71
98 98 -787.214
98 98 -1208.71
98 98 -787.214
98 98 -1208.71
98 98 -787.214
98 98 -1208.71
98 98 -854.518
98 98 -1717.82
98 98 -854.518
98 98 -1717.82
98 98 -854.518
98 98 -1717.82
98 98 -854.518
98 98 -1717.82
98 98 -1993.38
98 98 -2708.66
98 98 -1993.38
98 98 -2708.66
98 98 -1993.38
98 98 -2708.66
98 98 -1993.38
98 98 -2708.66
98 98 -998.202
98 98 -1639.21
98 98 -998.202
98 98 -1639.21
98 98 -998.202
98 98 -1639.21
98 98 -998.202
98 98 -1639.21
98 98 -7901.47
98 98 -6368.95
98 98 -7901.47
98 98 -6368.95
98 98 -7901.47
98 98 -6368.95
98 98 -7901.47
98 98 -6368.95
98 98 -831.291
98 98 -2000.68
98 98 -831.291
98 98 -2000.68
98 98 -831.291
98 98 -2000.68
98 98 -831.291
98 98 -2000.68
98 98 -1403.86
98 98 -1925.14
98 98 -1403.86
98 98 -1925.14
98 98 -1403.86
98 98 -1925.14
98 98 -1403.86
98 98 -1925.14
98 98 -2467.07
98 98 -2964.16
98 98 -2467.07
98 98 -2964.16
98 98 -2467.07
98 98 -2964.16
98 98 -2467.07
98 98 -2964.16
98 98 -893.181
98 98 -1787.84
98 98 -893.181
98 98 -1787.84
98 98 -893.181
98 98 -1787.84
98 98 -893.181
98 98 -1787.84
98 98 -1329.49
98 98 -2030.82
98 98 -1329.49
98 98 -2030.82
98 98 -1329.49
98 98 -2030.82
98 98 -1329.49
98 98 -2030.82
99 99 -2470.46
99 99 -2419.23
99 99 -2470.46
99 99 -2419.23
99 99 -2470.46
99 99 -2419.23
99 99 -2470.46
99 99 -2419.23
99 99 -1892.34
99 99 -3116.72
99 99 -1892.34
99 99 -3116.72
99 99 -1892.34
99 99 -3116.72
99 99 -1892.34
99 99 -3116.72
99 99 -2926.54
99 99 -3024.88
99 99 -2926.54
99 99 -3024.88
99 99 -2926.54
99 99 -3024.88
99 99 -2926.54
99 99 -3024.88
99 99 -2202.5
99 99 -2452.37
99 99 -2202.5
99 99 -2452.37
99 99 -2202.5
99 99 -2452.37
99 99 -2202.5
99 99 -2452.37
99 99 -2241.88
99 99 -2724.15
99 99 -2241.88
99 99 -2724.15
99 99 -2241.88
99 99 -2724.15
99 99 -2241.88
99 99 -2724.15
99 99 -2356.51
99 99 -2453.38
99 99 -2356.51
99 99 -2453.38
99 99 -2356.51
99 99 -2453.38
99 99 -2356.51
99 99 -2453.38
99 99 -2687.36
99 99 -2378.96
99 99 -2687.36
99 99 -2378.96
99 99 -2687.36
99 99 -2378.96
99 99 -2687.36
99 99 -2378.96
99 99 -2040.92
99 99 -2394.69
99 99 -2040.92
99 99 -2394.69
99 99 -2040.92
99 99 -2394.69
99 99 -2040.92
99 99 -2394.69
99 99 -2029.06
99 99 -2440.97
99 99 -2029.06
99 99 -2440.97
99 99 -2029.06
99 99 -2440.97
99 99 -2029.06
99 99 -2440.97
99 99 -1975.88
99 99 -2390.27
99 99 -1975.88
99 99 -2390.27
99 99 -1975.88
99 99 -2390.27
99 99 -1975.88
99 99 -2390.27
99 99 -2203.29
99 99 -2100.35
99 99 -2203.29
99 99 -2100.35
99 99 -2203.29
99 99 -2100.35
99 99 -2203.29
99 99 -2100.35
99 99 -1453.83
99 99 -2626.32
99 99 -1453.83
99 99 -2626.32
99 99 -1453.83
99 99 -2626.32
99 99 -1453.83
99 99 -2626.32
99 99 -2488.03
99 99 -2715.98
99 99 -2488.03
99 99 -2715.98
99 99 -2488.03
99 99 -2715.98
99 99 -2488.03
99 99 -2715.98
99 99 -2404.12
99 99 -2217.43
99 99 -2404.12
99 99 -2217.43
99 99 -2404.12
99 99 -2217.43
99 99 -2404.12
99 99 -2217.43
99 99 -2085.92
99 99 -2096.76
99 99 -2085.92
99 99 -2096.76
99 99 -2085.92
99 99 -2096.76
99 99 -2085.92
99 99 -2096.76
99 99 -3290.08
99 99 -3682.1
99 99 -3290.08
99 99 -3682.1
99 99 -3290.08
99 99 -3682.1
99 99 -3290.08
99 99 -3682.1
99 99 -2641.26
99 99 -3016.46
99 99 -2641.26
99 99 -3016.46
99 99 -2641.26
99 99 -3016.46
99 99 -2641.26
99 99 -3016.46
99 99 -2368.72
99 99 -2549.77
99 99 -2368.72
99 99 -2549.77
99 99 -2368.72
99 99 -2549.77
99 99 -2368.72
99 99 -2549.77
99 99 -2211.76
99 99 -2340.26
99 99 -2211.76
99 99 -2340.26
99 99 -2211.76
99 99 -2340.26
99 99 -2211.76
99 99 -2340.26
99 99 -1720.4
99 99 -2433.65
99 99 -1720.4
99 99 -2433.65
99 99 -1720.4
99 99 -2433.65
99 99 -1720.4
99 99 -2433.65
99 99 -2299.15
99 99 -2212.11
99 99 -2299.15
99 99 -2212.11
99 99 -2299.15
99 99 -2212.11
99 99 -2299.15
99 99 -2212.11
99 99 -2335.75
99 99 -2565.14
99 99 -2335.75
99 99 -2565.14
99 99 -2335.75
99 99 -2565.14
99 99 -2335.75
99 99 -2565.14
99 99 -2556.13
99 99 -2129.94
99 99 -2556.13
99 99 -2129.94
99 99 -2556.13
99 99 -2129.94
99 99 -2556.13
99 99 -2129.94
99 99 -3643.34
99 99 -3688.88
99 99 -3643.34
99 99 -3688.88
99 99 -3643.34
99 99 -3688.88
99 99 -3643.34
99 99 -3688.88
99 99 -1511.2
99 99 -2681.9
99 99 -1511.2
99 99 -2681.9
99 99 -1511.2
99 99 -2681.9
99 99 -1511.2
99 99 -2681.9
99 99 -2282.75
99 99 -2279.99
99 99 -2282.75
99 99 -2279.99
99 99 -2282.75
99 99 -2279.99
99 99 -2282.75
99 99 -2279.99
99 99 -2143.97
99 99 -2341.12
99 99 -2143.97
99 99 -2341.12
99 99 -2143.97
99 99 -2341.12
99 99 -2143.97
99 99 -2341.12
99 99 -2455.7
99 99 -2601.26
99 99 -2455.7
99 99 -2601.26
99 99 -2455.7
99 99 -2601.26
99 99 -2455.7
99 99 -2601.26
100 100 -681.734
100 100 -681.825
100 100 -681.734
100 100 -681.825
100 100 -681.734
100 100 -681.825
100 100 -681.734
100 100 -681.825
100 100 -781.371
100 100 -894.757
100 100 -781.371
100 100 -894.757
100 100 -781.371
100 100 -894.757
100 100 -781.371
100 100 -894.757
100 100 -1009.74
100 100 -1113.31
100 100 -1009.74
100 100 -1113.31
100 100 -1009.74
100 100 -1113.31
100 100 -1009.74
100 100 -1113.31
100 100 -582.923
100 100 -739.515
100 100 -582.923
100 100 -739.515
100 100 -582.923
100 100 -739.515
100 100 -582.923
100 100 -739.515
100 100 -521.313
100 100 -716.616
100 100 -521.313
100 100 -716.616
100 100 -521.313
100 100 -716.616
100 100 -521.313
100 100 -716.616
100 100 -511.009
100 100 -650.611
100 100 -511.009
100 100 -650.611
100 100 -511.009
100 100 -650.611
100 100 -511.009
100 100 -650.611
100 100 -578.29
100 100 -635.702
100 100 -578.29
100 100 -635.702
100 100 -578.29
100 100 -635.702
100 100 -578.29
100 100 -635.702
100 100 -617.465
100 100 -741.5
100 100 -617.465
100 100 -741.5
100 100 -617.465
100 100 -741.5
100 100 -617.465
100 100 -741.5
100 100 -793.074
100 100 -872.994
100 100 -793.074
100 100 -872.994
100 100 -793.074
100 100 -872.994
100 100 -793.074
100 100 -872.994
100 100 -790.496
100 100 -796.55
100 100 -790.496
100 100 -796.55
100 100 -790.496
100 100 -796.55
100 100 -790.496
100 100 -796.55
100 100 -651.618
100 100 -729.615
100 100 -651.618
100 100 -729.615
100 100 -651.618
100 100 -729.615
100 100 -651.618
100 100 -729.615
100 100 -1361.25
100 100 -1311.85
100 100 -1361.25
100 100 -1311.85
100 100 -1361.25
100 100 -1311.85
100 100 -1361.25
100 100 -1311.85
100 100 -775.299
100 100 -900.974
100 100 -775.299
100 100 -900.974
100 100 -775.299
100 100 -900.974
100 100 -775.299
100 100 -900.974
100 100 -680.757
100 100 -679.019
100 100 -680.757
100 100 -679.019
100 100 -680.757
100 100 -679.019
100 100 -680.757
100 100 -679.019
100 100 -758.345
100 100 -839.595
100 100 -758.345
100 100 -839.595
100 100 -758.345
100 100 -839.595
100 100 -758.345
100 100 -839.595
100 100 -970.444
100 100 -928.696
100 100 -970.444
100 100 -928.696
100 100 -970.444
100 100 -928.696
100 100 -970.444
100 100 -928.696
100 100 -854.163
100 100 -958.538
100 100 -854.163
100 100 -958.538
100 100 -854.163
100 100 -958.538
100 100 -854.163
100 100 -958.538
100 100 -414.508
100 100 -565.523
100 100 -414.508
100 100 -565.523
100 100 -414.508
100 100 -565.523
100 100 -414.508
100 100 -565.523
100 100 -3467.28
100 100 -3403.07
100 100 -3467.28
100 100 -3403.07
100 100 -3467.28
100 100 -3403.07
100 100 -3467.28
100 100 -3403.07
100 100 -480
100 100 -552.211
100 100 -480
100 100 -552.211
100 100 -480
100 100 -552.211
100 100 -480
100 100 -552.211
100 100 -546.972
100 100 -773.145
100 100 -546.972
100 100 -773.145
100 100 -546.972
100 100 -773.145
100 100 -546.972
100 100 -773.145
100 100 -607.322
100 100 -666.026
100 100 -607.322
100 100 -666.026
100 100 -607.322
100 100 -666.026
100 100 -607.322
100 100 -666.026
100 100 -1001.02
100 100 -1074.01
100 100 -1001.02
100 100 -1074.01
100 100 -1001.02
100 100 -1074.01
100 100 -1001.02
100 100 -1074.01
100 100 -670.931
100 100 -960.226
100 100 -670.931
100 100 -960.226
100 100 -670.931
100 100 -960.226
100 100 -670.931
100 100 -960.226
100 100 -1590.47
100 100 -1187.59
100 100 -1590.47
100 100 -1187.59
100 100 -1590.47
100 100 -1187.59
100 100 -1590.47
100 100 -1187.59
100 100 -1050.01
100 100 -1067.13
100 100 -1050.01
100 100 -1067.13
100 100 -1050.01
100 100 -1067.13
100 100 -1050.01
100 100 -1067.13
101 101 -1312.94
101 101 -1477.09
101 101 -1312.94
101 101 -1477.09
101 101 -1312.94
101 101 -1477.09
101 101 -1312.94
101 101 -1477.09
101 101 -704.348
101 101 -996.368
101 101 -704.348
101 101 -996.368
101 101 -704.348
101 101 -996.368
101 101 -704.348
101 101 -996.368
101 101 -399.231
101 101 -779.463
101 101 -399.231
101 101 -779.463
101 101 -399.231
101 101 -779.463
101 101 -399.231
101 101 -779.463
101 101 -737.269
101 101 -1041.33
101 101 -737.269
101 101 -1041.33
101 101 -737.269
101 101 -1041.33
101 101 -737.269
101 101 -1041.33
101 101 -851.507
101 101 -1025.79
101 101 -851.507
101 101 -1025.79
101 101 -851.507
101 101 -1025.79
101 101 -851.507
101 101 -1025.79
101 101 -893.456
101 101 -1027.13
101 101 -893.456
101 101 -1027.13
101 101 -893.456
101 101 -1027.13
101 101 -893.456
101 101 -1027.13
101 101 -863.983
101 101 -1083.46
101 101 -863.983
101 101 -1083.46
101 101 -863.983
101 101 -1083.46
101 101 -863.983
101 101 -1083.46
101 101 -964.39
101 101 -1201.38
101 101 -964.39
101 101 -1201.38
101 101 -964.39
101 101 -1201.38
101 101 -964.39
101 101 -1201.38
101 101 -1310.61
101 101 -1462.79
101 101 -1310.61
101 101 -1462.79
101 101 -1310.61
101 101 -1462.79
101 101 -1310.61
101 101 -1462.79
101 101 -943.956
101 101 -1151.64
101 101 -943.956
101 101 -1151.64
101 101 -943.956
101 101 -1151.64
101 101 -943.956
101 101 -1151.64
101 101 -686.298
101 101 -955.528
101 101 -686.298
101 101 -955.528
101 101 -686.298
101 101 -955.528
101 101 -686.298
101 101 -955.528
101 101 -1052.21
101 101 -1324.81
101 101 -1052.21
101 101 -1324.81
101 101 -1052.21
101 101 -1324.81
101 101 -1052.21
101 101 -1324.81
101 101 -505.612
101 101 -936.065
101 101 -505.612
101 101 -936.065
101 101 -505.612
101 101 -936.065
101 101 -505.612
101 101 -936.065
101 101 -716.424
101 101 -872.507
101 101 -716.424
101 101 -872.507
101 101 -716.424
101 101 -872.507
101 101 -716.424
101 101 -872.507
101 101 -546.098
101 101 -787.846
101 101 -546.098
101 101 -787.846
101 101 -546.098
101 101 -787.846
101 101 -546.098
101 101 -787.846
101 101 -1155.69
101 101 -1408.13
101 101 -1155.69
101 101 -1408.13
101 101 -1155.69
101 101 -1408.13
101 101 -1155.69
101 101 -1408.13
101 101 -891.217
101 101 -1087.32
101 101 -891.217
101 101 -1087.32
101 101 -891.217
101 101 -1087.32
101 101 -891.217
101 101 -1087.32
101 101 -638.659
101 101 -998.668
101 101 -638.659
101 101 -998.668
101 101 -638.659
101 101 -998.668
101 101 -638.659
101 101 -998.668
101 101 -546.731
101 101 -920.903
101 101 -546.731
101 101 -920.903
101 101 -546.731
101 101 -920.903
101 101 -546.731
101 101 -920.903
101 101 -613.992
101 101 -1026.32
101 101 -613.992
101 101 -1026.32
101 101 -613.992
101 101 -1026.32
101 101 -613.992
101 101 -1026.32
101 101 -995.541
101 101 -1226.39
101 101 -995.541
101 101 -1226.39
101 101 -995.541
101 101 -1226.39
101 101 -995.541
101 101 -1226.39
101 101 -704.084
101 101 -1076.33
101 101 -704.084
101 101 -1076.33
101 101 -704.084
101 101 -1076.33
101 101 -704.084
101 101 -1076.33
101 101 -668.305
101 101 -926.568
101 101 -668.305
101 101 -926.568
101 101 -668.305
101 101 -926.568
101 101 -668.305
101 101 -926.568
101 101 -508.391
101 101 -803.881
101 101 -508.391
101 101 -803.881
101 101 -508.391
101 101 -803.881
101 101 -508.391
101 101 -803.881
101 101 -847.583
101 101 -1101.25
101 101 -847.583
101 101 -1101.25
101 101 -847.583
101 101 -1101.25
101 101 -847.583
101 101 -1101.25
101 101 -621.083
101 101 -867.676
101 101 -621.083
101 101 -867.676
101 101 -621.083
101 101 -867.676
101 101 -621.083
101 101 -867.676
101 101 -1005.99
101 101 -1121.84
101 101 -1005.99
101 101 -1121.84
101 101 -1005.99
101 101 -1121.84
101 101 -1005.99
101 101 -1121.84
102 102 -1193.59
102 102 -1310.04
102 102 -1193.59
102 102 -1310.04
102 102 -1193.59
102 102 -1310.04
102 102 -1193.59
102 102 -1310.04
102 102 -1006.66
102 102 -1103.41
102 102 -1006.66
102 102 -1103.41
102 102 -1006.66
102 102 -1103.41
102 102 -1006.66
102 102 -1103.41
102 102 -992.195
102 102 -995.64
102 102 -992.195
102 102 -995.64
102 102 -992.195
102 102 -995.64
102 102 -992.195
102 102 -995.64
102 102 -1171.02
102 102 -1248.5
102 102 -1171.02
102 102 -1248.5
102 102 -1171.02
102 102 -1248.5
102 102 -1171.02
102 102 -1248.5
102 102 -1582.35
102 102 -1693.69
102 102 -1582.35
102 102 -1693.69
102 102 -1582.35
102 102 -1693.69
102 102 -1582.35
102 102 -1693.69
102 102 -1483.69
102 102 -1520.23
102 102 -1483.69
102 102 -1520.23
102 102 -1483.69
102 102 -1520.23
102 102 -1483.69
102 102 -1520.23
102 102 -1157.35
102 102 -1247.8
102 102 -1157.35
102 102 -1247.8
102 102 -1157.35
102 102 -1247.8
102 102 -1157.35
102 102 -1247.8
102 102 -1440.76
102 102 -1399.16
102 102 -1440.76
102 102 -1399.16
102 102 -1440.76
102 102 -1399.16
102 102 -1440.76
102 102 -1399.16
102 102 -1174.44
102 102 -1082.28
102 102 -1174.44
102 102 -1082.28
102 102 -1174.44
102 102 -1082.28
102 102 -1174.44
102 102 -1082.28
102 102 -595.992
102 102 -763.477
102 102 -595.992
102 102 -763.477
102 102 -595.992
102 102 -763.477
102 102 -595.992
102 102 -763.477
102 102 -1562.6
102 102 -1641.17
102 102 -1562.6
102 102 -1641.17
102 102 -1562.6
102 102 -1641.17
102 102 -1562.6
102 102 -1641.17
102 102 -939.486
102 102 -998.715
102 102 -939.486
102 102 -998.715
102 102 -939.486
102 102 -998.715
102 102 -939.486
102 102 -998.715
102 102 -2017.73
102 102 -2028.97
102 102 -2017.73
102 102 -2028.97
102 102 -2017.73
102 102 -2028.97
102 102 -2017.73
102 102 -2028.97
102 102 -943.487
102 102 -1018.28
102 102 -943.487
102 102 -1018.28
102 102 -943.487
102 102 -1018.28
102 102 -943.487
102 102 -1018.28
102 102 -1616.6
102 102 -1585.17
102 102 -1616.6
102 102 -1585.17
102 102 -1616.6
102 102 -1585.17
102 102 -1616.6
102 102 -1585.17
102 102 -1366.51
102 102 -1460.05
102 102 -1366.51
102 102 -1460.05
102 102 -1366.51
102 102 -1460.05
102 102 -1366.51
102 102 -1460.05
102 102 -656.932
102 102 -764.115
102 102 -656.932
102 102 -764.115
102 102 -656.932
102 102 -764.115
102 102 -656.932
102 102 -764.115
102 102 -997.376
102 102 -963.293
102 102 -997.376
102 102 -963.293
102 102 -997.376
102 102 -963.293
102 102 -997.376
102 102 -963.293
102 102 -1247.33
102 102 -1334.97
102 102 -1247.33
102 102 -1334.97
102 102 -1247.33
102 102 -1334.97
102 102 -1247.33
102 102 -1334.97
102 102 -1152.31
102 102 -1216.24
102 102 -1152.31
102 102 -1216.24
102 102 -1152.31
102 102 -1216.24
102 102 -1152.31
102 102 -1216.24
102 102 -725.22
102 102 -906.588
102 102 -725.22
102 102 -906.588
102 102 -725.22
102 102 -906.588
102 102 -725.22
102 102 -906.588
102 102 -742.249
102 102 -836.282
102 102 -742.249
102 102 -836.282
102 102 -742.249
102 102 -836.282
102 102 -742.249
102 102 -836.282
102 102 -684.366
102 102 -773.414
102 102 -684.366
102 102 -773.414
102 102 -684.366
102 102 -773.414
102 102 -684.366
102 102 -773.414
102 102 -1106.26
102 102 -1256.14
102 102 -1106.26
102 102 -1256.14
102 102 -1106.26
102 102 -1256.14
102 102 -1106.26
102 102 -1256.14
102 102 -1825.03
102 102 -1892.04
102 102 -1825.03
102 102 -1892.04
102 102 -1825.03
102 102 -1892.04
102 102 -1825.03
102 102 -1892.04
102 102 -1413.7
102 102 -1424.09
102 102 -1413.7
102 102 -1424.09
102 102 -1413.7
102 102 -1424.09
102 102 -1413.7
102 102 -1424.09
102 102 -1329.76
102 102 -1427.65
102 102 -1329.76
102 102 -1427.65
102 102 -1329.76
102 102 -1427.65
102 102 -1329.76
102 102 -1427.65
102 102 -453.094
102 102 -532.234
102 102 -453.094
102 102 -532.234
102 102 -453.094
102 102 -532.234
102 102 -453.094
102 102 -532.234
103 103 -683.138
103 103 -807.736
103 103 -683.138
103 103 -807.736
103 103 -683.138
103 103 -807.736
103 103 -683.138
103 103 -807.736
103 103 -699.337
103 103 -846.03
103 103 -699.337
103 103 -846.03
103 103 -699.337
103 103 -846.03
103 103 -699.337
103 103 -846.03
103 103 -635.154
103 103 -994.875
103 103 -635.154
103 103 -994.875
103 103 -635.154
103 103 -994.875
103 103 -635.154
103 103 -994.875
103 103 -621.954
103 103 -906.408
103 103 -621.954
103 103 -906.408
103 103 -621.954
103 103 -906.408
103 103 -621.954
103 103 -906.408
103 103 -1326.75
103 103 -1659.34
103 103 -1326.75
103 103 -1659.34
103 103 -1326.75
103 103 -1659.34
103 103 -1326.75
103 103 -1659.34
103 103 -630.032
103 103 -715.035
103 103 -630.032
103 103 -715.035
103 103 -630.032
103 103 -715.035
103 103 -630.032
103 103 -715.035
103 103 -651.669
103 103 -631.911
103 103 -651.669
103 103 -631.911
103 103 -651.669
103 103 -631.911
103 103 -651.669
103 103 -631.911
103 103 -867.279
103 103 -1017.34
103 103 -867.279
103 103 -1017.34
103 103 -867.279
103 103 -1017.34
103 103 -867.279
103 103 -1017.34
103 103 -609.566
103 103 -927.591
103 103 -609.566
103 103 -927.591
103 103 -609.566
103 103 -927.591
103 103 -609.566
103 103 -927.591
103 103 -522.815
103 103 -681.64
103 103 -522.815
103 103 -681.64
103 103 -522.815
103 103 -681.64
103 103 -522.815
103 103 -681.64
103 103 -1175.45
103 103 -1272.74
103 103 -1175.45
103 103 -1272.74
103 103 -1175.45
103 103 -1272.74
103 103 -1175.45
103 103 -1272.74
103 103 -603.904
103 103 -891.939
103 103 -603.904
103 103 -891.939
103 103 -603.904
103 103 -891.939
103 103 -603.904
103 103 -891.939
103 103 -795.918
103 103 -854.596
103 103 -795.918
103 103 -854.596
103 103 -795.918
103 103 -854.596
103 103 -795.918
103 103 -854.596
103 103 -1392.82
103 103 -1576.63
103 103 -1392.82
103 103 -1576.63
103 103 -1392.82
103 103 -1576.63
103 103 -1392.82
103 103 -1576.63
103 103 -534.007
103 103 -798.596
103 103 -534.007
103 103 -798.596
103 103 -534.007
103 103 -798.596
103 103 -534.007
103 103 -798.596
103 103 -1144.45
103 103 -1305.4
103 103 -1144.45
103 103 -1305.4
103 103 -1144.45
103 103 -1305.4
103 103 -1144.45
103 103 -1305.4
103 103 -621.789
103 103 -1039.72
103 103 -621.789
103 103 -1039.72
103 103 -621.789
103 103 -1039.72
103 103 -621.789
103 103 -1039.72
103 103 -515.697
103 103 -775.416
103 103 -515.697
103 103 -775.416
103 103 -515.697
103 103 -775.416
103 103 -515.697
103 103 -775.416
103 103 -748.815
103 103 -1050.47
103 103 -748.815
103 103 -1050.47
103 103 -748.815
103 103 -1050.47
103 103 -748.815
103 103 -1050.47
103 103 -644.289
103 103 -626.65
103 103 -644.289
103 103 -626.65
103 103 -644.289
103 103 -626.65
103 103 -644.289
103 103 -626.65
103 103 -626.156
103 103 -976.548
103 103 -626.156
103 103 -976.548
103 103 -626.156
103 103 -976.548
103 103 -626.156
103 103 -976.548
103 103 -503.322
103 103 -736.775
103 103 -503.322
103 103 -736.775
103 103 -503.322
103 103 -736.775
103 103 -503.322
103 103 -736.775
103 103 -867.9
103 103 -977.463
103 103 -867.9
103 103 -977.463
103 103 -867.9
103 103 -977.463
103 103 -867.9
103 103 -977.463
103 103 -833.295
103 103 -1297.62
103 103 -833.295
103 103 -1297.62
103 103 -833.295
103 103 -1297.62
103 103 -833.295
103 103 -1297.62
103 103 -1212.04
103 103 -1383.52
103 103 -1212.04
103 103 -1383.52
103 103 -1212.04
103 103 -1383.52
103 103 -1212.04
103 103 -1383.52
103 103 -553.931
103 103 -1028.97
103 103 -553.931
103 103 -1028.97
103 103 -553.931
103 103 -1028.97
103 103 -553.931
103 103 -1028.97
103 103 -981.826
103 103 -1122.62
103 103 -981.826
103 103 -1122.62
103 103 -981.826
103 103 -1122.62
103 103 -981.826
103 103 -1122.62
104 104 -1371.79
104 104 -1057.25
104 104 -1371.79
104 104 -1057.25
104 104 -1371.79
104 104 -1057.25
104 104 -1371.79
104 104 -1057.25
104 104 -1236.52
104 104 -1125.14
104 104 -1236.52
104 104 -1125.14
104 104 -1236.52
104 104 -1125.14
104 104 -1236.52
104 104 -1125.14
104 104 -944.99
104 104 -946.825
104 104 -944.99
104 104 -946.825
104 104 -944.99
104 104 -946.825
104 104 -944.99
104 104 -946.825
104 104 -941.783
104 104 -1139.97
104 104 -941.783
104 104 -1139.97
104 104 -941.783
104 104 -1139.97
104 104 -941.783
104 104 -1139.97
104 104 -946.37
104 104 -1225.42
104 104 -946.37
104 104 -1225.42
104 104 -946.37
104 104 -1225.42
104 104 -946.37
104 104 -1225.42
104 104 -528.265
104 104 -1036.43
104 104 -528.265
104 104 -1036.43
104 104 -528.265
104 104 -1036.43
104 104 -528.265
104 104 -1036.43
104 104 -1058.45
104 104 -912.552
104 104 -1058.45
104 104 -912.552
104 104 -1058.45
104 104 -912.552
104 104 -1058.45
104 104 -912.552
104 104 -832.688
104 104 -786.275
104 104 -832.688
104 104 -786.275
104 104 -832.688
104 104 -786.275
104 104 -832.688
104 104 -786.275
104 104 -1099.76
104 104 -1075.52
104 104 -1099.76
104 104 -1075.52
104 104 -1099.76
104 104 -1075.52
104 104 -1099.76
104 104 -1075.52
104 104 -1081.33
104 104 -1018.97
104 104 -1081.33
104 104 -1018.97
104 104 -1081.33
104 104 -1018.97
104 104 -1081.33
104 104 -1018.97
104 104 -2124.39
104 104 -1698.06
104 104 -2124.39
104 104 -1698.06
104 104 -2124.39
104 104 -1698.06
104 104 -2124.39
104 104 -1698.06
104 104 -847.335
104 104 -905.533
104 104 -847.335
104 104 -905.533
104 104 -847.335
104 104 -905.533
104 104 -847.335
104 104 -905.533
104 104 -837.809
104 104 -751.804
104 104 -837.809
104 104 -751.804
104 104 -837.809
104 104 -751.804
104 104 -837.809
104 104 -751.804
104 104 -1007.58
104 104 -945.258
104 104 -1007.58
104 104 -945.258
104 104 -1007.58
104 104 -945.258
104 104 -1007.58
104 104 -945.258
104 104 -1004.25
104 104 -1064.03
104 104 -1004.25
104 104 -1064.03
104 104 -1004.25
104 104 -1064.03
104 104 -1004.25
104 104 -1064.03
104 104 -1452.38
104 104 -1428.33
104 104 -1452.38
104 104 -1428.33
104 104 -1452.38
104 104 -1428.33
104 104 -1452.38
104 104 -1428.33
104 104 -2684.34
104 104 -2185.67
104 104 -2684.34
104 104 -2185.67
104 104 -2684.34
104 104 -2185.67
104 104 -2684.34
104 104 -2185.67
104 104 -737.113
104 104 -869.646
104 104 -737.113
104 104 -869.646
104 104 -737.113
104 104 -869.646
104 104 -737.113
104 104 -869.646
104 104 -841.424
104 104 -646.61
104 104 -841.424
104 104 -646.61
104 104 -841.424
104 104 -646.61
104 104 -841.424
104 104 -646.61
104 104 -1201.24
104 104 -1101.62
104 104 -1201.24
104 104 -1101.62
104 104 -1201.24
104 104 -1101.62
104 104 -1201.24
104 104 -1101.62
104 104 -1417.89
104 104 -1405.66
104 104 -1417.89
104 104 -1405.66
104 104 -1417.89
104 104 -1405.66
104 104 -1417.89
104 104 -1405.66
104 104 -1221.34
104 104 -908.774
104 104 -1221.34
104 104 -908.774
104 104 -1221.34
104 104 -908.774
104 104 -1221.34
104 104 -908.774
104 104 -1216.06
104 104 -1094.75
104 104 -1216.06
104 104 -1094.75
104 104 -1216.06
104 104 -1094.75
104 104 -1216.06
104 104 -1094.75
104 104 -1018.76
104 104 -1062.83
104 104 -1018.76
104 104 -1062.83
104 104 -1018.76
104 104 -1062.83
104 104 -1018.76
104 104 -1062.83
104 104 -1530.25
104 104 -1586.47
104 104 -1530.25
104 104 -1586.47
104 104 -1530.25
104 104 -1586.47
104 104 -1530.25
104 104 -1586.47
104 104 -1267.87
104 104 -1309.98
104 104 -1267.87
104 104 -1309.98
104 104 -1267.87
104 104 -1309.98
104 104 -1267.87
104 104 -1309.98
104 104 -2275.14
104 104 -1612.33
104 104 -2275.14
104 104 -1612.33
104 104 -2275.14
104 104 -1612.33
104 104 -2275.14
104 104 -1612.33
104 104 -1097.67
104 104 -1212.26
104 104 -1097.67
104 104 -1212.26
104 104 -1097.67
104 104 -1212.26
104 104 -1097.67
104 104 -1212.26
