41 41 -1410.24
41 41 -2159.96
41 41 -1410.24
41 41 -2159.96
41 41 -2237.24
41 41 -1833.29
41 41 -2237.24
41 41 -1833.29
41 41 -1628.54
41 41 -1795.71
41 41 -1628.54
41 41 -1795.71
41 41 -1608.14
41 41 -1867.29
41 41 -1608.14
41 41 -1867.29
41 41 -1465.52
41 41 -1729.84
41 41 -1465.52
41 41 -1729.84
41 41 -1424.78
41 41 -1592.83
41 41 -1424.78
41 41 -1592.83
41 41 -1544.81
41 41 -1326.57
41 41 -1544.81
41 41 -1326.57
41 41 -1793.48
41 41 -1596.28
41 41 -1793.48
41 41 -1596.28
41 41 -1762.48
41 41 -1964.7
41 41 -1762.48
41 41 -1964.7
41 41 -1917.05
41 41 -1423.4
41 41 -1917.05
41 41 -1423.4
41 41 -1874.15
41 41 -1421.18
41 41 -1874.15
41 41 -1421.18
41 41 -2425.61
41 41 -689.437
41 41 -2425.61
41 41 -689.437
41 41 -1757.85
41 41 -1286.86
41 41 -1757.85
41 41 -1286.86
41 41 -1903.99
41 41 -1728.87
41 41 -1903.99
41 41 -1728.87
41 41 -1736.87
41 41 -1707.11
41 41 -1736.87
41 41 -1707.11
41 41 -1995.93
41 41 -1454.59
41 41 -1995.93
41 41 -1454.59
41 41 -1713.12
41 41 -1371.98
41 41 -1713.12
41 41 -1371.98
41 41 -1623.07
41 41 -1641.52
41 41 -1623.07
41 41 -1641.52
41 41 -2071.37
41 41 -714.501
41 41 -2071.37
41 41 -714.501
41 41 -1619.45
41 41 -1658.25
41 41 -1619.45
41 41 -1658.25
41 41 -1664.38
41 41 -1629.41
41 41 -1664.38
41 41 -1629.41
41 41 -1712.76
41 41 -1784.68
41 41 -1712.76
41 41 -1784.68
41 41 -1605.26
41 41 -1501.34
41 41 -1605.26
41 41 -1501.34
41 41 -1288.83
41 41 -2078.74
41 41 -1288.83
41 41 -2078.74
41 41 -1905.92
41 41 -927.396
41 41 -1905.92
41 41 -927.396
41 41 -2156.1
41 41 -1804.01
41 41 -2156.1
41 41 -1804.01
41 41 -1591.02
41 41 -1755.65
41 41 -1591.02
41 41 -1755.65
41 41 -1311.53
41 41 -1839.38
41 41 -1311.53
41 41 -1839.38
42 42 -1153.89
42 42 -683.042
42 42 -1153.89
42 42 -683.042
42 42 -947.856
42 42 -715.81
42 42 -947.856
42 42 -715.81
42 42 -1256.55
42 42 -1189.98
42 42 -1256.55
42 42 -1189.98
42 42 -697.954
42 42 -447.687
42 42 -697.954
42 42 -447.687
42 42 -1005.43
42 42 -855.302
42 42 -1005.43
42 42 -855.302
42 42 -808.561
42 42 -815.934
42 42 -808.561
42 42 -815.934
42 42 -1059.93
42 42 -940.564
42 42 -1059.93
42 42 -940.564
42 42 -971.36
42 42 -719.903
42 42 -971.36
42 42 -719.903
42 42 -1273.9
42 42 -940.252
42 42 -1273.9
42 42 -940.252
42 42 -1035.43
42 42 -727.004
42 42 -1035.43
42 42 -727.004
42 42 -895.309
42 42 -566.683
42 42 -895.309
42 42 -566.683
42 42 -525.946
42 42 -618.365
42 42 -525.946
42 42 -618.365
42 42 -798.386
42 42 -1068.98
42 42 -798.386
42 42 -1068.98
42 42 -1471.66
42 42 -1115.03
42 42 -1471.66
42 42 -1115.03
42 42 -1244.88
42 42 -963.839
42 42 -1244.88
42 42 -963.839
42 42 -975.524
42 42 -940.782
42 42 -975.524
42 42 -940.782
42 42 -927.391
42 42 -613.885
42 42 -927.391
42 42 -613.885
42 42 -1299.43
42 42 -1171.53
42 42 -1299.43
42 42 -1171.53
42 42 -1216.29
42 42 -1005.71
42 42 -1216.29
42 42 -1005.71
42 42 -1011.1
42 42 -713.745
42 42 -1011.1
42 42 -713.745
42 42 -1229.85
42 42 -1194.02
42 42 -1229.85
42 42 -1194.02
42 42 -745.654
42 42 -516.544
42 42 -745.654
42 42 -516.544
42 42 -1013.85
42 42 -517.938
42 42 -1013.85
42 42 -517.938
42 42 -1624.54
42 42 -1579.43
42 42 -1624.54
42 42 -1579.43
42 42 -1595.05
42 42 -1501.74
42 42 -1595.05
42 42 -1501.74
42 42 -882.388
42 42 -623.08
42 42 -882.388
42 42 -623.08
42 42 -1232.62
42 42 -783.015
42 42 -1232.62
42 42 -783.015
43 43 -1084.69
43 43 -612.743
43 43 -1084.69
43 43 -612.743
43 43 -629.904
43 43 -503.195
43 43 -629.904
43 43 -503.195
43 43 -597.08
43 43 -560.921
43 43 -597.08
43 43 -560.921
43 43 -833.692
43 43 -813.675
43 43 -833.692
43 43 -813.675
43 43 -917.493
43 43 -827.703
43 43 -917.493
43 43 -827.703
43 43 -649.409
43 43 -738.112
43 43 -649.409
43 43 -738.112
43 43 -926.21
43 43 -957.294
43 43 -926.21
43 43 -957.294
43 43 -653.128
43 43 -697.519
43 43 -653.128
43 43 -697.519
43 43 -451.31
43 43 -1023.28
43 43 -451.31
43 43 -1023.28
43 43 -824.663
43 43 -870.797
43 43 -824.663
43 43 -870.797
43 43 -782.316
43 43 -1011.65
43 43 -782.316
43 43 -1011.65
43 43 -400.372
43 43 -730.067
43 43 -400.372
43 43 -730.067
43 43 -849.761
43 43 -802.191
43 43 -849.761
43 43 -802.191
43 43 -1039.36
43 43 -1094.11
43 43 -1039.36
43 43 -1094.11
43 43 -581.123
43 43 -920.865
43 43 -581.123
43 43 -920.865
43 43 -473.222
43 43 -692.46
43 43 -473.222
43 43 -692.46
43 43 -760.046
43 43 -1093
43 43 -760.046
43 43 -1093
43 43 -449.293
43 43 -757.763
43 43 -449.293
43 43 -757.763
43 43 -1186.52
43 43 -1176.44
43 43 -1186.52
43 43 -1176.44
43 43 -1183.41
43 43 -525.617
43 43 -1183.41
43 43 -525.617
43 43 -880.615
43 43 -798.953
43 43 -880.615
43 43 -798.953
43 43 -805.384
43 43 -908.606
43 43 -805.384
43 43 -908.606
43 43 -701.266
43 43 -503.967
43 43 -701.266
43 43 -503.967
43 43 -1150.08
43 43 -1079.58
43 43 -1150.08
43 43 -1079.58
43 43 -964.496
43 43 -291.957
43 43 -964.496
43 43 -291.957
43 43 -1425.46
43 43 -1059.97
43 43 -1425.46
43 43 -1059.97
43 43 -687.424
43 43 -735.446
43 43 -687.424
43 43 -735.446
43 43 -1414.01
43 43 -935.349
43 43 -1414.01
43 43 -935.349
43 43 -602.885
43 43 -1024.55
43 43 -602.885
43 43 -1024.55
44 44 -1716.35
44 44 -1857.22
44 44 -1716.35
44 44 -1857.22
44 44 -811.607
44 44 -1050.18
44 44 -811.607
44 44 -1050.18
44 44 -1153.12
44 44 -1001.85
44 44 -1153.12
44 44 -1001.85
44 44 -1083.28
44 44 -842.856
44 44 -1083.28
44 44 -842.856
44 44 -1468.42
44 44 -1342.38
44 44 -1468.42
44 44 -1342.38
44 44 -1375.4
44 44 -1530.19
44 44 -1375.4
44 44 -1530.19
44 44 -1011.9
44 44 -640.786
44 44 -1011.9
44 44 -640.786
44 44 -1530
44 44 -1391.1
44 44 -1530
44 44 -1391.1
44 44 -1042.73
44 44 -1092.48
44 44 -1042.73
44 44 -1092.48
44 44 -1397.8
44 44 -1434.37
44 44 -1397.8
44 44 -1434.37
44 44 -922.743
44 44 -1306.98
44 44 -922.743
44 44 -1306.98
44 44 -1187.4
44 44 -1155.3
44 44 -1187.4
44 44 -1155.3
44 44 -1224.2
44 44 -1301.72
44 44 -1224.2
44 44 -1301.72
44 44 -1122.24
44 44 -1095.95
44 44 -1122.24
44 44 -1095.95
44 44 -1326.37
44 44 -1138.63
44 44 -1326.37
44 44 -1138.63
44 44 -1725.02
44 44 -1510.49
44 44 -1725.02
44 44 -1510.49
44 44 -1516.61
44 44 -1417.71
44 44 -1516.61
44 44 -1417.71
44 44 -1114.23
44 44 -1112.92
44 44 -1114.23
44 44 -1112.92
44 44 -1092.56
44 44 -1147.29
44 44 -1092.56
44 44 -1147.29
44 44 -879.979
44 44 -944.358
44 44 -879.979
44 44 -944.358
44 44 -1368.68
44 44 -1172.82
44 44 -1368.68
44 44 -1172.82
44 44 -1698.85
44 44 -1846.29
44 44 -1698.85
44 44 -1846.29
44 44 -1485.87
44 44 -1169.67
44 44 -1485.87
44 44 -1169.67
44 44 -1447.18
44 44 -1588.44
44 44 -1447.18
44 44 -1588.44
44 44 -1141.25
44 44 -1519.58
44 44 -1141.25
44 44 -1519.58
44 44 -929.996
44 44 -684.473
44 44 -929.996
44 44 -684.473
44 44 -1072.5
44 44 -1007.7
44 44 -1072.5
44 44 -1007.7
44 44 -1284.86
44 44 -1515.69
44 44 -1284.86
44 44 -1515.69
81 81 -1926.48
81 81 -1937.39
81 81 -1926.48
81 81 -1937.39
81 81 -1926.48
81 81 -1937.39
81 81 -1926.48
81 81 -1937.39
81 81 -1544.92
81 81 -1737.11
81 81 -1544.92
81 81 -1737.11
81 81 -1544.92
81 81 -1737.11
81 81 -1544.92
81 81 -1737.11
81 81 -1458.92
81 81 -1515.85
81 81 -1458.92
81 81 -1515.85
81 81 -1458.92
81 81 -1515.85
81 81 -1458.92
81 81 -1515.85
81 81 -989.579
81 81 -433.594
81 81 -989.579
81 81 -433.594
81 81 -989.579
81 81 -433.594
81 81 -989.579
81 81 -433.594
81 81 -1599.55
81 81 -1750.63
81 81 -1599.55
81 81 -1750.63
81 81 -1599.55
81 81 -1750.63
81 81 -1599.55
81 81 -1750.63
81 81 -880.104
81 81 -1303.01
81 81 -880.104
81 81 -1303.01
81 81 -880.104
81 81 -1303.01
81 81 -880.104
81 81 -1303.01
81 81 -2113.29
81 81 -2167.24
81 81 -2113.29
81 81 -2167.24
81 81 -2113.29
81 81 -2167.24
81 81 -2113.29
81 81 -2167.24
81 81 -1037.9
81 81 -1579.25
81 81 -1037.9
81 81 -1579.25
81 81 -1037.9
81 81 -1579.25
81 81 -1037.9
81 81 -1579.25
81 81 -1869.8
81 81 -2048.87
81 81 -1869.8
81 81 -2048.87
81 81 -1869.8
81 81 -2048.87
81 81 -1869.8
81 81 -2048.87
81 81 -1062.51
81 81 -457.609
81 81 -1062.51
81 81 -457.609
81 81 -1062.51
81 81 -457.609
81 81 -1062.51
81 81 -457.609
81 81 -1324.1
81 81 -1625.44
81 81 -1324.1
81 81 -1625.44
81 81 -1324.1
81 81 -1625.44
81 81 -1324.1
81 81 -1625.44
81 81 -1695.87
81 81 -1572.17
81 81 -1695.87
81 81 -1572.17
81 81 -1695.87
81 81 -1572.17
81 81 -1695.87
81 81 -1572.17
81 81 -1807
81 81 -1917.45
81 81 -1807
81 81 -1917.45
81 81 -1807
81 81 -1917.45
81 81 -1807
81 81 -1917.45
81 81 -986.491
81 81 -643.036
81 81 -986.491
81 81 -643.036
81 81 -986.491
81 81 -643.036
81 81 -986.491
81 81 -643.036
81 81 -1873.35
81 81 -2065.79
81 81 -1873.35
81 81 -2065.79
81 81 -1873.35
81 81 -2065.79
81 81 -1873.35
81 81 -2065.79
81 81 -599.222
81 81 -966.073
81 81 -599.222
81 81 -966.073
81 81 -599.222
81 81 -966.073
81 81 -599.222
81 81 -966.073
81 81 -1931.93
81 81 -2028.09
81 81 -1931.93
81 81 -2028.09
81 81 -1931.93
81 81 -2028.09
81 81 -1931.93
81 81 -2028.09
81 81 -1807.1
81 81 -2012.58
81 81 -1807.1
81 81 -2012.58
81 81 -1807.1
81 81 -2012.58
81 81 -1807.1
81 81 -2012.58
81 81 -1312.52
81 81 -1732.83
81 81 -1312.52
81 81 -1732.83
81 81 -1312.52
81 81 -1732.83
81 81 -1312.52
81 81 -1732.83
81 81 -956.251
81 81 -1151.12
81 81 -956.251
81 81 -1151.12
81 81 -956.251
81 81 -1151.12
81 81 -956.251
81 81 -1151.12
81 81 -1809.88
81 81 -1316.79
81 81 -1809.88
81 81 -1316.79
81 81 -1809.88
81 81 -1316.79
81 81 -1809.88
81 81 -1316.79
81 81 -1054.65
81 81 -1656.3
81 81 -1054.65
81 81 -1656.3
81 81 -1054.65
81 81 -1656.3
81 81 -1054.65
81 81 -1656.3
81 81 -1561.29
81 81 -2006.49
81 81 -1561.29
81 81 -2006.49
81 81 -1561.29
81 81 -2006.49
81 81 -1561.29
81 81 -2006.49
81 81 -1149.57
81 81 -1449.49
81 81 -1149.57
81 81 -1449.49
81 81 -1149.57
81 81 -1449.49
81 81 -1149.57
81 81 -1449.49
81 81 -1634.26
81 81 -1521.78
81 81 -1634.26
81 81 -1521.78
81 81 -1634.26
81 81 -1521.78
81 81 -1634.26
81 81 -1521.78
81 81 -1663.65
81 81 -2093.25
81 81 -1663.65
81 81 -2093.25
81 81 -1663.65
81 81 -2093.25
81 81 -1663.65
81 81 -2093.25
81 81 -1837.27
81 81 -1922.44
81 81 -1837.27
81 81 -1922.44
81 81 -1837.27
81 81 -1922.44
81 81 -1837.27
81 81 -1922.44
81 81 -2110.22
81 81 -2178.29
81 81 -2110.22
81 81 -2178.29
81 81 -2110.22
81 81 -2178.29
81 81 -2110.22
81 81 -2178.29
82 82 -832.951
82 82 -828.193
82 82 -832.951
82 82 -828.193
82 82 -832.951
82 82 -828.193
82 82 -832.951
82 82 -828.193
82 82 -645.719
82 82 -712.247
82 82 -645.719
82 82 -712.247
82 82 -645.719
82 82 -712.247
82 82 -645.719
82 82 -712.247
82 82 -910.945
82 82 -1010.72
82 82 -910.945
82 82 -1010.72
82 82 -910.945
82 82 -1010.72
82 82 -910.945
82 82 -1010.72
82 82 -949.905
82 82 -925.457
82 82 -949.905
82 82 -925.457
82 82 -949.905
82 82 -925.457
82 82 -949.905
82 82 -925.457
82 82 -961.221
82 82 -921.514
82 82 -961.221
82 82 -921.514
82 82 -961.221
82 82 -921.514
82 82 -961.221
82 82 -921.514
82 82 -1137.76
82 82 -1112.92
82 82 -1137.76
82 82 -1112.92
82 82 -1137.76
82 82 -1112.92
82 82 -1137.76
82 82 -1112.92
82 82 -1495.3
82 82 -1434.24
82 82 -1495.3
82 82 -1434.24
82 82 -1495.3
82 82 -1434.24
82 82 -1495.3
82 82 -1434.24
82 82 -883.487
82 82 -877.894
82 82 -883.487
82 82 -877.894
82 82 -883.487
82 82 -877.894
82 82 -883.487
82 82 -877.894
82 82 -1555.36
82 82 -1466.6
82 82 -1555.36
82 82 -1466.6
82 82 -1555.36
82 82 -1466.6
82 82 -1555.36
82 82 -1466.6
82 82 -694.712
82 82 -764.825
82 82 -694.712
82 82 -764.825
82 82 -694.712
82 82 -764.825
82 82 -694.712
82 82 -764.825
82 82 -573.023
82 82 -764.643
82 82 -573.023
82 82 -764.643
82 82 -573.023
82 82 -764.643
82 82 -573.023
82 82 -764.643
82 82 -562.772
82 82 -590.395
82 82 -562.772
82 82 -590.395
82 82 -562.772
82 82 -590.395
82 82 -562.772
82 82 -590.395
82 82 -680.916
82 82 -700.212
82 82 -680.916
82 82 -700.212
82 82 -680.916
82 82 -700.212
82 82 -680.916
82 82 -700.212
82 82 -907.185
82 82 -944.378
82 82 -907.185
82 82 -944.378
82 82 -907.185
82 82 -944.378
82 82 -907.185
82 82 -944.378
82 82 -350.436
82 82 -473.612
82 82 -350.436
82 82 -473.612
82 82 -350.436
82 82 -473.612
82 82 -350.436
82 82 -473.612
82 82 -1725.82
82 82 -1666.34
82 82 -1725.82
82 82 -1666.34
82 82 -1725.82
82 82 -1666.34
82 82 -1725.82
82 82 -1666.34
82 82 -1392.99
82 82 -1379.52
82 82 -1392.99
82 82 -1379.52
82 82 -1392.99
82 82 -1379.52
82 82 -1392.99
82 82 -1379.52
82 82 -1171.11
82 82 -1202
82 82 -1171.11
82 82 -1202
82 82 -1171.11
82 82 -1202
82 82 -1171.11
82 82 -1202
82 82 -394.929
82 82 -402.387
82 82 -394.929
82 82 -402.387
82 82 -394.929
82 82 -402.387
82 82 -394.929
82 82 -402.387
82 82 -553.246
82 82 -564.212
82 82 -553.246
82 82 -564.212
82 82 -553.246
82 82 -564.212
82 82 -553.246
82 82 -564.212
82 82 -1389.13
82 82 -1394.47
82 82 -1389.13
82 82 -1394.47
82 82 -1389.13
82 82 -1394.47
82 82 -1389.13
82 82 -1394.47
82 82 -837.456
82 82 -829.15
82 82 -837.456
82 82 -829.15
82 82 -837.456
82 82 -829.15
82 82 -837.456
82 82 -829.15
82 82 -1058.59
82 82 -1101.94
82 82 -1058.59
82 82 -1101.94
82 82 -1058.59
82 82 -1101.94
82 82 -1058.59
82 82 -1101.94
82 82 -955.14
82 82 -933.948
82 82 -955.14
82 82 -933.948
82 82 -955.14
82 82 -933.948
82 82 -955.14
82 82 -933.948
82 82 -1513.29
82 82 -1526.81
82 82 -1513.29
82 82 -1526.81
82 82 -1513.29
82 82 -1526.81
82 82 -1513.29
82 82 -1526.81
82 82 -1138.38
82 82 -1013.82
82 82 -1138.38
82 82 -1013.82
82 82 -1138.38
82 82 -1013.82
82 82 -1138.38
82 82 -1013.82
82 82 -1129.04
82 82 -1094.76
82 82 -1129.04
82 82 -1094.76
82 82 -1129.04
82 82 -1094.76
82 82 -1129.04
82 82 -1094.76
83 83 -1673.36
83 83 -1394.7
83 83 -1673.36
83 83 -1394.7
83 83 -1673.36
83 83 -1394.7
83 83 -1673.36
83 83 -1394.7
83 83 -788.916
83 83 -2371.42
83 83 -788.916
83 83 -2371.42
83 83 -788.916
83 83 -2371.42
83 83 -788.916
83 83 -2371.42
83 83 -2301.21
83 83 -676.617
83 83 -2301.21
83 83 -676.617
83 83 -2301.21
83 83 -676.617
83 83 -2301.21
83 83 -676.617
83 83 -719.138
83 83 -2495.21
83 83 -719.138
83 83 -2495.21
83 83 -719.138
83 83 -2495.21
83 83 -719.138
83 83 -2495.21
83 83 -568.216
83 83 -2432.98
83 83 -568.216
83 83 -2432.98
83 83 -568.216
83 83 -2432.98
83 83 -568.216
83 83 -2432.98
83 83 -743.136
83 83 -2688.6
83 83 -743.136
83 83 -2688.6
83 83 -743.136
83 83 -2688.6
83 83 -743.136
83 83 -2688.6
83 83 -804.37
83 83 -2357.84
83 83 -804.37
83 83 -2357.84
83 83 -804.37
83 83 -2357.84
83 83 -804.37
83 83 -2357.84
83 83 -1172.05
83 83 -1983.61
83 83 -1172.05
83 83 -1983.61
83 83 -1172.05
83 83 -1983.61
83 83 -1172.05
83 83 -1983.61
83 83 -193.317
83 83 -2704.92
83 83 -193.317
83 83 -2704.92
83 83 -193.317
83 83 -2704.92
83 83 -193.317
83 83 -2704.92
83 83 -865.134
83 83 -2460.91
83 83 -865.134
83 83 -2460.91
83 83 -865.134
83 83 -2460.91
83 83 -865.134
83 83 -2460.91
83 83 -493.215
83 83 -2689.43
83 83 -493.215
83 83 -2689.43
83 83 -493.215
83 83 -2689.43
83 83 -493.215
83 83 -2689.43
83 83 -845.231
83 83 -2346.8
83 83 -845.231
83 83 -2346.8
83 83 -845.231
83 83 -2346.8
83 83 -845.231
83 83 -2346.8
83 83 -680.142
83 83 -2654.62
83 83 -680.142
83 83 -2654.62
83 83 -680.142
83 83 -2654.62
83 83 -680.142
83 83 -2654.62
83 83 -2388.35
83 83 -708.271
83 83 -2388.35
83 83 -708.271
83 83 -2388.35
83 83 -708.271
83 83 -2388.35
83 83 -708.271
83 83 -1087.43
83 83 -2515.94
83 83 -1087.43
83 83 -2515.94
83 83 -1087.43
83 83 -2515.94
83 83 -1087.43
83 83 -2515.94
83 83 -1745.73
83 83 -1256.09
83 83 -1745.73
83 83 -1256.09
83 83 -1745.73
83 83 -1256.09
83 83 -1745.73
83 83 -1256.09
83 83 -680.245
83 83 -2372.68
83 83 -680.245
83 83 -2372.68
83 83 -680.245
83 83 -2372.68
83 83 -680.245
83 83 -2372.68
83 83 -821.825
83 83 -2461.9
83 83 -821.825
83 83 -2461.9
83 83 -821.825
83 83 -2461.9
83 83 -821.825
83 83 -2461.9
83 83 -1798.63
83 83 -1389.06
83 83 -1798.63
83 83 -1389.06
83 83 -1798.63
83 83 -1389.06
83 83 -1798.63
83 83 -1389.06
83 83 -1067.78
83 83 -2510.65
83 83 -1067.78
83 83 -2510.65
83 83 -1067.78
83 83 -2510.65
83 83 -1067.78
83 83 -2510.65
83 83 -743.723
83 83 -2525.25
83 83 -743.723
83 83 -2525.25
83 83 -743.723
83 83 -2525.25
83 83 -743.723
83 83 -2525.25
83 83 -853.142
83 83 -2328.75
83 83 -853.142
83 83 -2328.75
83 83 -853.142
83 83 -2328.75
83 83 -853.142
83 83 -2328.75
83 83 -737.68
83 83 -2301.52
83 83 -737.68
83 83 -2301.52
83 83 -737.68
83 83 -2301.52
83 83 -737.68
83 83 -2301.52
83 83 -1403.13
83 83 -2044.79
83 83 -1403.13
83 83 -2044.79
83 83 -1403.13
83 83 -2044.79
83 83 -1403.13
83 83 -2044.79
83 83 -886.55
83 83 -2156.61
83 83 -886.55
83 83 -2156.61
83 83 -886.55
83 83 -2156.61
83 83 -886.55
83 83 -2156.61
83 83 -499.799
83 83 -2547.44
83 83 -499.799
83 83 -2547.44
83 83 -499.799
83 83 -2547.44
83 83 -499.799
83 83 -2547.44
83 83 -805.69
83 83 -2440.56
83 83 -805.69
83 83 -2440.56
83 83 -805.69
83 83 -2440.56
83 83 -805.69
83 83 -2440.56
83 83 -326.737
83 83 -2608.38
83 83 -326.737
83 83 -2608.38
83 83 -326.737
83 83 -2608.38
83 83 -326.737
83 83 -2608.38
84 84 -511.848
84 84 -395.947
84 84 -511.848
84 84 -395.947
84 84 -511.848
84 84 -395.947
84 84 -511.848
84 84 -395.947
84 84 -893.885
84 84 -624.381
84 84 -893.885
84 84 -624.381
84 84 -893.885
84 84 -624.381
84 84 -893.885
84 84 -624.381
84 84 -1836.28
84 84 -1838.19
84 84 -1836.28
84 84 -1838.19
84 84 -1836.28
84 84 -1838.19
84 84 -1836.28
84 84 -1838.19
84 84 -908.817
84 84 -603.132
84 84 -908.817
84 84 -603.132
84 84 -908.817
84 84 -603.132
84 84 -908.817
84 84 -603.132
84 84 -1101.87
84 84 -1311.03
84 84 -1101.87
84 84 -1311.03
84 84 -1101.87
84 84 -1311.03
84 84 -1101.87
84 84 -1311.03
84 84 -592.162
84 84 -1029.68
84 84 -592.162
84 84 -1029.68
84 84 -592.162
84 84 -1029.68
84 84 -592.162
84 84 -1029.68
84 84 -785.914
84 84 -887.238
84 84 -785.914
84 84 -887.238
84 84 -785.914
84 84 -887.238
84 84 -785.914
84 84 -887.238
84 84 -1087.58
84 84 -1362.76
84 84 -1087.58
84 84 -1362.76
84 84 -1087.58
84 84 -1362.76
84 84 -1087.58
84 84 -1362.76
84 84 -912.291
84 84 -1266.59
84 84 -912.291
84 84 -1266.59
84 84 -912.291
84 84 -1266.59
84 84 -912.291
84 84 -1266.59
84 84 -662.346
84 84 -787.471
84 84 -662.346
84 84 -787.471
84 84 -662.346
84 84 -787.471
84 84 -662.346
84 84 -787.471
84 84 -719.887
84 84 -428.755
84 84 -719.887
84 84 -428.755
84 84 -719.887
84 84 -428.755
84 84 -719.887
84 84 -428.755
84 84 -442.225
84 84 -902.405
84 84 -442.225
84 84 -902.405
84 84 -442.225
84 84 -902.405
84 84 -442.225
84 84 -902.405
84 84 -642.078
84 84 -563.71
84 84 -642.078
84 84 -563.71
84 84 -642.078
84 84 -563.71
84 84 -642.078
84 84 -563.71
84 84 -1284.51
84 84 -1121.64
84 84 -1284.51
84 84 -1121.64
84 84 -1284.51
84 84 -1121.64
84 84 -1284.51
84 84 -1121.64
84 84 -792.973
84 84 -1360.89
84 84 -792.973
84 84 -1360.89
84 84 -792.973
84 84 -1360.89
84 84 -792.973
84 84 -1360.89
84 84 -943.878
84 84 -645.248
84 84 -943.878
84 84 -645.248
84 84 -943.878
84 84 -645.248
84 84 -943.878
84 84 -645.248
84 84 -1449.13
84 84 -1504.52
84 84 -1449.13
84 84 -1504.52
84 84 -1449.13
84 84 -1504.52
84 84 -1449.13
84 84 -1504.52
84 84 -1399.9
84 84 -1589.77
84 84 -1399.9
84 84 -1589.77
84 84 -1399.9
84 84 -1589.77
84 84 -1399.9
84 84 -1589.77
84 84 -843.034
84 84 -663.837
84 84 -843.034
84 84 -663.837
84 84 -843.034
84 84 -663.837
84 84 -843.034
84 84 -663.837
84 84 -945.11
84 84 -995.018
84 84 -945.11
84 84 -995.018
84 84 -945.11
84 84 -995.018
84 84 -945.11
84 84 -995.018
84 84 -504.136
84 84 -695.311
84 84 -504.136
84 84 -695.311
84 84 -504.136
84 84 -695.311
84 84 -504.136
84 84 -695.311
84 84 -656.477
84 84 -463.463
84 84 -656.477
84 84 -463.463
84 84 -656.477
84 84 -463.463
84 84 -656.477
84 84 -463.463
84 84 -1815.2
84 84 -1899.19
84 84 -1815.2
84 84 -1899.19
84 84 -1815.2
84 84 -1899.19
84 84 -1815.2
84 84 -1899.19
84 84 -786.481
84 84 -1068.87
84 84 -786.481
84 84 -1068.87
84 84 -786.481
84 84 -1068.87
84 84 -786.481
84 84 -1068.87
84 84 -511.28
84 84 -707.002
84 84 -511.28
84 84 -707.002
84 84 -511.28
84 84 -707.002
84 84 -511.28
84 84 -707.002
84 84 -1084.37
84 84 -942.42
84 84 -1084.37
84 84 -942.42
84 84 -1084.37
84 84 -942.42
84 84 -1084.37
84 84 -942.42
84 84 -1098.02
84 84 -1169.71
84 84 -1098.02
84 84 -1169.71
84 84 -1098.02
84 84 -1169.71
84 84 -1098.02
84 84 -1169.71
84 84 -797.357
84 84 -1020.86
84 84 -797.357
84 84 -1020.86
84 84 -797.357
84 84 -1020.86
84 84 -797.357
84 84 -1020.86
