78 78 -1964.37
78 78 -2144.63
78 78 -1964.37
78 78 -2164.47
78 78 -2116.78
78 78 -2582.51
78 78 -1966.47
78 78 -1854.14
78 78 -1442.7
78 78 -3808.89
78 78 -1350.4
78 78 -4697
78 78 -1442.7
78 78 -3323.13
78 78 -817.634
78 78 -4683.81
78 78 -2527.24
78 78 -3019.71
78 78 -1999.94
78 78 -3034.37
78 78 -2032.74
78 78 -3206.99
78 78 -1900.14
78 78 -3034.37
78 78 -4057.89
78 78 -3280.74
78 78 -4077.9
78 78 -3398.71
78 78 -4079.75
78 78 -3163.77
78 78 -4053.91
78 78 -3137.4
78 78 -2113.24
78 78 -3445.73
78 78 -2166.3
78 78 -3423.3
78 78 -2135.68
78 78 -3450.59
78 78 -2169.54
78 78 -3439.8
78 78 -3134.84
78 78 -3601.31
78 78 -3328.23
78 78 -3583.92
78 78 -2691.81
78 78 -3355.96
78 78 -3075.34
78 78 -3492.51
78 78 -361.085
78 78 -2001.68
78 78 -469.601
78 78 -2133.98
78 78 -586.518
78 78 -2003.2
78 78 -666.719
78 78 -2001.68
79 79 -2274.71
79 79 -1167.7
79 79 -2256.21
79 79 -703.42
79 79 -2283.86
79 79 -669.667
79 79 -2297.96
79 79 -940.211
79 79 -1329.05
79 79 -2303.13
79 79 -1302.01
79 79 -2363.64
79 79 -1237.11
79 79 -2409.08
79 79 -1329.05
79 79 -2428.52
79 79 -2387.78
79 79 -2048.35
79 79 -2320.09
79 79 -2048.35
79 79 -2408.7
79 79 -2141.27
79 79 -2320.09
79 79 -2191.39
79 79 -716.482
79 79 -2348.81
79 79 -1320.93
79 79 -2163.61
79 79 -1022.25
79 79 -2188.52
79 79 -414.515
79 79 -2128.64
79 79 -2694.43
79 79 -2714.6
79 79 -2708.48
79 79 -2713.44
79 79 -2711.26
79 79 -2720.49
79 79 -2716.68
79 79 -2704.72
79 79 -1251.74
79 79 -1610.63
79 79 -1264.73
79 79 -1948.95
79 79 -1274.84
79 79 -2062.61
79 79 -1292.23
79 79 -1593.86
79 79 -1203
79 79 -1966.43
79 79 -1226.39
79 79 -1876.67
79 79 -1197.46
79 79 -1438.95
79 79 -1292.3
79 79 -1550.34
80 80 -3684.73
80 80 -3617.77
80 80 -3624.02
80 80 -3643.32
80 80 -3392.21
80 80 -3617.77
80 80 -3620.26
80 80 -3589.19
80 80 -4031.77
80 80 -537.824
80 80 -4053.37
80 80 -597.084
80 80 -4016.56
80 80 -629.61
80 80 -4028.35
80 80 -623.436
80 80 -3292.07
80 80 -3753.44
80 80 -3337.81
80 80 -3789.13
80 80 -3314.37
80 80 -3776.36
80 80 -3336.43
80 80 -3753.59
80 80 -4083.49
80 80 -669.918
80 80 -4071.98
80 80 -722.963
80 80 -4100.65
80 80 -686.774
80 80 -4109.39
80 80 -679.802
80 80 -3156.02
80 80 -788.194
80 80 -2958.92
80 80 -1617.41
80 80 -2794.84
80 80 -757.024
80 80 -3227.47
80 80 -720.6
80 80 -3921.2
80 80 -861.101
80 80 -4237.27
80 80 -1616.03
80 80 -4359.99
80 80 -1616.03
80 80 -3988.26
80 80 -1388.69
80 80 -924.719
80 80 -2051.34
80 80 -987.321
80 80 -2001.53
80 80 -987.321
80 80 -1068.29
80 80 -924.719
80 80 -2051.34
81 81 -242.345
81 81 -528.06
81 81 -224.59
81 81 -599.998
81 81 -200.014
81 81 -656.288
81 81 -269.681
81 81 -534.682
81 81 -1615.57
81 81 -892.833
81 81 -1682.86
81 81 -1153.3
81 81 -1459.47
81 81 -999.164
81 81 -2500.47
81 81 -1030.29
81 81 -144.781
81 81 -765.435
81 81 -140.231
81 81 -859.072
81 81 -154.433
81 81 -859.084
81 81 -140.35
81 81 -775.239
81 81 -123.914
81 81 -574.694
81 81 -129.14
81 81 -611.597
81 81 -129.249
81 81 -560.069
81 81 -66.589
81 81 -566.416
81 81 -337.091
81 81 -408.366
81 81 -331.838
81 81 -417.003
81 81 -323.277
81 81 -456.295
81 81 -237.728
81 81 -406.966
81 81 -4216.03
81 81 -4411.2
81 81 -4292.79
81 81 -4414.27
81 81 -4292.79
81 81 -4422.48
81 81 -4216.87
81 81 -4406.3
81 81 -355.963
81 81 -1010.04
81 81 -275.675
81 81 -965.722
81 81 -362.578
81 81 -1114.74
81 81 -496.809
81 81 -1057.54
81 81 -128.214
81 81 -535.164
81 81 -119.582
81 81 -530.851
81 81 -119.494
81 81 -568.428
81 81 -86.251
81 81 -587.218
81 81 -1072.02
81 81 -603.268
81 81 -1241.38
81 81 -468.229
81 81 -1100.18
81 81 -566.14
81 81 -1312.36
81 81 -449.87
81 81 -42.8079
81 81 -555.938
81 81 -57.318
81 81 -526.223
81 81 -68.6032
81 81 -526.956
81 81 -52.4477
81 81 -526.225
81 81 -655.5
81 81 -1734.52
81 81 -1259.68
81 81 -1764.7
81 81 -640.193
81 81 -1718.03
81 81 -441.191
81 81 -1531.51
81 81 -440.029
81 81 -51.9813
81 81 -482.122
81 81 -135.729
81 81 -446.756
81 81 -60.2034
81 81 -440.029
81 81 -60.2034
81 81 -259.018
81 81 -2005.46
81 81 -302.543
81 81 -1711.13
81 81 -291.441
81 81 -1450.58
81 81 -286.41
81 81 -1439.34
81 81 -239.7
81 81 -680.094
81 81 -258.705
81 81 -680.094
81 81 -200.152
81 81 -754.501
81 81 -226.131
81 81 -702.578
81 81 -102.699
81 81 -512.011
81 81 -146.91
81 81 -508.672
81 81 -146.91
81 81 -506.202
81 81 -99.8409
81 81 -480.621
81 81 -161.767
81 81 -435.882
81 81 -122.784
81 81 -442.536
81 81 -159
81 81 -442.815
81 81 -80.0247
81 81 -455.27
81 81 -236.299
81 81 -1125.45
81 81 -236.299
81 81 -1125.45
81 81 -199.739
81 81 -982.691
81 81 -196.868
81 81 -905.074
81 81 -62.5028
81 81 -526.603
81 81 -45.7286
81 81 -503.236
81 81 -38.0445
81 81 -535.066
81 81 -64.2634
81 81 -493.991
81 81 -1760.76
81 81 -1266.41
81 81 -1880.58
81 81 -1266.41
81 81 -1675.99
81 81 -1170.52
81 81 -1861
81 81 -1208.31
81 81 -159.836
81 81 -390.25
81 81 -213.476
81 81 -402.932
81 81 -179.352
81 81 -390.25
81 81 -76.4414
81 81 -447.023
81 81 -549.178
81 81 -1685.4
81 81 -544.55
81 81 -2000.18
81 81 -570.671
81 81 -1939.8
81 81 -666.342
81 81 -1866.98
81 81 -81.5409
81 81 -390.463
81 81 -179.22
81 81 -381.141
81 81 -91.5274
81 81 -381.005
81 81 -64.7166
81 81 -368.862
81 81 -116.179
81 81 -422.895
81 81 -127.173
81 81 -413.913
81 81 -178.617
81 81 -400.572
81 81 -77.8574
81 81 -427.797
81 81 -732.877
81 81 -872.9
81 81 -705.577
81 81 -753.326
81 81 -553.681
81 81 -595.86
81 81 -638.742
81 81 -668.322
81 81 -2004.2
81 81 -2832.64
81 81 -1841.93
81 81 -2881.15
81 81 -1978.94
81 81 -2829.41
81 81 -2061.13
81 81 -2914.85
81 81 -136.168
81 81 -459.126
81 81 -185.385
81 81 -433.295
81 81 -185.385
81 81 -409.682
81 81 -131.952
81 81 -459.126
81 81 -190.872
81 81 -1033.48
81 81 -270.272
81 81 -1033.48
81 81 -299.377
81 81 -1069.85
81 81 -279.558
81 81 -1158.06
81 81 -239.545
81 81 -723.049
81 81 -221.372
81 81 -719.406
81 81 -239.545
81 81 -876.243
81 81 -135.45
81 81 -749.868
82 82 -2344.39
82 82 -2370.86
82 82 -2344.39
82 82 -2336.2
82 82 -2405.78
82 82 -2386.39
82 82 -2327.25
82 82 -2385.26
82 82 -1800.47
82 82 -2464.12
82 82 -2234.28
82 82 -2435.69
82 82 -2320.97
82 82 -2488.18
82 82 -1960.19
82 82 -2372.05
82 82 -1732.11
82 82 -2305.82
82 82 -1910.77
82 82 -2248.68
82 82 -1578.72
82 82 -2276.41
82 82 -1335.31
82 82 -2348.62
82 82 -1393
82 82 -2210.2
82 82 -1705.5
82 82 -2272.14
82 82 -1063.75
82 82 -2301.17
82 82 -1179.47
82 82 -2272.11
82 82 -1839.33
82 82 -1292.36
82 82 -1885.19
82 82 -1106.61
82 82 -1843.18
82 82 -1138.6
82 82 -1898.82
82 82 -1121.18
82 82 -1723.83
82 82 -2383.54
82 82 -1723.83
82 82 -2391.17
82 82 -1833.08
82 82 -2358.02
82 82 -1902.89
82 82 -2381.01
82 82 -1765.32
82 82 -2298.31
82 82 -1682.96
82 82 -2328.87
82 82 -1443.21
82 82 -2319.75
82 82 -1392.16
82 82 -2396.25
82 82 -1806.8
82 82 -2292.09
82 82 -1984.69
82 82 -2236.53
82 82 -1922.46
82 82 -2236.53
82 82 -1863.68
82 82 -2173.62
82 82 -1606
82 82 -2122.64
82 82 -1638.43
82 82 -2070.19
82 82 -1576.13
82 82 -2049.06
82 82 -1605.08
82 82 -2074.56
82 82 -1173.56
82 82 -1609.72
82 82 -1381.03
82 82 -1681.51
82 82 -1330.68
82 82 -1599.46
82 82 -1243.93
82 82 -1318.93
82 82 -1842.21
82 82 -2391.55
82 82 -1842.21
82 82 -2398.26
82 82 -1752.7
82 82 -2418.62
82 82 -1543.41
82 82 -2456.16
82 82 -2954.23
82 82 -1888.08
82 82 -3586.6
82 82 -2038.77
82 82 -3061.25
82 82 -1934.55
82 82 -3316.86
82 82 -1927.75
82 82 -2322.7
82 82 -1923.89
82 82 -2347.99
82 82 -2009.17
82 82 -2360.47
82 82 -2134.36
82 82 -2353.29
82 82 -2068.1
82 82 -1568.98
82 82 -2255.44
82 82 -1363.52
82 82 -2309.32
82 82 -1568.98
82 82 -2186.13
82 82 -940.621
82 82 -2191.97
82 82 -1235.96
82 82 -2067.82
82 82 -1528.87
82 82 -2171.83
82 82 -1252.96
82 82 -2208.24
82 82 -1515.64
82 82 -2264.05
82 82 -2758.7
82 82 -1737.73
82 82 -2617.49
82 82 -1742.07
82 82 -2760.86
82 82 -1755.86
82 82 -2614.22
82 82 -1543.24
82 82 -2169.64
82 82 -2438.64
82 82 -2175.7
82 82 -2473.54
82 82 -1876
82 82 -2419.83
82 82 -2159.73
82 82 -2362.71
82 82 -1761.04
82 82 -2345.81
82 82 -2012.44
82 82 -2329.15
82 82 -2068.99
82 82 -2433
82 82 -2192.23
82 82 -2432.98
82 82 -1509.32
82 82 -998.999
82 82 -1667.09
82 82 -953.433
82 82 -1568.54
82 82 -1322.39
82 82 -1386.84
82 82 -935.92
82 82 -1675.91
82 82 -2184.72
82 82 -1528.48
82 82 -2098.45
82 82 -1675.91
82 82 -2125.29
82 82 -1637.16
82 82 -2185.44
82 82 -1415.38
82 82 -775.257
82 82 -1377.82
82 82 -775.257
82 82 -1496.79
82 82 -775.257
82 82 -1415.38
82 82 -704.892
82 82 -1398
82 82 -1633.26
82 82 -1235.98
82 82 -2189.29
82 82 -1198.78
82 82 -1775.14
82 82 -1428.22
82 82 -1992.33
82 82 -970.664
82 82 -2289.37
82 82 -620.023
82 82 -2265.01
82 82 -467.928
82 82 -2354.79
82 82 -970.646
82 82 -2199.03
82 82 -1679.6
82 82 -2237.09
82 82 -1839.91
82 82 -2148.92
82 82 -2029.2
82 82 -1951.41
82 82 -1988.32
82 82 -2163.7
82 82 -2406.77
82 82 -2031.96
82 82 -2179.7
82 82 -2064.46
82 82 -2275.8
82 82 -2059.68
82 82 -2406.77
82 82 -1984.79
82 82 -1321.02
82 82 -2410.4
82 82 -1215.68
82 82 -2437.26
82 82 -1321.02
82 82 -2410.4
82 82 -791.565
82 82 -2386.69
82 82 -257.858
82 82 -2275.67
82 82 -588.421
82 82 -2190.65
82 82 -537.496
82 82 -2200.13
82 82 -1083.24
82 82 -2066.38
83 83 -324.415
83 83 -542.163
83 83 -528.086
83 83 -553.067
83 83 -602.957
83 83 -553.067
83 83 -602.957
83 83 -505.405
83 83 -2053.51
83 83 -2163.1
83 83 -2053.51
83 83 -2358.37
83 83 -1955.75
83 83 -2118.88
83 83 -2048.44
83 83 -2358.37
83 83 -1110.97
83 83 -940.323
83 83 -1181.77
83 83 -785.29
83 83 -996.838
83 83 -754.147
83 83 -1092.54
83 83 -816.574
83 83 -654.904
83 83 -587.679
83 83 -280.826
83 83 -542.29
83 83 -698.869
83 83 -544.801
83 83 -654.904
83 83 -607.147
83 83 -1081.79
83 83 -959.237
83 83 -921.203
83 83 -1017.83
83 83 -851.696
83 83 -793.591
83 83 -922.68
83 83 -1127.75
83 83 -250.712
83 83 -533.15
83 83 -245.78
83 83 -583.194
83 83 -121.502
83 83 -579.776
83 83 -244.181
83 83 -642.83
83 83 -1908.08
83 83 -536.628
83 83 -1658.2
83 83 -459.139
83 83 -1386.67
83 83 -542.209
83 83 -1818.99
83 83 -459.139
83 83 -2024.59
83 83 -1032.43
83 83 -2193.6
83 83 -1027.52
83 83 -2004.66
83 83 -970.908
83 83 -1899.61
83 83 -882.97
83 83 -985.498
83 83 -625.043
83 83 -1099.98
83 83 -593.548
83 83 -1278.12
83 83 -448.887
83 83 -985.498
83 83 -572.601
83 83 -1005.03
83 83 -688.21
83 83 -661.258
83 83 -601.936
83 83 -974.611
83 83 -569.697
83 83 -1210.76
83 83 -728.495
83 83 -269.814
83 83 -522.289
83 83 -238.283
83 83 -566.275
83 83 -295.989
83 83 -751.518
83 83 -229.872
83 83 -403.126
83 83 -2003.92
83 83 -159.456
83 83 -1873.81
83 83 -377.55
83 83 -1839.34
83 83 -455.379
83 83 -1977.49
83 83 -377.55
83 83 -386.516
83 83 -580.125
83 83 -310.61
83 83 -360.987
83 83 -310.61
83 83 -631.14
83 83 -310.61
83 83 -631.14
83 83 -1346.82
83 83 -1222.99
83 83 -1261.73
83 83 -1338.53
83 83 -1418.85
83 83 -1308.61
83 83 -1294.56
83 83 -1175.42
83 83 -1951.99
83 83 -533.074
83 83 -1918.5
83 83 -540.39
83 83 -1656.53
83 83 -739.485
83 83 -1979.89
83 83 -518.625
83 83 -1416.3
83 83 -1033.14
83 83 -1742.8
83 83 -999.702
83 83 -1686.01
83 83 -1033.17
83 83 -1452.05
83 83 -991.15
83 83 -1591.59
83 83 -747.694
83 83 -1710.4
83 83 -623.415
83 83 -1693.03
83 83 -450.553
83 83 -1635.66
83 83 -355.297
83 83 -2140.41
83 83 -683.709
83 83 -1930.46
83 83 -827.416
83 83 -2016.92
83 83 -872.46
83 83 -2060.26
83 83 -652.318
83 83 -1775.5
83 83 -2090.64
83 83 -1727.83
83 83 -1955.42
83 83 -1715.44
83 83 -2183.5
83 83 -1634.62
83 83 -2438.45
83 83 -813.316
83 83 -881.042
83 83 -975.611
83 83 -884.736
83 83 -813.323
83 83 -770.986
83 83 -886.27
83 83 -770.986
83 83 -236.748
83 83 -457.179
83 83 -206.374
83 83 -457.179
83 83 -290.91
83 83 -352.533
83 83 -442.802
83 83 -395.45
83 83 -597.469
83 83 -857.003
83 83 -649.235
83 83 -893.185
83 83 -628.096
83 83 -923.957
83 83 -608.518
83 83 -844.116
83 83 -1516.71
83 83 -1270.39
83 83 -1825.71
83 83 -1305.11
83 83 -1664.96
83 83 -1244.92
83 83 -1769.87
83 83 -1230.35
83 83 -1694.52
83 83 -1169.15
83 83 -1629.37
83 83 -911.844
83 83 -1586.93
83 83 -1261.99
83 83 -1730.34
83 83 -911.844
83 83 -632.105
83 83 -670.646
83 83 -606.932
83 83 -697.532
83 83 -561.615
83 83 -711.651
83 83 -560.29
83 83 -673.581
83 83 -842.87
83 83 -582.245
83 83 -1004.28
83 83 -554.377
83 83 -925.664
83 83 -634.216
83 83 -969.819
83 83 -587.945
83 83 -1421.49
83 83 -596.84
83 83 -1511.28
83 83 -795.541
83 83 -1275.66
83 83 -708.375
83 83 -1421.49
83 83 -694.313
83 83 -1384.97
83 83 -338.405
83 83 -1034.13
83 83 -390.819
83 83 -1393.06
83 83 -385.663
83 83 -1384.97
83 83 -385.663
84 84 -1967.19
84 84 -2717.38
84 84 -1911.64
84 84 -2164.43
84 84 -1908.71
84 84 -2805.49
84 84 -1214.81
84 84 -2059.25
84 84 -2298.43
84 84 -2048.34
84 84 -1720.36
84 84 -2312.77
84 84 -2308.24
84 84 -2069.3
84 84 -2262.21
84 84 -2312.77
84 84 -2173.21
84 84 -1946.52
84 84 -2065.45
84 84 -1925.48
84 84 -2123.93
84 84 -1887.01
84 84 -1953.72
84 84 -1917.92
84 84 -919.357
84 84 -2466.42
84 84 -1320.15
84 84 -2413.21
84 84 -1217.08
84 84 -2413.21
84 84 -1183.22
84 84 -2723.38
84 84 -599.3
84 84 -2706.88
84 84 -1733.69
84 84 -2533.91
84 84 -1827.33
84 84 -2860.44
84 84 -1320.67
84 84 -2764.05
84 84 -989.399
84 84 -2684.56
84 84 -979.978
84 84 -2667.83
84 84 -960.839
84 84 -2807.2
84 84 -979.978
84 84 -2718.96
84 84 -439.867
84 84 -2495.14
84 84 -906.674
84 84 -2522.1
84 84 -193.722
84 84 -2558.8
84 84 -377.333
84 84 -2421.64
84 84 -2092.04
84 84 -1457.65
84 84 -2238.01
84 84 -1354.8
84 84 -2195.44
84 84 -1571.47
84 84 -2319.84
84 84 -1481.03
84 84 -2339.13
84 84 -1677.88
84 84 -2295.24
84 84 -1759.04
84 84 -2480.14
84 84 -1745.95
84 84 -2290.14
84 84 -1745.95
84 84 -730.058
84 84 -2670.02
84 84 -403.724
84 84 -2769.91
84 84 -394.493
84 84 -2781.04
84 84 -1303.45
84 84 -2601.57
84 84 -1042.54
84 84 -1855.99
84 84 -1529.96
84 84 -2615.33
84 84 -1626.23
84 84 -1902.51
84 84 -1291.17
84 84 -2489.91
84 84 -406.158
84 84 -2173.07
84 84 -396.971
84 84 -2484.02
84 84 -352.825
84 84 -2043.38
84 84 -397.877
84 84 -2527.01
84 84 -245.283
84 84 -2788.4
84 84 -564.069
84 84 -2347.98
84 84 -330.709
84 84 -2347.98
84 84 -247.801
84 84 -2138.94
84 84 -1196.9
84 84 -2165.83
84 84 -1973.72
84 84 -2098.73
84 84 -1881.75
84 84 -2015.04
84 84 -1757.14
84 84 -2181.02
84 84 -1826.05
84 84 -2198
84 84 -1884.39
84 84 -2198
84 84 -1957.82
84 84 -2445.48
84 84 -1921
84 84 -2396.3
84 84 -689.709
84 84 -2086.97
84 84 -877.633
84 84 -2107.51
84 84 -484.713
84 84 -2103.64
84 84 -347.865
84 84 -2103.64
84 84 -1795.19
84 84 -3128.42
84 84 -2168.99
84 84 -2953.59
84 84 -2168.99
84 84 -2903.54
84 84 -1858.54
84 84 -2892.07
84 84 -1307.68
84 84 -389.771
84 84 -1446.6
84 84 -1819.31
84 84 -1350.13
84 84 -1636.11
84 84 -1493.05
84 84 -1122.1
84 84 -2036.87
84 84 -3218.87
84 84 -1848.28
84 84 -3263.12
84 84 -1554.94
84 84 -3284.82
84 84 -1913.86
84 84 -3333.33
84 84 -1953.08
84 84 -2651.36
84 84 -2015.95
84 84 -2592.71
84 84 -2122.35
84 84 -2623.86
84 84 -2141.64
84 84 -2601.94
84 84 -2166.66
84 84 -2490.15
84 84 -2278.94
84 84 -2490.15
84 84 -1588.48
84 84 -2427.84
84 84 -2089.2
84 84 -2490.15
84 84 -1724.87
84 84 -2045.62
84 84 -1539.34
84 84 -2116.4
84 84 -1284.38
84 84 -2119.09
84 84 -1325.08
84 84 -2179.76
84 84 -1438.25
84 84 -2048.88
84 84 -1657.16
84 84 -2152.59
84 84 -2014.91
84 84 -2075.58
84 84 -1686.45
84 84 -2026.41
84 84 -663.419
84 84 -2619.29
84 84 -1783.5
84 84 -2504.46
84 84 -663.419
84 84 -2622.3
84 84 -1087.29
84 84 -2599.28
84 84 -1472.69
84 84 -2247.93
84 84 -1445.96
84 84 -2435.82
84 84 -1273.07
84 84 -2872.79
84 84 -1527.65
84 84 -2391.26
84 84 -515.088
84 84 -2442.48
84 84 -465.176
84 84 -2376.9
84 84 -538.792
84 84 -2376.9
84 84 -678.505
84 84 -2114.61
84 84 -1237.93
84 84 -2467.98
84 84 -1475.33
84 84 -2205.63
84 84 -1702.54
84 84 -2229.99
84 84 -756.485
84 84 -2229.99
84 84 -1397.08
84 84 -1935.37
84 84 -1537.15
84 84 -1970.14
84 84 -324.956
84 84 -1998.7
84 84 -476.102
84 84 -1784.97
85 85 -557.558
85 85 -2186.68
85 85 -596.89
85 85 -2005.19
85 85 -557.558
85 85 -2182.61
85 85 -406.493
85 85 -2192.95
85 85 -1557.27
85 85 -1535.71
85 85 -1522.38
85 85 -1712.78
85 85 -1493.68
85 85 -1662.22
85 85 -1528.89
85 85 -1480.71
85 85 -1314.14
85 85 -3645.73
85 85 -1437.28
85 85 -3871.47
85 85 -1414.93
85 85 -3893.6
85 85 -1519.5
85 85 -4055.89
85 85 -304.167
85 85 -948.762
85 85 -475.879
85 85 -943.749
85 85 -304.172
85 85 -1101.43
85 85 -622.335
85 85 -782.721
85 85 -2440.94
85 85 -3310.41
85 85 -2503.91
85 85 -3302.86
85 85 -2984.57
85 85 -2974.42
85 85 -2191.04
85 85 -3170.3
85 85 -1031.21
85 85 -1245.6
85 85 -1212.09
85 85 -1245.6
85 85 -516.346
85 85 -1419.03
85 85 -516.346
85 85 -1245.6
85 85 -1352.29
85 85 -3498.08
85 85 -1435.89
85 85 -3301.95
85 85 -1404.06
85 85 -3450.39
85 85 -1435.89
85 85 -3222.73
85 85 -1461.26
85 85 -2166.95
85 85 -1427.82
85 85 -2382.52
85 85 -1525.06
85 85 -2382.52
85 85 -1491.88
85 85 -2166.97
85 85 -3147.11
85 85 -4373.53
85 85 -2473.57
85 85 -4385.59
85 85 -2473.57
85 85 -4374.17
85 85 -2719.22
85 85 -4379.64
85 85 -1469.79
85 85 -1371.43
85 85 -1412.91
85 85 -1396.39
85 85 -1546.27
85 85 -1396.39
85 85 -1469.79
85 85 -1404.88
85 85 -1068.24
85 85 -2778.8
85 85 -1045.24
85 85 -2921.39
85 85 -1031.71
85 85 -3237.91
85 85 -1076.33
85 85 -3008.58
85 85 -1526.4
85 85 -1107.95
85 85 -1512.08
85 85 -1107.95
85 85 -1521.07
85 85 -1269.59
85 85 -1526.4
85 85 -1298.1
85 85 -1150.94
85 85 -3922.45
85 85 -1509.37
85 85 -3935.08
85 85 -1343.88
85 85 -3949.2
85 85 -1291.92
85 85 -3765.31
85 85 -1513.25
85 85 -2385.44
85 85 -1637.24
85 85 -2298.19
85 85 -1425.48
85 85 -2388.97
85 85 -1513.23
85 85 -2368.32
85 85 -1167.79
85 85 -3903.23
85 85 -1348.1
85 85 -3816.85
85 85 -1599.82
85 85 -3816.85
85 85 -1822.29
85 85 -3710.46
85 85 -1160.82
85 85 -2348.12
85 85 -983.314
85 85 -2585.73
85 85 -1198.9
85 85 -2545.64
85 85 -1136.7
85 85 -2348.12
85 85 -508.972
85 85 -3713.83
85 85 -741.668
85 85 -3659.58
85 85 -815.82
85 85 -3505.27
85 85 -851.888
85 85 -3657.21
85 85 -1626.93
85 85 -3452.38
85 85 -1621.9
85 85 -3011.71
85 85 -1662.18
85 85 -3331.74
85 85 -1557.73
85 85 -3011.71
85 85 -1520.9
85 85 -2083
85 85 -1539.72
85 85 -2622.06
85 85 -1457.63
85 85 -2241.16
85 85 -1641.45
85 85 -2509.78
85 85 -1065.85
85 85 -1984.81
85 85 -1069.44
85 85 -1900.32
85 85 -1091.63
85 85 -1973.64
85 85 -1060.38
85 85 -1771
85 85 -1017.05
85 85 -3430.94
85 85 -1055.14
85 85 -3547.98
85 85 -1036.82
85 85 -3547.98
85 85 -1041.95
85 85 -3347.28
85 85 -1513.89
85 85 -4038.51
85 85 -1618.48
85 85 -4022.98
85 85 -1409.55
85 85 -4214.34
85 85 -1627.87
85 85 -4022.98
85 85 -997.079
85 85 -1782.89
85 85 -1413.03
85 85 -1509.96
85 85 -1033.26
85 85 -1627.23
85 85 -1033.26
85 85 -1731.12
85 85 -126.625
85 85 -2178.67
85 85 -300.73
85 85 -2086.56
85 85 -304.944
85 85 -2092.94
85 85 -215.508
85 85 -2069.94
85 85 -3892.12
85 85 -3971.94
85 85 -3892.12
85 85 -4027.81
85 85 -3835.4
85 85 -3943.5
85 85 -3869.14
85 85 -3940.9
85 85 -3840.43
85 85 -3931.47
85 85 -3884.38
85 85 -3913.25
85 85 -3883.69
85 85 -3936.05
85 85 -3798.59
85 85 -3890.87
85 85 -1569.84
85 85 -4401.36
85 85 -1522.85
85 85 -4340.12
85 85 -1522.86
85 85 -4341.2
85 85 -1460.81
85 85 -4377.89
85 85 -1818.92
85 85 -2930.25
85 85 -1773.36
85 85 -2599.46
85 85 -1820.92
85 85 -2287.21
85 85 -1830.13
85 85 -2964.1
86 86 -1565.62
86 86 -2393.63
86 86 -2068.92
86 86 -2408.48
86 86 -2068.92
86 86 -2518.88
86 86 -2002.71
86 86 -2498.73
86 86 -2404.51
86 86 -2504.5
86 86 -2350.49
86 86 -2455.59
86 86 -2365.57
86 86 -2572.53
86 86 -2416.64
86 86 -2615.05
86 86 -737.63
86 86 -2162.26
86 86 -902.87
86 86 -2144.95
86 86 -1554.08
86 86 -2130.75
86 86 -890.963
86 86 -2133.21
86 86 -548.08
86 86 -3172.76
86 86 -557.779
86 86 -2748.83
86 86 -607.948
86 86 -2586.35
86 86 -672.662
86 86 -2803.95
86 86 -2203.46
86 86 -2419.01
86 86 -2327.24
86 86 -2355.28
86 86 -2059.34
86 86 -2237.51
86 86 -1516.6
86 86 -2394.89
86 86 -2148.59
86 86 -2215.84
86 86 -1763.78
86 86 -2318.5
86 86 -2228.44
86 86 -2219.92
86 86 -2137.06
86 86 -2113.06
86 86 -1875.39
86 86 -2179.79
86 86 -1933.12
86 86 -2202.06
86 86 -1957.56
86 86 -2207.03
86 86 -1937.55
86 86 -2173.02
86 86 -2139.1
86 86 -2162.68
86 86 -2139.63
86 86 -2155.79
86 86 -2137.22
86 86 -2160.62
86 86 -2142.33
86 86 -2164.41
86 86 -2342.04
86 86 -2398.14
86 86 -2342.08
86 86 -2317.44
86 86 -2200.8
86 86 -2411.23
86 86 -2342.04
86 86 -2321.9
86 86 -2106.48
86 86 -2280.71
86 86 -2085.7
86 86 -2321.78
86 86 -2095.84
86 86 -2215.03
86 86 -2095.84
86 86 -2267.09
86 86 -2030.05
86 86 -2157.45
86 86 -2092.18
86 86 -2213.78
86 86 -2092.18
86 86 -2175.9
86 86 -2072.22
86 86 -2174.01
86 86 -512.286
86 86 -2305.96
86 86 -512.286
86 86 -2443.29
86 86 -545.465
86 86 -2401.28
86 86 -512.286
86 86 -2251.67
86 86 -1682.16
86 86 -2296.22
86 86 -1963.24
86 86 -2226.61
86 86 -783.304
86 86 -2264.38
86 86 -2023.96
86 86 -2226.61
86 86 -766.871
86 86 -1172.21
86 86 -674.136
86 86 -1638.56
86 86 -694.834
86 86 -1569.84
86 86 -749.345
86 86 -1103.1
86 86 -777.971
86 86 -2213.97
86 86 -665.655
86 86 -2174.39
86 86 -691.383
86 86 -2184.78
86 86 -749.206
86 86 -2159.55
86 86 -704.718
86 86 -2210.49
86 86 -660.435
86 86 -2262.55
86 86 -486.401
86 86 -2173.46
86 86 -486.4
86 86 -2188.31
86 86 -943.386
86 86 -2323.61
86 86 -696.138
86 86 -2332.09
86 86 -1006.02
86 86 -2348.43
86 86 -1399.29
86 86 -2456.1
86 86 -2504.63
86 86 -2369.98
86 86 -2536.37
86 86 -2508.43
86 86 -2370.78
86 86 -2317.64
86 86 -2599.59
86 86 -2335.81
86 86 -423.225
86 86 -2172.46
86 86 -1926.06
86 86 -2182
86 86 -660.032
86 86 -2172.46
86 86 -1496.98
86 86 -2160.31
86 86 -2336.86
86 86 -2557.87
86 86 -2386.94
86 86 -2667.25
86 86 -2341.79
86 86 -2532.44
86 86 -2386.94
86 86 -2532.44
86 86 -2165.14
86 86 -2159.67
86 86 -2198.45
86 86 -2174.69
86 86 -2165.14
86 86 -2169.5
86 86 -2146.74
86 86 -2159.67
86 86 -2051.12
86 86 -2320.74
86 86 -2056.65
86 86 -2356.61
86 86 -2083.32
86 86 -2270.53
86 86 -2048.17
86 86 -2310.56
86 86 -2321.34
86 86 -2248.45
86 86 -2120.09
86 86 -2248.45
86 86 -2315.49
86 86 -2268.41
86 86 -1289.14
86 86 -2298.59
86 86 -326.946
86 86 -2490.76
86 86 -841
86 86 -2377.23
86 86 -443.916
86 86 -2615.9
86 86 -1422.07
86 86 -2346.42
86 86 -910.762
86 86 -2351.29
86 86 -834.254
86 86 -2423.37
86 86 -769.513
86 86 -2342.75
86 86 -836.001
86 86 -2351.29
86 86 -677.099
86 86 -2432.8
86 86 -712.847
86 86 -2717.5
86 86 -592.328
86 86 -2759.71
86 86 -608.05
86 86 -2759.71
86 86 -599.361
86 86 -2229.79
86 86 -658.878
86 86 -2156.46
86 86 -646.379
86 86 -2219.6
86 86 -607.033
86 86 -2259.86
86 86 -345.761
86 86 -2238.83
86 86 -537.286
86 86 -2237.42
86 86 -441.65
86 86 -2274.46
86 86 -345.761
86 86 -2226
87 87 -3634.58
87 87 -1782.57
87 87 -3620.8
87 87 -1782.57
87 87 -3624.71
87 87 -2532.3
87 87 -3653.8
87 87 -1747.81
87 87 -3738.53
87 87 -3222.03
87 87 -3724.63
87 87 -3556.95
87 87 -3769.36
87 87 -2871.15
87 87 -3722.83
87 87 -3322.39
87 87 -4541.82
87 87 -3800.27
87 87 -4556.96
87 87 -3800.27
87 87 -4537.27
87 87 -3724.11
87 87 -4544.91
87 87 -3855.01
87 87 -2093.76
87 87 -3520.62
87 87 -2054.07
87 87 -3889.61
87 87 -1938.87
87 87 -2931.27
87 87 -1938.87
87 87 -3168.47
87 87 -4477.1
87 87 -4249.8
87 87 -4332.52
87 87 -4329.59
87 87 -4411.75
87 87 -4387.16
87 87 -4228.89
87 87 -4240.32
87 87 -4211.12
87 87 -3926.2
87 87 -4656.14
87 87 -3729.41
87 87 -4361.98
87 87 -3620.02
87 87 -4530.32
87 87 -3707.27
87 87 -3863.95
87 87 -3198.35
87 87 -3366.08
87 87 -3205
87 87 -3735.13
87 87 -3387.99
87 87 -3864.7
87 87 -3431.12
87 87 -1832.09
87 87 -3361.64
87 87 -2087.47
87 87 -3794.85
87 87 -1935.82
87 87 -3550.07
87 87 -2247.19
87 87 -3901.57
87 87 -3976.44
87 87 -3477.62
87 87 -3997.49
87 87 -3585.04
87 87 -3976.44
87 87 -3304.75
87 87 -3815.77
87 87 -3459.54
87 87 -2255.44
87 87 -3862.94
87 87 -2106.13
87 87 -3945.11
87 87 -2393.35
87 87 -3901.49
87 87 -1668.44
87 87 -3791.82
87 87 -3368.7
87 87 -4203.43
87 87 -3107.75
87 87 -4165.85
87 87 -3312.28
87 87 -4207.47
87 87 -3107.75
87 87 -4164.4
87 87 -3786.01
87 87 -3474
87 87 -3930.93
87 87 -3556.31
87 87 -3766.05
87 87 -3578.76
87 87 -3974.53
87 87 -3492.52
87 87 -4488.17
87 87 -3535.25
87 87 -4300.21
87 87 -3443.73
87 87 -4220.92
87 87 -3441.31
87 87 -3347.13
87 87 -3455.79
87 87 -3366.33
87 87 -4000.41
87 87 -3366.33
87 87 -4000.41
87 87 -3464.43
87 87 -4015.71
87 87 -3487.08
87 87 -3843.84
87 87 -2695.69
87 87 -4045.29
87 87 -3373.96
87 87 -4174.31
87 87 -3183.77
87 87 -4189.84
87 87 -2779.98
87 87 -4176.77
87 87 -3620.71
87 87 -3553.38
87 87 -3723.34
87 87 -3451.4
87 87 -3640.95
87 87 -3493.78
87 87 -3656.02
87 87 -3565.14
87 87 -4772.72
87 87 -3918.46
87 87 -4419.63
87 87 -4206.41
87 87 -4843.92
87 87 -4044.22
87 87 -4419.63
87 87 -3918.46
87 87 -3428.03
87 87 -3221.62
87 87 -3438.75
87 87 -3247.52
87 87 -3570.48
87 87 -3228.38
87 87 -3306.34
87 87 -3238.84
87 87 -4075.87
87 87 -4482.18
87 87 -4232.4
87 87 -4429.58
87 87 -4103.4
87 87 -4429.58
87 87 -4060.58
87 87 -4426.19
87 87 -2770.19
87 87 -3872.42
87 87 -2538.81
87 87 -3864.85
87 87 -3149.45
87 87 -3929.28
87 87 -2579.17
87 87 -3806.73
87 87 -4349.53
87 87 -1693.68
87 87 -4031.07
87 87 -2176.19
87 87 -4242.23
87 87 -2751.59
87 87 -4256.04
87 87 -2090.08
87 87 -4281.91
87 87 -3471.08
87 87 -4199.68
87 87 -3178.25
87 87 -4117.17
87 87 -3203.95
87 87 -4120.46
87 87 -3257.13
87 87 -3625.55
87 87 -3903.72
87 87 -3292.78
87 87 -4043.25
87 87 -3601.86
87 87 -4160.28
87 87 -3242.91
87 87 -3703.18
87 87 -3869.4
87 87 -4269.7
87 87 -4539.87
87 87 -4397.26
87 87 -4296.23
87 87 -4309.92
87 87 -4201.72
87 87 -4046.27
87 87 -1556.02
87 87 -1889.07
87 87 -1367.44
87 87 -1778.91
87 87 -1347.31
87 87 -816.215
87 87 -1324.69
87 87 -2201.79
87 87 -4006.37
87 87 -3928.21
87 87 -3935.59
87 87 -3388.62
87 87 -4073.67
87 87 -3612.18
87 87 -3988.74
87 87 -3509.68
87 87 -1080.73
87 87 -2758.32
87 87 -1222.94
87 87 -2926.73
87 87 -882.682
87 87 -2926.74
87 87 -1098.51
87 87 -2468.65
87 87 -777.914
87 87 -3869.53
87 87 -765.936
87 87 -3880.08
87 87 -765.936
87 87 -3878.38
87 87 -772.333
87 87 -3877.49
88 88 -282.633
88 88 -2119.88
88 88 -281.222
88 88 -1791.66
88 88 -702.408
88 88 -1993.26
88 88 -276.338
88 88 -1907.71
88 88 -310.201
88 88 -1659.59
88 88 -323.188
88 88 -1653.37
88 88 -238.282
88 88 -1698.27
88 88 -324.851
88 88 -1713.35
88 88 -216.435
88 88 -880.76
88 88 -237.415
88 88 -1115.23
88 88 -215.529
88 88 -846.148
88 88 -237.415
88 88 -880.76
88 88 -1151.9
88 88 -1766.92
88 88 -1031.3
88 88 -1722.68
88 88 -1092.16
88 88 -1670.7
88 88 -993.198
88 88 -1651.9
88 88 -277.629
88 88 -812.352
88 88 -284.202
88 88 -792.132
88 88 -246.979
88 88 -738.42
88 88 -275.793
88 88 -593.263
88 88 -246.029
88 88 -2089.44
88 88 -210.097
88 88 -2090.05
88 88 -250.567
88 88 -2116.45
88 88 -269.486
88 88 -2116.45
88 88 -380.762
88 88 -356.962
88 88 -380.762
88 88 -356.962
88 88 -424.752
88 88 -447.009
88 88 -351.578
88 88 -263.946
88 88 -315.228
88 88 -1560.91
88 88 -365.585
88 88 -1576.52
88 88 -400.164
88 88 -1573.45
88 88 -417.104
88 88 -1593.04
88 88 -202.578
88 88 -1393.12
88 88 -210.969
88 88 -1393.12
88 88 -234.374
88 88 -1239.17
88 88 -286.472
88 88 -1351.03
88 88 -611.442
88 88 -1588.09
88 88 -540.873
88 88 -1550.59
88 88 -744.652
88 88 -1601.62
88 88 -618.318
88 88 -1613.62
88 88 -518.011
88 88 -1692.15
88 88 -693.378
88 88 -1656.82
88 88 -646.883
88 88 -1651.71
88 88 -634.391
88 88 -1672.91
88 88 -347.936
88 88 -1523.35
88 88 -406.158
88 88 -1574.11
88 88 -397.133
88 88 -1574.11
88 88 -347.936
88 88 -1574.11
88 88 -330.611
88 88 -313.047
88 88 -300.154
88 88 -151.1
88 88 -242.744
88 88 -301.125
88 88 -232.343
88 88 -322.405
88 88 -341.869
88 88 -365.391
88 88 -339.68
88 88 -277.657
88 88 -376.232
88 88 -256.703
88 88 -245.919
88 88 -313.771
88 88 -263.926
88 88 -1703.32
88 88 -220.208
88 88 -1703.32
88 88 -230.609
88 88 -1720.94
88 88 -250.204
88 88 -876.631
88 88 -1524.52
88 88 -2306.44
88 88 -1524.52
88 88 -2476.66
88 88 -1483.12
88 88 -2200.14
88 88 -1336.22
88 88 -1934.6
88 88 -437.903
88 88 -1355.97
88 88 -457.824
88 88 -1376.45
88 88 -449.393
88 88 -1534.74
88 88 -394.119
88 88 -1517.44
88 88 -2620.56
88 88 -2577.3
88 88 -2543.39
88 88 -2574.94
88 88 -2536.48
88 88 -2418.2
88 88 -2620.62
88 88 -2458.91
88 88 -2530.07
88 88 -2337.37
88 88 -2644.4
88 88 -2135.2
88 88 -2539.68
88 88 -2068.45
88 88 -2441.07
88 88 -2068.45
88 88 -1904.42
88 88 -3475.35
88 88 -1492.19
88 88 -3374.3
88 88 -1321.86
88 88 -3259.45
88 88 -2143.81
88 88 -3481.44
88 88 -502.538
88 88 -1563.99
88 88 -572.454
88 88 -1554.87
88 88 -552.255
88 88 -1533.11
88 88 -552.255
88 88 -1559.36
88 88 -298.476
88 88 -1663.3
88 88 -334.165
88 88 -1663.3
88 88 -288.343
88 88 -1705.08
88 88 -259.157
88 88 -1713.24
88 88 -624.293
88 88 -1675.31
88 88 -595.691
88 88 -1809.42
88 88 -569.664
88 88 -1664.72
88 88 -446.458
88 88 -1647.41
88 88 -258.819
88 88 -1755.11
88 88 -192.095
88 88 -1905.97
88 88 -224.191
88 88 -1688.04
88 88 -213.795
88 88 -1495.77
88 88 -467.813
88 88 -1691.11
88 88 -467.813
88 88 -1745.25
88 88 -487.622
88 88 -1740.86
88 88 -424.913
88 88 -1714.01
88 88 -255.178
88 88 -607.09
88 88 -281.288
88 88 -830.522
88 88 -229.906
88 88 -663.795
88 88 -263.076
88 88 -756.656
88 88 -225.774
88 88 -950.431
88 88 -195.481
88 88 -1109.09
88 88 -323.388
88 88 -1064.78
88 88 -323.388
88 88 -1010.9
89 89 -953.871
89 89 -1324.04
89 89 -1198.62
89 89 -1282
89 89 -1246.46
89 89 -1262.38
89 89 -1064.74
89 89 -1258.85
89 89 -528.502
89 89 -1211.46
89 89 -480.92
89 89 -1199.78
89 89 -536.252
89 89 -1215.3
89 89 -471.629
89 89 -1200.3
89 89 -421.081
89 89 -925.143
89 89 -485.731
89 89 -934.049
89 89 -474.094
89 89 -922.736
89 89 -562.173
89 89 -925.143
89 89 -404.444
89 89 -677.268
89 89 -490.821
89 89 -731.936
89 89 -629.66
89 89 -626.352
89 89 -667.401
89 89 -677.853
89 89 -463.65
89 89 -1226.49
89 89 -431.586
89 89 -1226.49
89 89 -599.963
89 89 -1251.9
89 89 -455.604
89 89 -1094.23
89 89 -728.758
89 89 -598.657
89 89 -565.183
89 89 -566.34
89 89 -557.627
89 89 -456.747
89 89 -585.718
89 89 -511.67
89 89 -1347.11
89 89 -1211.21
89 89 -1031.28
89 89 -1181.81
89 89 -1120.58
89 89 -1062.2
89 89 -808.092
89 89 -1138.54
89 89 -1518.89
89 89 -1374.81
89 89 -1321.89
89 89 -1406.72
89 89 -1423.91
89 89 -1394.24
89 89 -1321.44
89 89 -1384.44
89 89 -1149.26
89 89 -1057.26
89 89 -1168.07
89 89 -1002.58
89 89 -961.48
89 89 -885.071
89 89 -1026.35
89 89 -932.866
89 89 -473.955
89 89 -719.746
89 89 -407.055
89 89 -762.135
89 89 -407.055
89 89 -940.723
89 89 -288.247
89 89 -797.898
89 89 -2262.75
89 89 -1198.31
89 89 -1770.57
89 89 -1241.38
89 89 -2101.09
89 89 -1241.38
89 89 -2349.01
89 89 -1332.7
89 89 -352.809
89 89 -1038.06
89 89 -456.491
89 89 -1187.63
89 89 -368.376
89 89 -1172.56
89 89 -552.45
89 89 -1102.94
89 89 -1104.29
89 89 -1268.5
89 89 -1198.98
89 89 -1286.71
89 89 -1076.31
89 89 -1280.04
89 89 -1145.03
89 89 -1214.09
89 89 -1230.39
89 89 -1338.08
89 89 -1230.39
89 89 -1371.9
89 89 -1179.47
89 89 -1340.21
89 89 -1230.68
89 89 -1391.32
89 89 -895.288
89 89 -653.067
89 89 -743.929
89 89 -665.448
89 89 -762.96
89 89 -558.758
89 89 -801.414
89 89 -590.681
89 89 -418.867
89 89 -792.179
89 89 -430.167
89 89 -762.327
89 89 -422.78
89 89 -836.6
89 89 -453.816
89 89 -558.004
89 89 -1273.84
89 89 -1195.83
89 89 -1386.3
89 89 -1025.32
89 89 -1476.22
89 89 -1076.06
89 89 -1405.89
89 89 -1195.83
89 89 -276.883
89 89 -702.941
89 89 -197.213
89 89 -718.083
89 89 -284.514
89 89 -738.142
89 89 -295.057
89 89 -672.751
89 89 -1036.88
89 89 -862.426
89 89 -1059.33
89 89 -1073.91
89 89 -876.923
89 89 -1022.41
89 89 -924.449
89 89 -1038.66
89 89 -1141.46
89 89 -1361.25
89 89 -1155.54
89 89 -1303.71
89 89 -1194.41
89 89 -1309.64
89 89 -1183.66
89 89 -1299.36
89 89 -533.44
89 89 -674.252
89 89 -403.843
89 89 -564.25
89 89 -493.176
89 89 -639.267
89 89 -403.528
89 89 -639.267
89 89 -495.169
89 89 -838.273
89 89 -444.564
89 89 -896.128
89 89 -444.562
89 89 -875.052
89 89 -441.877
89 89 -688.25
89 89 -172.029
89 89 -1583.83
89 89 -498.326
89 89 -1729.02
89 89 -218.921
89 89 -1729.02
89 89 -303.115
89 89 -1747.96
89 89 -671.618
89 89 -819.271
89 89 -841.562
89 89 -821.657
89 89 -826.697
89 89 -773.732
89 89 -814.257
89 89 -713.251
89 89 -544.415
89 89 -855.851
89 89 -516.723
89 89 -882.006
89 89 -572.279
89 89 -788.727
89 89 -635.314
89 89 -678.422
89 89 -487.342
89 89 -1009.42
89 89 -518.929
89 89 -773.09
89 89 -500.139
89 89 -696.039
89 89 -541.209
89 89 -879.027
89 89 -704.111
89 89 -582.428
89 89 -613.48
89 89 -523.484
89 89 -649.168
89 89 -556.991
89 89 -564.345
89 89 -604.219
89 89 -293.306
89 89 -1337.47
89 89 -349.41
89 89 -1337.47
89 89 -310.622
89 89 -1320.32
89 89 -504.394
89 89 -1337.48
90 90 -2397.83
90 90 -1429.26
90 90 -2379.56
90 90 -1579.32
90 90 -2314.75
90 90 -1454.93
90 90 -2337.13
90 90 -1533.73
90 90 -1302.97
90 90 -958.602
90 90 -1592.56
90 90 -928.409
90 90 -1380.43
90 90 -878.329
90 90 -1635.96
90 90 -958.367
90 90 -1649.76
90 90 -399.562
90 90 -1519.26
90 90 -400.691
90 90 -1473.43
90 90 -300.112
90 90 -1435.68
90 90 -332.887
90 90 -1780.07
90 90 -520.152
90 90 -2129.03
90 90 -812.47
90 90 -1647.21
90 90 -549.442
90 90 -1723.14
90 90 -361.998
90 90 -715.388
90 90 -878.57
90 90 -690.138
90 90 -868.604
90 90 -687.399
90 90 -809.344
90 90 -786.265
90 90 -828.874
90 90 -1694.22
90 90 -1722.92
90 90 -1694.22
90 90 -1763.82
90 90 -1596.15
90 90 -1757.98
90 90 -1596.15
90 90 -1786.13
90 90 -1383.35
90 90 -566.115
90 90 -1369.21
90 90 -566.115
90 90 -1381.23
90 90 -581.597
90 90 -1061.06
90 90 -626.182
90 90 -569.977
90 90 -1105.6
90 90 -719.797
90 90 -1540.19
90 90 -765.133
90 90 -1464.06
90 90 -713.689
90 90 -1429.01
90 90 -1608.06
90 90 -1837.54
90 90 -1653.75
90 90 -1852.1
90 90 -1646.28
90 90 -1907.08
90 90 -1543.39
90 90 -1872.78
90 90 -1792.01
90 90 -1674.92
90 90 -1836.14
90 90 -1494.5
90 90 -1806.88
90 90 -1358.84
90 90 -1844.08
90 90 -1621.95
90 90 -1896.04
90 90 -1888.54
90 90 -1918.39
90 90 -1051.09
90 90 -1908.04
90 90 -919.482
90 90 -1908.04
90 90 -1643.67
90 90 -639.61
90 90 -1526.34
90 90 -245.29
90 90 -1696.5
90 90 -724.868
90 90 -1642.4
90 90 -535.327
90 90 -1696.5
90 90 -2011.82
90 90 -1724.21
90 90 -1811.83
90 90 -1672.32
90 90 -2306.16
90 90 -1608.31
90 90 -1877.2
90 90 -1650.15
90 90 -1304.05
90 90 -1202.83
90 90 -1648.82
90 90 -1418.41
90 90 -1688.13
90 90 -1397.09
90 90 -1648.82
90 90 -1484.87
90 90 -1628.86
90 90 -1824.64
90 90 -1244.43
90 90 -1784.23
90 90 -1636.79
90 90 -1806.87
90 90 -1027.99
90 90 -1825.29
90 90 -1207.51
90 90 -1828.13
90 90 -1352.82
90 90 -1740.12
90 90 -1451.27
90 90 -1812.4
90 90 -1217.3
90 90 -1784.21
90 90 -425.047
90 90 -1632.31
90 90 -740.696
90 90 -1630.29
90 90 -758.244
90 90 -1629.99
90 90 -740.696
90 90 -1675.12
90 90 -1415.74
90 90 -1695.62
90 90 -1420.47
90 90 -1790.71
90 90 -1290.19
90 90 -1681.94
90 90 -1383.82
90 90 -1698.12
90 90 -570.453
90 90 -1709.01
90 90 -545.26
90 90 -1765.37
90 90 -1010.41
90 90 -1707.43
90 90 -499.778
90 90 -1785.33
90 90 -754.125
90 90 -1320.66
90 90 -782.633
90 90 -776.79
90 90 -626.623
90 90 -1220.3
90 90 -657.502
90 90 -800.035
90 90 -1880.83
90 90 -1109.93
90 90 -1887.96
90 90 -1387.34
90 90 -1897.62
90 90 -1463.91
90 90 -1888.61
90 90 -1391.92
90 90 -1766.55
90 90 -1725.02
90 90 -273.882
90 90 -1616.12
90 90 -609.025
90 90 -1546.62
90 90 -382.893
90 90 -1694.41
90 90 -456.758
90 90 -1822.07
90 90 -958.948
90 90 -1851.55
90 90 -935.035
90 90 -1859.86
90 90 -958.948
90 90 -1842.8
90 90 -772.028
90 90 -1077.61
90 90 -807.318
90 90 -1280.87
90 90 -728.463
90 90 -1456.53
90 90 -742.492
90 90 -1613.7
90 90 -1341.83
90 90 -1694.53
90 90 -239.988
90 90 -1672.53
90 90 -753.218
90 90 -1630.83
90 90 -1146.92
90 90 -1693.79
90 90 -997.252
90 90 -666.179
90 90 -997.252
90 90 -687.871
90 90 -525.613
90 90 -688.428
90 90 -1048.12
90 90 -621.299
90 90 -1460.69
90 90 -1353.5
90 90 -1474.46
90 90 -1420.99
90 90 -1306.57
90 90 -1363.23
90 90 -1156.37
90 90 -1420.99
90 90 -1967.95
90 90 -2083.37
90 90 -1891.92
90 90 -2091.11
90 90 -1907.55
90 90 -2103.49
90 90 -1898.35
90 90 -2083.37
91 91 -3992.24
91 91 -4371.3
91 91 -3878.45
91 91 -4341.52
91 91 -3780.53
91 91 -4407.32
91 91 -3912.24
91 91 -4325.02
91 91 -2388.3
91 91 -3660.02
91 91 -2923.73
91 91 -3591.41
91 91 -2693.38
91 91 -3633.09
91 91 -2388.03
91 91 -3325.14
91 91 -623.324
91 91 -788.224
91 91 -732.971
91 91 -936.283
91 91 -665.138
91 91 -1213.77
91 91 -396.118
91 91 -1612.88
91 91 -1671.8
91 91 -2410.88
91 91 -1676.67
91 91 -2517.31
91 91 -1330.68
91 91 -2402.82
91 91 -1516.99
91 91 -2417.24
91 91 -1813.15
91 91 -3344.35
91 91 -1529.8
91 91 -3782.99
91 91 -1321.21
91 91 -3557.97
91 91 -1605.58
91 91 -3344.35
91 91 -3625.74
91 91 -2774.24
91 91 -3506.93
91 91 -2831.64
91 91 -3534.29
91 91 -2845.3
91 91 -3589.78
91 91 -2864.16
91 91 -3420.72
91 91 -2294.12
91 91 -3572.22
91 91 -2226.66
91 91 -3525.97
91 91 -2278.53
91 91 -3484.39
91 91 -2396.5
91 91 -2134.06
91 91 -2129.75
91 91 -1977.97
91 91 -2215.64
91 91 -2308.35
91 91 -2288.1
91 91 -2231.52
91 91 -2395.54
91 91 -2210.25
91 91 -2418.69
91 91 -2103.04
91 91 -2285.19
91 91 -2295.45
91 91 -2386.32
91 91 -2228.06
91 91 -2207.97
91 91 -2453.85
91 91 -3337.93
91 91 -2025.08
91 91 -2690.14
91 91 -2031.12
91 91 -2909.43
91 91 -3242.55
91 91 -2711.82
91 91 -2123.95
91 91 -2409.12
91 91 -2021.43
91 91 -2411.08
91 91 -2170.06
91 91 -2318.04
91 91 -2368.16
91 91 -2409.12
91 91 -2926.59
91 91 -2361.69
91 91 -2795.07
91 91 -2500.25
91 91 -2926.59
91 91 -2357.23
91 91 -3337.98
91 91 -2735.06
91 91 -2097.64
91 91 -2581.06
91 91 -2011.92
91 91 -2269.44
91 91 -1897.91
91 91 -2269.43
91 91 -2072.27
91 91 -2700.87
91 91 -2299.35
91 91 -2314.07
91 91 -2311.49
91 91 -2278.38
91 91 -2313.65
91 91 -2294.69
91 91 -2323.76
91 91 -2310.92
91 91 -1898.24
91 91 -2046.11
91 91 -1905.84
91 91 -2133.27
91 91 -1816.09
91 91 -2065.77
91 91 -1928.05
91 91 -1867.58
91 91 -3023.64
91 91 -3265.08
91 91 -2975.12
91 91 -3212.83
91 91 -2957.64
91 91 -3299.7
91 91 -2786.5
91 91 -3251.46
91 91 -3358.52
91 91 -1995.44
91 91 -3302.79
91 91 -2588.84
91 91 -3394.59
91 91 -2212.62
91 91 -3319.98
91 91 -2215.92
91 91 -2189.14
91 91 -2051.1
91 91 -2225.36
91 91 -2141.27
91 91 -2325.84
91 91 -2141.02
91 91 -2271.6
91 91 -2077.44
91 91 -3826.76
91 91 -3070.19
91 91 -3754.38
91 91 -2958.64
91 91 -3771.77
91 91 -2685.39
91 91 -3754.39
91 91 -2609.88
91 91 -2006.36
91 91 -2383.31
91 91 -2081.3
91 91 -2441.12
91 91 -1963
91 91 -2321.42
91 91 -2073.2
91 91 -2322.51
91 91 -1900.46
91 91 -2592.57
91 91 -1433.4
91 91 -2604.91
91 91 -1662
91 91 -2537.86
91 91 -1779.57
91 91 -2500.64
91 91 -3925.02
91 91 -3318.81
91 91 -3712.44
91 91 -3328.91
91 91 -3506.94
91 91 -3297.53
91 91 -3973.94
91 91 -3317.06
91 91 -3937.76
91 91 -4186.28
91 91 -3965.16
91 91 -4155.4
91 91 -3948.41
91 91 -4363.64
91 91 -3965.16
91 91 -4167.68
91 91 -1325.62
91 91 -3547.75
91 91 -934.739
91 91 -3772.47
91 91 -1347.87
91 91 -3777.47
91 91 -1367.79
91 91 -3601.07
91 91 -1983.37
91 91 -895.858
91 91 -1973.17
91 91 -1112
91 91 -1983.37
91 91 -1143.98
91 91 -2162.91
91 91 -951.296
91 91 -801.97
91 91 -1284.16
91 91 -540.963
91 91 -705.644
91 91 -534.452
91 91 -770.148
91 91 -821.055
91 91 -1085.71
91 91 -2365.21
91 91 -2488.52
91 91 -2537.08
91 91 -2518.37
91 91 -2408.42
91 91 -2487.51
91 91 -2364.36
91 91 -2547.12
91 91 -2646.79
91 91 -2424.09
91 91 -2646.79
91 91 -2400.18
91 91 -2630.15
91 91 -2431
91 91 -2646.79
91 91 -2694.99
92 92 -2217.1
92 92 -1313.94
92 92 -2408.73
92 92 -1258.27
92 92 -2334.25
92 92 -1325.96
92 92 -2468.84
92 92 -1258.27
92 92 -940.148
92 92 -1116.63
92 92 -1717.67
92 92 -1065.11
92 92 -1270.63
92 92 -1056.67
92 92 -933.514
92 92 -1065.12
92 92 -1320.16
92 92 -1515.6
92 92 -1013.28
92 92 -1453.4
92 92 -1295.83
92 92 -1462.2
92 92 -1282.02
92 92 -1537.56
92 92 -1628.24
92 92 -2072.18
92 92 -1457.27
92 92 -2067.4
92 92 -1569.31
92 92 -1951.69
92 92 -1676.76
92 92 -2072.18
92 92 -1061.41
92 92 -1609.61
92 92 -1121.33
92 92 -1610.13
92 92 -1319.49
92 92 -1606.96
92 92 -1101.69
92 92 -1591.13
92 92 -737.944
92 92 -2083.37
92 92 -769.238
92 92 -1994.46
92 92 -883.816
92 92 -2049.23
92 92 -731.501
92 92 -2064.33
92 92 -1936.05
92 92 -1666.05
92 92 -2174.4
92 92 -1820.13
92 92 -2235.72
92 92 -1625.34
92 92 -2160.22
92 92 -2173.75
92 92 -1856.8
92 92 -1280.08
92 92 -1887.64
92 92 -1333.56
92 92 -1896.8
92 92 -1038.22
92 92 -1881.52
92 92 -1508.24
92 92 -1820.79
92 92 -2002.79
92 92 -2080.33
92 92 -2017.17
92 92 -1820.79
92 92 -2017.17
92 92 -2116.45
92 92 -2043.58
92 92 -2541.35
92 92 -1349.15
92 92 -2583.96
92 92 -1264.62
92 92 -2404.43
92 92 -1241.17
92 92 -2404.43
92 92 -1301.26
92 92 -1551.08
92 92 -1714.14
92 92 -1543.84
92 92 -1725.56
92 92 -1607.11
92 92 -1725.56
92 92 -1543.66
92 92 -1701.01
92 92 -944.905
92 92 -1452.41
92 92 -859.395
92 92 -1435.19
92 92 -882.895
92 92 -1494.21
92 92 -882.895
92 92 -1456.78
92 92 -1252.46
92 92 -1073.61
92 92 -1209.56
92 92 -1153.66
92 92 -1073.1
92 92 -1201.83
92 92 -1252.46
92 92 -1073.6
92 92 -2609
92 92 -2185.22
92 92 -2665.74
92 92 -2157.37
92 92 -2639.76
92 92 -2171.93
92 92 -2692.8
92 92 -2177.17
92 92 -2546.33
92 92 -1264.69
92 92 -2040.76
92 92 -1269.24
92 92 -2167.17
92 92 -1248.2
92 92 -2025.14
92 92 -1281.2
92 92 -1316.04
92 92 -1146.79
92 92 -1232.75
92 92 -1378.1
92 92 -1169.97
92 92 -1223.72
92 92 -1233.06
92 92 -1123.74
92 92 -1731.11
92 92 -2106.5
92 92 -2058.17
92 92 -1953.06
92 92 -1667.88
92 92 -2096.01
92 92 -1706.22
92 92 -2096.01
92 92 -1429.28
92 92 -1361.18
92 92 -1974.24
92 92 -1392.29
92 92 -1929.97
92 92 -1129.12
92 92 -1929.97
92 92 -1203.51
92 92 -2296.02
92 92 -2136.22
92 92 -2296.02
92 92 -2092.52
92 92 -2170.16
92 92 -2122.36
92 92 -2477.96
92 92 -2142.16
92 92 -1356.75
92 92 -2163.9
92 92 -1194.56
92 92 -2062.64
92 92 -911.398
92 92 -2293.61
92 92 -996.244
92 92 -2120.7
92 92 -1800.26
92 92 -1529.85
92 92 -1896.79
92 92 -1657.18
92 92 -1843.68
92 92 -1395.12
92 92 -1764.67
92 92 -1395.12
92 92 -1334.86
92 92 -2152.49
92 92 -1401.79
92 92 -2152.49
92 92 -1442.01
92 92 -2119.29
92 92 -1416.26
92 92 -2119.29
92 92 -2054.03
92 92 -2164.58
92 92 -1244.86
92 92 -2189.02
92 92 -1919.99
92 92 -1957.1
92 92 -1810.13
92 92 -2211.79
92 92 -1174.88
92 92 -1647.27
92 92 -1097.28
92 92 -1640.81
92 92 -1312.14
92 92 -1648.09
92 92 -1148.48
92 92 -1583.85
92 92 -1167.26
92 92 -2177.43
92 92 -1167.26
92 92 -2167.93
92 92 -1083.43
92 92 -2144.56
92 92 -1058.44
92 92 -2009.48
92 92 -2135.82
92 92 -2038.21
92 92 -2132.81
92 92 -2038.68
92 92 -2095.67
92 92 -1943.47
92 92 -2151.84
92 92 -2038.67
93 93 -3355.01
93 93 -3474.92
93 93 -3302.64
93 93 -3213.48
93 93 -3322.67
93 93 -3474.92
93 93 -3347.21
93 93 -3279.09
93 93 -3485.69
93 93 -3199.78
93 93 -3526.91
93 93 -3221.7
93 93 -3432.42
93 93 -3216.67
93 93 -3425.35
93 93 -3221.7
93 93 -1791.73
93 93 -3227.72
93 93 -1138.45
93 93 -3211.62
93 93 -891.4
93 93 -3199.07
93 93 -1237.57
93 93 -3188.04
93 93 -629.663
93 93 -2905.41
93 93 -905.962
93 93 -2967.94
93 93 -629.662
93 93 -2967.94
93 93 -1077.22
93 93 -2731.14
93 93 -3269.29
93 93 -2313.29
93 93 -3008.81
93 93 -2317.71
93 93 -3333.22
93 93 -2420.57
93 93 -2299.25
93 93 -2190.58
93 93 -2262.5
93 93 -1974.24
93 93 -2262.5
93 93 -2016.33
93 93 -2052.1
93 93 -1993.95
93 93 -2052.1
93 93 -1781.18
93 93 -2058.03
93 93 -3346.89
93 93 -1944.9
93 93 -3346.88
93 93 -1936.74
93 93 -3585.18
93 93 -1934.05
93 93 -3611.59
93 93 -2368.96
93 93 -1242
93 93 -2002.16
93 93 -1346.87
93 93 -2884.21
93 93 -1110.75
93 93 -2726.32
93 93 -1118.79
93 93 -2727.96
93 93 -3383.42
93 93 -1580.24
93 93 -3327.33
93 93 -2915.54
93 93 -3327.33
93 93 -2706.7
93 93 -3303.84
93 93 -2552.27
93 93 -2950.99
93 93 -3351.4
93 93 -2700.21
93 93 -3413.42
93 93 -2700.21
93 93 -3193.97
93 93 -2797.04
93 93 -3678.93
93 93 -1791.74
93 93 -3648.29
93 93 -2218.67
93 93 -3712.79
93 93 -1596.44
93 93 -3480.27
93 93 -1445.55
93 93 -2968.47
93 93 -3242.64
93 93 -3314.14
93 93 -2243.03
93 93 -3329.44
93 93 -2163.06
93 93 -3452.36
93 93 -2209.21
93 93 -2313.7
93 93 -2019.03
93 93 -1104.69
93 93 -1880.2
93 93 -2072.67
93 93 -1888.97
93 93 -1885.42
93 93 -1902.52
93 93 -3634.66
93 93 -1029.4
93 93 -3612.59
93 93 -1253.37
93 93 -3533.81
93 93 -1622.05
93 93 -3496
93 93 -991.835
93 93 -1708.15
93 93 -3429.64
93 93 -1729.27
93 93 -3393.54
93 93 -1654.96
93 93 -3588.3
93 93 -1838.54
93 93 -3422.67
93 93 -1256
93 93 -3268.91
93 93 -1504.86
93 93 -3330.31
93 93 -2393.06
93 93 -3348.04
93 93 -480.692
93 93 -3325.6
93 93 -2810.04
93 93 -3910.77
93 93 -2729.21
93 93 -3980.89
93 93 -2680.1
93 93 -3988.44
93 93 -2266.45
93 93 -3878.49
93 93 -1520.01
93 93 -1870.04
93 93 -1528.02
93 93 -1929.55
93 93 -1528.02
93 93 -1956.3
93 93 -1238.47
93 93 -1922.71
93 93 -3258.28
93 93 -1818.18
93 93 -3357.72
93 93 -2035.6
93 93 -3108.28
93 93 -2224.27
93 93 -3317.8
93 93 -1900.02
93 93 -781.173
93 93 -3293.21
93 93 -781.173
93 93 -3496.81
93 93 -717.305
93 93 -2974.86
93 93 -1025.72
93 93 -2479.26
93 93 -2773.65
93 93 -3752.55
93 93 -2496.54
93 93 -3584.91
93 93 -2751.58
93 93 -3569.38
93 93 -2379.46
93 93 -3548.94
93 93 -2397.1
93 93 -3328.64
93 93 -2802.45
93 93 -3315.61
93 93 -2453.39
93 93 -3292.24
93 93 -2794.54
93 93 -3430.84
93 93 -1875.18
93 93 -3703.62
93 93 -1875.18
93 93 -3442.25
93 93 -2349.04
93 93 -3690.79
93 93 -2126.09
93 93 -3795.42
93 93 -2049.42
93 93 -3221.98
93 93 -2033.88
93 93 -3229.48
93 93 -1994.25
93 93 -3081.23
93 93 -2027.54
93 93 -3245.95
93 93 -1077.66
93 93 -2186.57
93 93 -557.123
93 93 -2186.57
93 93 -736.911
93 93 -2192.69
93 93 -1000.11
93 93 -2773.34
93 93 -991.138
93 93 -2050.32
93 93 -991.138
93 93 -2100.42
93 93 -1516.26
93 93 -2032.99
93 93 -1666.21
93 93 -2100.42
93 93 -3392.57
93 93 -1429.05
93 93 -3493.3
93 93 -1244.44
93 93 -3336.14
93 93 -1792.3
93 93 -3336.14
93 93 -1508.34
93 93 -2721.61
93 93 -1932.47
93 93 -2953.55
93 93 -1867.71
93 93 -1699.38
93 93 -1855.66
93 93 -3291.31
93 93 -1760.49
94 94 -2779.38
94 94 -3767
94 94 -2804.06
94 94 -3767
94 94 -2583.41
94 94 -4098.63
94 94 -2157.14
94 94 -3888.06
94 94 -2962.66
94 94 -3083.51
94 94 -2949.5
94 94 -3083.51
94 94 -2933.64
94 94 -3051.6
94 94 -2912.48
94 94 -3008.32
94 94 -3263.64
94 94 -2965.33
94 94 -3254.81
94 94 -3327.05
94 94 -2993.74
94 94 -3242.25
94 94 -3112.89
94 94 -2918.36
94 94 -1331.71
94 94 -2138.19
94 94 -1075.7
94 94 -1636.2
94 94 -1182.86
94 94 -1617.67
94 94 -1339.07
94 94 -1621.53
94 94 -3810.87
94 94 -2949.56
94 94 -3966.79
94 94 -2940.72
94 94 -4099.69
94 94 -3014.82
94 94 -3996.38
94 94 -3055.5
94 94 -2799.93
94 94 -2636.85
94 94 -2711.22
94 94 -2666.25
94 94 -2792.83
94 94 -2674.45
94 94 -2846.04
94 94 -2666.24
94 94 -2074.39
94 94 -3525.92
94 94 -2038.69
94 94 -3754.63
94 94 -1962.63
94 94 -3613.13
94 94 -1878.5
94 94 -3532.91
94 94 -2927.61
94 94 -2810.29
94 94 -3014.36
94 94 -2550.94
94 94 -2927.61
94 94 -2591.3
94 94 -2952.68
94 94 -2536.26
94 94 -2593.12
94 94 -2824.92
94 94 -2688.5
94 94 -2741.1
94 94 -2604.91
94 94 -2918.37
94 94 -2604.91
94 94 -2779.7
94 94 -3830.47
94 94 -3118.91
94 94 -4025.64
94 94 -3207.44
94 94 -3772.19
94 94 -3236.18
94 94 -3772.19
94 94 -3077.78
94 94 -1764.28
94 94 -2873.85
94 94 -1866.07
94 94 -2942.17
94 94 -1893.77
94 94 -2905.08
94 94 -1960.18
94 94 -2875.88
94 94 -1366.78
94 94 -2473.03
94 94 -1587.81
94 94 -2515.64
94 94 -1269.32
94 94 -2501.05
94 94 -1269.32
94 94 -2523.17
94 94 -2792.13
94 94 -2549.32
94 94 -2584.71
94 94 -2647.79
94 94 -2837.23
94 94 -2625.08
94 94 -2778.82
94 94 -2627.03
94 94 -2354.12
94 94 -3247.19
94 94 -2706.88
94 94 -3044.79
94 94 -2096.08
94 94 -2986.34
94 94 -1931.31
94 94 -3044.98
94 94 -2494.39
94 94 -2721.1
94 94 -3027.75
94 94 -3414.25
94 94 -3126.23
94 94 -3184.77
94 94 -2324.11
94 94 -3184.77
94 94 -1330.8
94 94 -1053.65
94 94 -1294.59
94 94 -1053.65
94 94 -1371.01
94 94 -1748.82
94 94 -1287.99
94 94 -1299.2
94 94 -2164.33
94 94 -1083.83
94 94 -1972.27
94 94 -996.997
94 94 -1810.24
94 94 -883.892
94 94 -1821.71
94 94 -1094.01
94 94 -2383.15
94 94 -2171.22
94 94 -2484.59
94 94 -2542.21
94 94 -2458.86
94 94 -2328.16
94 94 -2557.2
94 94 -2406.76
94 94 -3924.95
94 94 -2621.65
94 94 -4035.74
94 94 -2727.08
94 94 -4043.54
94 94 -2759.8
94 94 -3962.17
94 94 -2743.38
94 94 -3016.25
94 94 -2480.79
94 94 -3013.62
94 94 -2340.18
94 94 -3047.43
94 94 -2341.7
94 94 -2996.87
94 94 -2365.74
94 94 -2763.56
94 94 -2931.61
94 94 -2488.17
94 94 -2976.95
94 94 -2541.9
94 94 -2910.53
94 94 -3164.13
94 94 -3028.71
94 94 -1718.67
94 94 -2629.2
94 94 -2028.25
94 94 -2872.23
94 94 -1718.67
94 94 -2872.23
94 94 -1733.72
94 94 -2995.58
94 94 -2789.85
94 94 -2730.29
94 94 -2726.5
94 94 -2695.75
94 94 -3029.79
94 94 -2737.41
94 94 -3270.35
94 94 -2695.75
94 94 -1387.47
94 94 -1619.59
94 94 -1358.57
94 94 -1593.25
94 94 -1387.47
94 94 -1541.49
94 94 -1293.94
94 94 -1597.08
94 94 -2886.29
94 94 -2279.45
94 94 -3346.77
94 94 -1534.76
94 94 -3239.29
94 94 -1458.96
94 94 -3342.05
94 94 -1798.98
94 94 -2818.08
94 94 -2737.85
94 94 -2818.08
94 94 -3540.39
94 94 -2688.52
94 94 -2973.1
94 94 -2767.27
94 94 -2971.34
94 94 -2064.2
94 94 -2766.96
94 94 -2275.56
94 94 -2638.8
94 94 -1985.03
94 94 -2667.53
94 94 -2173.9
94 94 -2765.03
94 94 -4578.94
94 94 -3602.3
94 94 -4621.33
94 94 -3562.38
94 94 -4706.69
94 94 -3814.06
94 94 -4725.16
94 94 -4465.39
95 95 -842.035
95 95 -1110.03
95 95 -726.466
95 95 -1114.24
95 95 -842.035
95 95 -1112.86
95 95 -997.464
95 95 -1180.33
95 95 -1126.38
95 95 -1202.66
95 95 -1145.92
95 95 -1193.93
95 95 -1354.6
95 95 -1204.06
95 95 -1109.51
95 95 -1218.63
95 95 -1075.26
95 95 -1168.61
95 95 -1040.26
95 95 -1169.37
95 95 -1080.81
95 95 -1142.59
95 95 -1075.26
95 95 -1165.06
95 95 -1024.75
95 95 -1090.34
95 95 -969.39
95 95 -1116.97
95 95 -1022.47
95 95 -1116.97
95 95 -1022.47
95 95 -1132.62
95 95 -1019.47
95 95 -1040.64
95 95 -977.781
95 95 -726.485
95 95 -1041.73
95 95 -1067.92
95 95 -1033.32
95 95 -996.18
95 95 -961.529
95 95 -813.775
95 95 -1126.08
95 95 -1008.99
95 95 -1062.72
95 95 -1002.18
95 95 -1023.14
95 95 -1002.51
95 95 -1236.81
95 95 -1247.6
95 95 -1174.35
95 95 -1229.89
95 95 -1178.52
95 95 -1245.88
95 95 -1154.47
95 95 -1247.6
95 95 -1091.26
95 95 -1261.65
95 95 -1185.09
95 95 -1270.97
95 95 -1175.57
95 95 -1261.65
95 95 -1062.54
95 95 -1279.91
95 95 -662.367
95 95 -861.692
95 95 -794.526
95 95 -934.56
95 95 -823.501
95 95 -817.287
95 95 -697.59
95 95 -843.824
95 95 -1056.52
95 95 -1156.6
95 95 -958.824
95 95 -1275.81
95 95 -1061.37
95 95 -1203.77
95 95 -1034.76
95 95 -1213.43
95 95 -956.26
95 95 -1204.92
95 95 -932.4
95 95 -1215.45
95 95 -993.656
95 95 -1233.55
95 95 -1003.75
95 95 -1236.49
95 95 -1205.21
95 95 -1201.95
95 95 -1146.94
95 95 -1205.7
95 95 -1220.42
95 95 -1191.1
95 95 -1150.36
95 95 -1211.91
95 95 -774.514
95 95 -973.718
95 95 -711.245
95 95 -988.201
95 95 -774.514
95 95 -1012.41
95 95 -829.541
95 95 -1012.41
95 95 -1035.58
95 95 -1118.73
95 95 -843.774
95 95 -1171.22
95 95 -959.455
95 95 -1238.38
95 95 -970.017
95 95 -1180.62
95 95 -1215.77
95 95 -1088.9
95 95 -1248.09
95 95 -1088.9
95 95 -1237.21
95 95 -1201.29
95 95 -1237.21
95 95 -1137.86
95 95 -1085.07
95 95 -988.292
95 95 -1115.5
95 95 -1107.98
95 95 -1084.64
95 95 -1048.31
95 95 -1085.08
95 95 -781.009
95 95 -658.823
95 95 -1156.34
95 95 -938.531
95 95 -1162.48
95 95 -741.25
95 95 -1198.93
95 95 -851.779
95 95 -1180.08
95 95 -1016.33
95 95 -1305.24
95 95 -995.533
95 95 -1187.75
95 95 -980.675
95 95 -1333.59
95 95 -1030.68
95 95 -1277.98
95 95 -1145.52
95 95 -1251.32
95 95 -1163.48
95 95 -1248.92
95 95 -1113.07
95 95 -1251.32
95 95 -1192.13
95 95 -1270.66
95 95 -892.094
95 95 -1231.39
95 95 -917.481
95 95 -1207.65
95 95 -984.714
95 95 -1233.41
95 95 -1041.07
95 95 -1235.61
95 95 -505.972
95 95 -639.303
95 95 -638.072
95 95 -639.308
95 95 -715.486
95 95 -425.525
95 95 -613.923
95 95 -729.336
95 95 -1184.83
95 95 -1545.34
95 95 -1184.84
95 95 -1520.88
95 95 -1201.14
95 95 -1491.17
95 95 -1143.15
95 95 -1491.17
95 95 -717.571
95 95 -770.971
95 95 -681.425
95 95 -782.607
95 95 -736.185
95 95 -808.797
95 95 -722.088
95 95 -668.612
95 95 -393.559
95 95 -421.884
95 95 -748.989
95 95 -267.906
95 95 -824.381
95 95 -546.143
95 95 -646.069
95 95 -423.771
95 95 -991.486
95 95 -1088.12
95 95 -1034.45
95 95 -1135.19
95 95 -1014.56
95 95 -1091.32
95 95 -1057.88
95 95 -1075.67
95 95 -1637.05
95 95 -1209.75
95 95 -1618
95 95 -1096.59
95 95 -1706.68
95 95 -1211.24
95 95 -1669.35
95 95 -1218.79
95 95 -953.739
95 95 -1111.92
95 95 -999.263
95 95 -1121.06
95 95 -1035.19
95 95 -1086.96
95 95 -1030.27
95 95 -1103.97
95 95 -1244.94
95 95 -1251.42
95 95 -1081.6
95 95 -1252.79
95 95 -1154.19
95 95 -1251.42
95 95 -1124.55
95 95 -1261.83
96 96 -2486.19
96 96 -2030.12
96 96 -3113.46
96 96 -2071.56
96 96 -2910.46
96 96 -1988.68
96 96 -3066.85
96 96 -2062.82
96 96 -2593.51
96 96 -1816.56
96 96 -2572.65
96 96 -1974.12
96 96 -2778.88
96 96 -1830.91
96 96 -2647
96 96 -2026.85
96 96 -2493.86
96 96 -2101.25
96 96 -2713.54
96 96 -2075.5
96 96 -2710.05
96 96 -2101.25
96 96 -2493.86
96 96 -2087.65
96 96 -3293.82
96 96 -3520.03
96 96 -3367.58
96 96 -3508.85
96 96 -3215.32
96 96 -3497.66
96 96 -3312.74
96 96 -3501.28
96 96 -3422.77
96 96 -2432.47
96 96 -3405.25
96 96 -2391.88
96 96 -3418.19
96 96 -2391.88
96 96 -3434.41
96 96 -2311.59
96 96 -2001.05
96 96 -2371.61
96 96 -1939.02
96 96 -2308.61
96 96 -1977.57
96 96 -2541.6
96 96 -2090.83
96 96 -2406.6
96 96 -1901.83
96 96 -2790.73
96 96 -1959.7
96 96 -2730.94
96 96 -1892.25
96 96 -2771.5
96 96 -1959.7
96 96 -2753.93
96 96 -1706.26
96 96 -624.728
96 96 -1708.58
96 96 -626.941
96 96 -1733.74
96 96 -798.383
96 96 -1698.79
96 96 -770.543
96 96 -2563.69
96 96 -3478.69
96 96 -3153.88
96 96 -3547.42
96 96 -2918.5
96 96 -3547.42
96 96 -2563.69
96 96 -3472.2
96 96 -374.076
96 96 -623.399
96 96 -424.576
96 96 -606.722
96 96 -424.576
96 96 -871.609
96 96 -1156.94
96 96 -552.478
96 96 -2352.07
96 96 -2042.21
96 96 -2408.28
96 96 -2231.77
96 96 -2416.33
96 96 -1947.43
96 96 -2504.31
96 96 -2237.54
96 96 -2944.95
96 96 -3623.47
96 96 -3095.32
96 96 -3511.44
96 96 -3217.87
96 96 -3511.44
96 96 -2936.52
96 96 -3427.4
96 96 -2942.88
96 96 -2000.16
96 96 -2628.52
96 96 -2055.85
96 96 -2539.08
96 96 -2029.27
96 96 -2942.88
96 96 -2099.1
96 96 -1716.89
96 96 -797.45
96 96 -1719.58
96 96 -688.45
96 96 -1725.84
96 96 -595.407
96 96 -1740.41
96 96 -572.445
96 96 -906.86
96 96 -2463.8
96 96 -706.204
96 96 -2425.8
96 96 -783.065
96 96 -2339.2
96 96 -590.15
96 96 -2425.8
96 96 -1728.85
96 96 -1838.94
96 96 -1759.48
96 96 -1035.38
96 96 -1776.08
96 96 -763.761
96 96 -1728.85
96 96 -1949.86
96 96 -1723.91
96 96 -2074.39
96 96 -1938.78
96 96 -1825.75
96 96 -1938.78
96 96 -2090.42
96 96 -1798.05
96 96 -1580.41
96 96 -1668.95
96 96 -2298.77
96 96 -1820.07
96 96 -1780.81
96 96 -1617.34
96 96 -2141.36
96 96 -1761.2
96 96 -2298.77
96 96 -1466.82
96 96 -1580.05
96 96 -2049.47
96 96 -1094.37
96 96 -2218.12
96 96 -2033.17
96 96 -1987.25
96 96 -1299.81
96 96 -2292.21
96 96 -2692.85
96 96 -2347.78
96 96 -2645.09
96 96 -1929.37
96 96 -2641.7
96 96 -2273.54
96 96 -2641.73
96 96 -1948.22
96 96 -1016.17
96 96 -1910.35
96 96 -1295.33
96 96 -1845.61
96 96 -1560.26
96 96 -1986.33
96 96 -1024.3
96 96 -1729.7
96 96 -1991.27
96 96 -1707.45
96 96 -1500.84
96 96 -1738.56
96 96 -1222.82
96 96 -1729.7
96 96 -1991.27
96 96 -1989.62
96 96 -2220.33
96 96 -2181.9
96 96 -2063.9
96 96 -1951.89
96 96 -2039.01
96 96 -2024.61
96 96 -2133.59
96 96 -1683.65
96 96 -586.762
96 96 -1710.73
96 96 -737.376
96 96 -1686.59
96 96 -1037.68
96 96 -1710.73
96 96 -868.05
96 96 -3061.94
96 96 -1726.46
96 96 -2609.53
96 96 -1348.21
96 96 -2521.22
96 96 -1182.25
96 96 -2782.62
96 96 -1182.25
96 96 -2904.57
96 96 -1721.91
96 96 -2904.57
96 96 -1705.69
96 96 -3423.98
96 96 -1417
96 96 -2904.57
96 96 -1865.48
96 96 -3401.48
96 96 -2651.18
96 96 -3477.09
96 96 -3000.59
96 96 -2961.91
96 96 -2531.72
96 96 -3422.65
96 96 -2673.18
96 96 -2861.21
96 96 -2147.54
96 96 -2777.65
96 96 -2010.9
96 96 -2780.87
96 96 -1848.98
96 96 -2777.65
96 96 -1881.02
97 97 -540.085
97 97 -4072.25
97 97 -614.121
97 97 -4064.61
97 97 -205.43
97 97 -4065.56
97 97 -692.881
97 97 -4065.91
97 97 -999.585
97 97 -4051.13
97 97 -911.287
97 97 -4015.46
97 97 -965.251
97 97 -4043.62
97 97 -966.145
97 97 -4049.5
97 97 -494.806
97 97 -4013.71
97 97 -443.433
97 97 -3989.43
97 97 -512.708
97 97 -4017.08
97 97 -443.427
97 97 -4018.01
97 97 -1870.09
97 97 -3996.5
97 97 -2070.71
97 97 -4025.96
97 97 -1720.31
97 97 -4028.31
97 97 -2119.78
97 97 -4008.9
97 97 -912.943
97 97 -4002.65
97 97 -827.158
97 97 -4003.63
97 97 -860.818
97 97 -4003.63
97 97 -860.818
97 97 -4009
97 97 -1137.14
97 97 -3667.24
97 97 -1137.14
97 97 -3674.39
97 97 -1166.8
97 97 -3742.91
97 97 -1170.23
97 97 -3580.46
97 97 -988.681
97 97 -2736.05
97 97 -1046.05
97 97 -2286.48
97 97 -1320.47
97 97 -2297.2
97 97 -665.391
97 97 -1807.55
97 97 -878.185
97 97 -4050.58
97 97 -921.864
97 97 -4052.54
97 97 -914.632
97 97 -4064.2
97 97 -921.864
97 97 -4050.31
97 97 -694.136
97 97 -4007.12
97 97 -571.621
97 97 -3990.58
97 97 -610.721
97 97 -3994.35
97 97 -388.827
97 97 -3970.2
97 97 -2745.11
97 97 -2566.53
97 97 -2503.06
97 97 -2668.29
97 97 -2523.46
97 97 -2642.03
97 97 -2314.14
97 97 -2642.03
97 97 -1137.9
97 97 -4045.59
97 97 -839.839
97 97 -4045.59
97 97 -968.883
97 97 -4041.92
97 97 -1103.44
97 97 -4040.69
97 97 -882.275
97 97 -4013
97 97 -1152.82
97 97 -4024.28
97 97 -1152.82
97 97 -4016.12
97 97 -1356.03
97 97 -4028.92
97 97 -1455.34
97 97 -4033.79
97 97 -810.331
97 97 -4033.79
97 97 -758.38
97 97 -4027.16
97 97 -639.655
97 97 -4007.63
97 97 -3756.4
97 97 -4120.87
97 97 -3836.98
97 97 -4040.29
97 97 -3341.32
97 97 -4110.96
97 97 -3237.32
97 97 -3844.86
97 97 -2724.89
97 97 -1389.88
97 97 -2799.36
97 97 -1403.94
97 97 -2849.9
97 97 -1354.07
97 97 -2724.89
97 97 -1423.02
97 97 -3846.2
97 97 -4980.31
97 97 -3819.92
97 97 -4888.39
97 97 -3827.96
97 97 -4960.57
97 97 -3753.69
97 97 -4868.97
97 97 -2799.86
97 97 -2583.85
97 97 -2863.79
97 97 -2705.73
97 97 -2863.8
97 97 -2571.01
97 97 -2970.38
97 97 -2853.28
97 97 -699.594
97 97 -4048.12
97 97 -613.877
97 97 -4057.64
97 97 -738.992
97 97 -4059.62
97 97 -757.708
97 97 -4056.17
97 97 -788.071
97 97 -4006.06
97 97 -956.463
97 97 -4017
97 97 -1107.58
97 97 -4010.83
97 97 -491.923
97 97 -3996.63
97 97 -2676.62
97 97 -4058.71
97 97 -2919.36
97 97 -4096.1
97 97 -2223.27
97 97 -4111.15
97 97 -3280.21
97 97 -4105.28
97 97 -320.89
97 97 -4026.28
97 97 -379.081
97 97 -4021.04
97 97 -384.275
97 97 -4021.04
97 97 -280.022
97 97 -4021.04
97 97 -2213.05
97 97 -3895.12
97 97 -2213.05
97 97 -3779.8
97 97 -2269.03
97 97 -3845.62
97 97 -2273.69
97 97 -3736.23
97 97 -634.624
97 97 -3901.29
97 97 -601.964
97 97 -3925.72
97 97 -551.943
97 97 -3921.22
97 97 -634.624
97 97 -3902.66
97 97 -3273.27
97 97 -3811.38
97 97 -3239.64
97 97 -3827.91
97 97 -2536.84
97 97 -3794.07
97 97 -3042.64
97 97 -3832.47
97 97 -408.169
97 97 -3923.13
97 97 -415.026
97 97 -3944.45
97 97 -416.734
97 97 -3979.23
97 97 -392.695
97 97 -3922.81
97 97 -703.64
97 97 -4078.38
97 97 -727.538
97 97 -4057.88
97 97 -858.387
97 97 -4025.76
97 97 -852.25
97 97 -4019.27
97 97 -254.977
97 97 -3669.51
97 97 -354.348
97 97 -3649.97
97 97 -536.665
97 97 -3821.86
97 97 -235.367
97 97 -3936.85
97 97 -517.744
97 97 -4006.78
97 97 -615.872
97 97 -4026.31
97 97 -497.322
97 97 -4018.96
97 97 -497.322
97 97 -4025.36
98 98 -504.351
98 98 -1399
98 98 -667.947
98 98 -1439.49
98 98 -756.681
98 98 -1399
98 98 -498.037
98 98 -1494.12
98 98 -565.089
98 98 -2291.5
98 98 -699.16
98 98 -2291.5
98 98 -560.781
98 98 -2452.19
98 98 -591.997
98 98 -2880.87
98 98 -527.947
98 98 -2612.04
98 98 -477.517
98 98 -2352.91
98 98 -477.503
98 98 -2872.63
98 98 -475.112
98 98 -2612.04
98 98 -267.496
98 98 -2569.82
98 98 -413.833
98 98 -2626.48
98 98 -368.163
98 98 -2586.29
98 98 -267.496
98 98 -2767.37
98 98 -360.594
98 98 -2435.01
98 98 -228.312
98 98 -2127.17
98 98 -295.695
98 98 -2227.5
98 98 -275.833
98 98 -2240.95
98 98 -694.523
98 98 -1673.4
98 98 -752.279
98 98 -1856.29
98 98 -486.081
98 98 -1853.53
98 98 -455.471
98 98 -1845.37
98 98 -1678.36
98 98 -1527.97
98 98 -1217.16
98 98 -1558.13
98 98 -1494.2
98 98 -1581.29
98 98 -1570.26
98 98 -1675.51
98 98 -196.699
98 98 -1379.24
98 98 -196.178
98 98 -1383.82
98 98 -222.796
98 98 -1562.4
98 98 -206.81
98 98 -1533.45
98 98 -240.909
98 98 -2616.06
98 98 -343.602
98 98 -1603.71
98 98 -343.142
98 98 -2616.06
98 98 -240.909
98 98 -1840.96
98 98 -1643.52
98 98 -2838.14
98 98 -858.337
98 98 -2838.14
98 98 -990.032
98 98 -2838.14
98 98 -1119.04
98 98 -2875.4
98 98 -2102.62
98 98 -2167.38
98 98 -2015.55
98 98 -2244.33
98 98 -1931.45
98 98 -2155.12
98 98 -2109.73
98 98 -2163.05
98 98 -555.839
98 98 -1437.21
98 98 -566.764
98 98 -1498.39
98 98 -712.771
98 98 -1437.21
98 98 -387.531
98 98 -1479.99
98 98 -327.389
98 98 -1939.18
98 98 -354.5
98 98 -2109.59
98 98 -350.861
98 98 -1941.19
98 98 -292.69
98 98 -1891.16
98 98 -702.378
98 98 -2509.34
98 98 -814.672
98 98 -2496.96
98 98 -546.959
98 98 -2508.65
98 98 -576.847
98 98 -2628.3
98 98 -569.385
98 98 -2480.22
98 98 -819.405
98 98 -2979.22
98 98 -479.681
98 98 -2614.85
98 98 -606.179
98 98 -2480.22
98 98 -125.783
98 98 -2138.3
98 98 -131.64
98 98 -2213.32
98 98 -125.783
98 98 -2190.27
98 98 -150.684
98 98 -2231.89
98 98 -124.419
98 98 -1304.87
98 98 -190.066
98 98 -1247.09
98 98 -190.066
98 98 -1304.87
98 98 -257.637
98 98 -1236.31
98 98 -1021.15
98 98 -3119.94
98 98 -846.809
98 98 -2983.92
98 98 -1021.15
98 98 -2978.38
98 98 -1027.93
98 98 -3073.05
98 98 -169.808
98 98 -1584.72
98 98 -169.808
98 98 -1707.53
98 98 -131.558
98 98 -1803.34
98 98 -249.707
98 98 -2122.17
98 98 -638.323
98 98 -2021.42
98 98 -380.896
98 98 -2071.63
98 98 -515.81
98 98 -2321.68
98 98 -545.872
98 98 -2321.69
98 98 -614.557
98 98 -1604.17
98 98 -829.736
98 98 -1640.07
98 98 -985.014
98 98 -1566.26
98 98 -809.57
98 98 -1601.59
98 98 -377.801
98 98 -2363.66
98 98 -153.906
98 98 -2576.02
98 98 -160.659
98 98 -2181.96
98 98 -160.659
98 98 -1825.37
98 98 -585.528
98 98 -1655.04
98 98 -589.979
98 98 -1512.44
98 98 -640.122
98 98 -1744.54
98 98 -586.711
98 98 -1468.14
98 98 -910.777
98 98 -2086.35
98 98 -731.708
98 98 -1842.54
98 98 -733.149
98 98 -1942.65
98 98 -651.133
98 98 -2023.68
98 98 -373.222
98 98 -1480.66
98 98 -373.222
98 98 -1386
98 98 -373.658
98 98 -1427.12
98 98 -377.715
98 98 -1416.5
98 98 -424.292
98 98 -1783.8
98 98 -328.298
98 98 -1748.03
98 98 -281.438
98 98 -1893.58
98 98 -335.358
98 98 -2024.75
98 98 -710.451
98 98 -1904.57
98 98 -1066.13
98 98 -2259.42
98 98 -788.291
98 98 -2047.17
98 98 -1066.13
98 98 -2232.58
99 99 -2351.28
99 99 -2473.81
99 99 -2331.17
99 99 -2467.8
99 99 -2394.13
99 99 -2445.94
99 99 -2349.99
99 99 -2467.8
99 99 -256.475
99 99 -2382.32
99 99 -148.834
99 99 -2383.15
99 99 -210.675
99 99 -2390.09
99 99 -102.692
99 99 -2382.32
99 99 -2055.46
99 99 -2609.08
99 99 -2117.01
99 99 -2733.39
99 99 -2208.63
99 99 -2417.05
99 99 -2208.63
99 99 -3099.64
99 99 -2517.82
99 99 -2118.32
99 99 -2364.21
99 99 -2146.47
99 99 -2345.34
99 99 -2068.65
99 99 -2324.65
99 99 -2134.02
99 99 -2432.87
99 99 -259.104
99 99 -2432.98
99 99 -128.09
99 99 -2401.31
99 99 -270.49
99 99 -2401.31
99 99 -59.9238
99 99 -250.009
99 99 -2399.85
99 99 -195.891
99 99 -2450.35
99 99 -195.891
99 99 -2436.46
99 99 -462.529
99 99 -2450.38
99 99 -1849.89
99 99 -2539.14
99 99 -1466.54
99 99 -2426.4
99 99 -1974.71
99 99 -2460.1
99 99 -1628.77
99 99 -2501.34
99 99 -2540.83
99 99 -2417.7
99 99 -2623.52
99 99 -2641.2
99 99 -2541.11
99 99 -2733.33
99 99 -2649.07
99 99 -2641.2
99 99 -2373.98
99 99 -1058.52
99 99 -2384.97
99 99 -886.648
99 99 -2388.01
99 99 -797.381
99 99 -2382.43
99 99 -524.818
99 99 -2372.4
99 99 -1821.91
99 99 -2372.4
99 99 -1945.27
99 99 -2382.09
99 99 -1947.14
99 99 -2449.24
99 99 -1248.89
99 99 -862.612
99 99 -2697.54
99 99 -988.908
99 99 -2564.19
99 99 -1243.93
99 99 -2618.67
99 99 -1552.34
99 99 -2661.74
99 99 -2344.3
99 99 -2394.52
99 99 -2348.77
99 99 -2399.45
99 99 -2341.64
99 99 -2400.32
99 99 -2341.64
99 99 -2391.7
99 99 -2360.55
99 99 -1494.32
99 99 -2407.8
99 99 -2037.98
99 99 -2416.03
99 99 -1808.11
99 99 -2381.89
99 99 -1795.48
99 99 -590.232
99 99 -2408.93
99 99 -890.832
99 99 -2417.57
99 99 -723.801
99 99 -2408.82
99 99 -1278.19
99 99 -2404.95
99 99 -2143.43
99 99 -2712.68
99 99 -2196.54
99 99 -2771.03
99 99 -2103.56
99 99 -2644.8
99 99 -2188.14
99 99 -2971.54
99 99 -1900.08
99 99 -2383.76
99 99 -2113.75
99 99 -2387.21
99 99 -2077.35
99 99 -2379.75
99 99 -1991.73
99 99 -2381.47
99 99 -2359.66
99 99 -2383.47
99 99 -2358.23
99 99 -2383.47
99 99 -2355.22
99 99 -2393.07
99 99 -2341.78
99 99 -2382.22
99 99 -2045.56
99 99 -2182.13
99 99 -2284.19
99 99 -2182.13
99 99 -2171.91
99 99 -2076
99 99 -2181.93
99 99 -2187.08
99 99 -2181.53
99 99 -2373.04
99 99 -2181.3
99 99 -2353.37
99 99 -2195.66
99 99 -2413.47
99 99 -2171
99 99 -2382.28
99 99 -302.862
99 99 -2410.8
99 99 -486.184
99 99 -2406.03
99 99 -402.863
99 99 -2415.03
99 99 -399.24
99 99 -2415.02
99 99 -1626.44
99 99 -2793.77
99 99 -2003.69
99 99 -2744.93
99 99 -1626.44
99 99 -2783.99
99 99 -998.646
99 99 -2793.77
99 99 -1807.06
99 99 -2380.73
99 99 -2082.45
99 99 -2368.05
99 99 -2082.45
99 99 -2381.32
99 99 -2129.47
99 99 -2396.52
99 99 -1311.88
99 99 -2470.52
99 99 -1719.78
99 99 -2560.63
99 99 -1053.81
99 99 -2578.16
99 99 -1300.36
99 99 -2567.55
99 99 -2390.34
99 99 -2391.84
99 99 -2379.26
99 99 -2402.88
99 99 -2377.24
99 99 -2394.64
99 99 -2396.36
99 99 -2390.36
99 99 -2502.52
99 99 -2261.79
99 99 -2537.95
99 99 -2301.79
99 99 -2530.56
99 99 -2408.67
99 99 -2467.94
99 99 -2483.1
99 99 -2308.58
99 99 -2588.52
99 99 -2347.9
99 99 -2788.91
99 99 -2296.03
99 99 -2648.11
99 99 -2319.71
99 99 -2631.25
99 99 -2320.61
99 99 -2311.99
99 99 -2195.2
99 99 -2291.29
99 99 -2222.12
99 99 -2334.5
99 99 -2203.97
99 99 -2459.49
99 99 -2438.36
99 99 -1718.3
99 99 -2408.18
99 99 -1468.79
99 99 -2437.14
99 99 -1976.83
99 99 -2435.03
99 99 -1976.83
100 100 -893.629
100 100 -884.496
100 100 -930.078
100 100 -882.606
100 100 -890.444
100 100 -862.593
100 100 -930.654
100 100 -871.007
100 100 -806.814
100 100 -855.682
100 100 -823.977
100 100 -817.888
100 100 -749.341
100 100 -842.388
100 100 -823.977
100 100 -925.198
100 100 -686.652
100 100 -439.107
100 100 -645.654
100 100 -419.984
100 100 -729.652
100 100 -569.243
100 100 -794.648
100 100 -569.243
100 100 -674.165
100 100 -807.436
100 100 -821.976
100 100 -444.766
100 100 -810.724
100 100 -527.19
100 100 -711.785
100 100 -495.466
100 100 -826.33
100 100 -869.56
100 100 -886.735
100 100 -848.519
100 100 -853.614
100 100 -811.725
100 100 -853.614
100 100 -900.376
100 100 -805.512
100 100 -848.899
100 100 -648.368
100 100 -821.661
100 100 -697.721
100 100 -883.611
100 100 -787.086
100 100 -920.868
100 100 -898.072
100 100 -906.456
100 100 -903.654
100 100 -910.19
100 100 -901.265
100 100 -907.411
100 100 -879.789
100 100 -896.517
100 100 -921.225
100 100 -894.891
100 100 -912.85
100 100 -908.559
100 100 -929.847
100 100 -894.891
100 100 -916.097
100 100 -905.23
100 100 -617.427
100 100 -635.466
100 100 -536.801
100 100 -668.436
100 100 -670.637
100 100 -536.543
100 100 -594.54
100 100 -521.31
100 100 -856.051
100 100 -844.645
100 100 -856.605
100 100 -816.793
100 100 -827.951
100 100 -1014.68
100 100 -790.097
100 100 -984.925
100 100 -749.232
100 100 -872.895
100 100 -770.874
100 100 -921.21
100 100 -618.276
100 100 -850.183
100 100 -770.863
100 100 -831.218
100 100 -825.951
100 100 -882.726
100 100 -825.951
100 100 -1074.95
100 100 -818.505
100 100 -915.489
100 100 -843.828
100 100 -882.734
100 100 -778.482
100 100 -626.674
100 100 -702.265
100 100 -398.672
100 100 -622.065
100 100 -875.279
100 100 -659.844
100 100 -717.713
100 100 -893.732
100 100 -870.508
100 100 -889.034
100 100 -871.801
100 100 -903.665
100 100 -869.758
100 100 -902.851
100 100 -868.51
100 100 -878.014
100 100 -831.293
100 100 -851.649
100 100 -851.164
100 100 -836.278
100 100 -834.813
100 100 -858.696
100 100 -879.877
100 100 -883.073
100 100 -892.091
100 100 -857.334
100 100 -904.39
100 100 -841.117
100 100 -898.641
100 100 -886.232
100 100 -897.569
100 100 -1046.64
100 100 -944.537
100 100 -1056.88
100 100 -939.036
100 100 -1038.02
100 100 -915.507
100 100 -1056.88
100 100 -939.036
100 100 -862.726
100 100 -871.924
100 100 -812.714
100 100 -875.637
100 100 -852.257
100 100 -865.788
100 100 -812.714
100 100 -848.604
100 100 -184.269
100 100 -1193.51
100 100 -516.612
100 100 -1122.89
100 100 -184.269
100 100 -1489.22
100 100 -159.107
100 100 -1423.13
100 100 -774.446
100 100 -540.888
100 100 -744.833
100 100 -598.259
100 100 -726.885
100 100 -677.593
100 100 -783.871
100 100 -601.516
100 100 -746.777
100 100 -911.879
100 100 -809.893
100 100 -958.228
100 100 -764.082
100 100 -942.123
100 100 -812.307
100 100 -994.082
100 100 -838.071
100 100 -1315.96
100 100 -695.902
100 100 -1655.42
100 100 -781.526
100 100 -1315.96
100 100 -712.822
100 100 -1506.76
100 100 -869.204
100 100 -888.548
100 100 -848.828
100 100 -866.316
100 100 -828.886
100 100 -857.387
100 100 -862.372
100 100 -894.732
100 100 -1115.59
100 100 -1897.08
100 100 -1111.91
100 100 -1929.1
100 100 -969.376
100 100 -1876.78
100 100 -1111.91
100 100 -1803.24
100 100 -1525.32
100 100 -940.408
100 100 -1535.89
100 100 -925.859
100 100 -1514.26
100 100 -966.045
100 100 -1512.62
100 100 -916.123
100 100 -848.782
100 100 -861.949
100 100 -857.48
100 100 -890.099
100 100 -865.121
100 100 -860.858
100 100 -856.637
100 100 -866.062
101 101 -1595.41
101 101 -2033.64
101 101 -2114.16
101 101 -2314.97
101 101 -1443.83
101 101 -2353.66
101 101 -2034.07
101 101 -2191.77
101 101 -165.501
101 101 -2311.14
101 101 -201.003
101 101 -2336.71
101 101 -85.437
101 101 -2275.31
101 101 -140.582
101 101 -2275.31
101 101 -1230
101 101 -2285.54
101 101 -197.652
101 101 -2271.64
101 101 -419.767
101 101 -2301.72
101 101 -1230
101 101 -2320.3
101 101 -1345.38
101 101 -2237.36
101 101 -1197.26
101 101 -2321.99
101 101 -1495.71
101 101 -2175.2
101 101 -1439.62
101 101 -2245.77
101 101 -529.773
101 101 -2262.73
101 101 -401.668
101 101 -2278.72
101 101 -749.461
101 101 -2281.26
101 101 -1582.28
101 101 -2265.67
101 101 -2643.34
101 101 -3863.61
101 101 -2845.61
101 101 -3999.85
101 101 -2748.48
101 101 -3780.23
101 101 -2845.61
101 101 -3900.32
101 101 -115.53
101 101 -2322.93
101 101 -284.116
101 101 -2310.83
101 101 -121.991
101 101 -2338.69
101 101 -107.489
101 101 -2290.85
101 101 -2512.69
101 101 -2246.62
101 101 -2428.27
101 101 -2256.57
101 101 -2417.92
101 101 -2286.61
101 101 -2417.92
101 101 -2216.99
101 101 -1295.93
101 101 -2145.06
101 101 -1420.91
101 101 -2145.06
101 101 -1661.33
101 101 -2130.46
101 101 -1665.05
101 101 -2106.86
101 101 -2164.7
101 101 -2174.29
101 101 -2150.7
101 101 -2288.98
101 101 -1997.41
101 101 -2174.29
101 101 -2132.04
101 101 -2101.46
101 101 -2898.45
101 101 -3050.42
101 101 -2951.37
101 101 -2509.79
101 101 -2931.5
101 101 -2769.97
101 101 -3026.18
101 101 -2955.61
101 101 -2271.65
101 101 -2499.48
101 101 -2374.22
101 101 -2432.08
101 101 -3127.43
101 101 -2813.05
101 101 -2740.98
101 101 -2521.2
101 101 -276.174
101 101 -2295.96
101 101 -270.022
101 101 -2283.28
101 101 -183.603
101 101 -2283.28
101 101 -111.433
101 101 -2296.32
101 101 -212.873
101 101 -2290.26
101 101 -146.294
101 101 -2283.49
101 101 -44.663
101 101 -2296.56
101 101 -95.8653
101 101 -2297.03
101 101 -98.7084
101 101 -2302.87
101 101 -270.038
101 101 -2307.93
101 101 -276.182
101 101 -2284.39
101 101 -148.509
101 101 -2296.15
101 101 -656.404
101 101 -2295.55
101 101 -1671.08
101 101 -2306.04
101 101 -847.715
101 101 -2300.87
101 101 -920.886
101 101 -2298
101 101 -362.148
101 101 -2252.95
101 101 -251.592
101 101 -2263.08
101 101 -254.089
101 101 -2274.27
101 101 -173.19
101 101 -2249.49
101 101 -2095.33
101 101 -2952.86
101 101 -2007.61
101 101 -2878.46
101 101 -2673.98
101 101 -2878.46
101 101 -2673.97
101 101 -2911.6
101 101 -2675.29
101 101 -2301.1
101 101 -2380.17
101 101 -2408.88
101 101 -2775.86
101 101 -2408.88
101 101 -2558.13
101 101 -1991.52
101 101 -2497.44
101 101 -2834.81
101 101 -2350.7
101 101 -2851.83
101 101 -2490.67
101 101 -2734.86
101 101 -2565.49
101 101 -2978.03
101 101 -492.423
101 101 -2321.61
101 101 -396.436
101 101 -2321.61
101 101 -396.436
101 101 -2309.96
101 101 -512.44
101 101 -2280.15
101 101 -49.507
101 101 -2322.49
101 101 -111.558
101 101 -2289.39
101 101 -73.2742
101 101 -2343.03
101 101 -74.8813
101 101 -2311.95
101 101 -95.6958
101 101 -2209.18
101 101 -58.5154
101 101 -2280.29
101 101 -121.625
101 101 -2191.64
101 101 -126.677
101 101 -2243.69
101 101 -2015.01
101 101 -2224.71
101 101 -2075.61
101 101 -2265.72
101 101 -2171.93
101 101 -2224.71
101 101 -2171.93
101 101 -2199.59
101 101 -2596.24
101 101 -2328.56
101 101 -2362.35
101 101 -2353.35
101 101 -2325.89
101 101 -2329.12
101 101 -2496.85
101 101 -2320.47
101 101 -2021.42
101 101 -2672.23
101 101 -1929.06
101 101 -2648.19
101 101 -2295.95
101 101 -2959.26
101 101 -1924.34
101 101 -3090.3
101 101 -1815.76
101 101 -2183.39
101 101 -2028.3
101 101 -2190.19
101 101 -1781.56
101 101 -2168.79
101 101 -1857.6
101 101 -1909.79
102 102 -1121.3
102 102 -842.1
102 102 -1148.17
102 102 -838.185
102 102 -1234.87
102 102 -992.972
102 102 -1131.42
102 102 -889.635
102 102 -1363.45
102 102 -480.881
102 102 -1328.68
102 102 -834.935
102 102 -1271.6
102 102 -503.041
102 102 -1272.31
102 102 -563.221
102 102 -884.583
102 102 -961.647
102 102 -807.061
102 102 -915.402
102 102 -1063.08
102 102 -824.682
102 102 -806.746
102 102 -913.535
102 102 -1682.95
102 102 -878.392
102 102 -1729.95
102 102 -1157.78
102 102 -1441.61
102 102 -821.308
102 102 -1441.61
102 102 -1111.87
102 102 -1509.6
102 102 -490.122
102 102 -1467.07
102 102 -504.888
102 102 -1423.72
102 102 -504.888
102 102 -1423.72
102 102 -589.261
102 102 -1952.35
102 102 -1140.58
102 102 -1959.83
102 102 -1856.14
102 102 -1728.8
102 102 -745.043
102 102 -1681.66
102 102 -930.559
102 102 -1214.08
102 102 -1938.19
102 102 -1225.07
102 102 -2296.11
102 102 -1278.53
102 102 -1794.08
102 102 -1186.64
102 102 -2180.13
102 102 -682.906
102 102 -1458.91
102 102 -761.004
102 102 -1900.34
102 102 -996.717
102 102 -2241.1
102 102 -979.588
102 102 -1796.94
102 102 -1556.67
102 102 -1161.8
102 102 -1969.85
102 102 -822.805
102 102 -1673.09
102 102 -961.541
102 102 -1681.64
102 102 -1311.8
102 102 -927.988
102 102 -1087.73
102 102 -895.483
102 102 -1132.57
102 102 -854.509
102 102 -1210.37
102 102 -976.969
102 102 -1054.76
102 102 -1190.85
102 102 -1341.57
102 102 -1122.12
102 102 -1398.71
102 102 -1325.84
102 102 -1317.52
102 102 -1187.84
102 102 -1341.87
102 102 -1434.7
102 102 -1726.32
102 102 -1314.77
102 102 -1776.71
102 102 -1434.7
102 102 -1808.1
102 102 -1319.38
102 102 -1702.77
102 102 -1157.04
102 102 -1051.55
102 102 -1072.43
102 102 -1066.96
102 102 -1090.7
102 102 -1085.26
102 102 -1122.49
102 102 -1119.03
102 102 -1240.9
102 102 -1128.12
102 102 -1240.06
102 102 -1106.54
102 102 -1316.89
102 102 -1128.12
102 102 -1205.04
102 102 -1010.07
102 102 -1642.52
102 102 -1910.54
102 102 -1584.65
102 102 -1884.42
102 102 -1628.77
102 102 -1884.42
102 102 -1497.73
102 102 -1918.42
102 102 -1399.07
102 102 -1723.25
102 102 -1393.62
102 102 -1622.72
102 102 -1400.07
102 102 -1622.66
102 102 -1424.83
102 102 -1790.26
102 102 -1313.5
102 102 -716.876
102 102 -1298.62
102 102 -896.741
102 102 -1277.87
102 102 -878.692
102 102 -1292.7
102 102 -950.13
102 102 -869.671
102 102 -1037.18
102 102 -1066.75
102 102 -960.12
102 102 -1080.19
102 102 -880.296
102 102 -1044.25
102 102 -1037.18
102 102 -1281.38
102 102 -992.842
102 102 -1219.03
102 102 -809.065
102 102 -1176.43
102 102 -867.176
102 102 -1281.38
102 102 -1124.69
102 102 -787.448
102 102 -782.251
102 102 -949.423
102 102 -772.871
102 102 -862.507
102 102 -1058.69
102 102 -847.872
102 102 -1004.17
102 102 -1690.97
102 102 -1015.86
102 102 -1548.39
102 102 -1063.08
102 102 -1548.39
102 102 -1015.86
102 102 -1310.95
102 102 -1010.07
102 102 -686.472
102 102 -857.258
102 102 -577.763
102 102 -1021.97
102 102 -731.117
102 102 -823.928
102 102 -672.622
102 102 -823.928
102 102 -1138.88
102 102 -913.623
102 102 -1255.85
102 102 -825.31
102 102 -1121.75
102 102 -1066.32
102 102 -1123.97
102 102 -943.109
102 102 -539.038
102 102 -1267.59
102 102 -788.093
102 102 -1229.88
102 102 -622.535
102 102 -1315.2
102 102 -640.953
102 102 -1098.19
102 102 -1703.88
102 102 -1693.01
102 102 -1794.88
102 102 -1720.16
102 102 -1777.25
102 102 -1561.82
102 102 -1703.88
102 102 -1716.24
102 102 -1116.42
102 102 -1128.59
102 102 -854.905
102 102 -1182.92
102 102 -933.085
102 102 -916.238
102 102 -1153.08
102 102 -724.723
102 102 -1004.11
102 102 -2368.98
102 102 -1173.28
102 102 -2401.07
102 102 -1262.98
102 102 -2401.08
102 102 -1393.61
102 102 -2378.53
102 102 -1268.4
102 102 -969.535
102 102 -1020.63
102 102 -915.823
102 102 -1102.17
102 102 -1004.48
102 102 -1123.76
102 102 -915.823
103 103 -743.934
103 103 -1566.39
103 103 -744.607
103 103 -1581.57
103 103 -558.116
103 103 -1508
103 103 -493.13
103 103 -1620.36
103 103 -702.05
103 103 -1145.38
103 103 -1111.45
103 103 -1198.5
103 103 -624.187
103 103 -1167.48
103 103 -1111.45
103 103 -1150.39
103 103 -1622.47
103 103 -1227.1
103 103 -1585.98
103 103 -1227.96
103 103 -1642.15
103 103 -1212.4
103 103 -1655.5
103 103 -1220.55
103 103 -489.648
103 103 -807.865
103 103 -599.19
103 103 -755.592
103 103 -627.991
103 103 -828.831
103 103 -496.074
103 103 -824.899
103 103 -1479.61
103 103 -1418.8
103 103 -1414.95
103 103 -1372.04
103 103 -1495.91
103 103 -1315.99
103 103 -1359.95
103 103 -1299.11
103 103 -1324.57
103 103 -1343.67
103 103 -1181.92
103 103 -1402.41
103 103 -1094.86
103 103 -1352.42
103 103 -1152.44
103 103 -1407.59
103 103 -668.665
103 103 -1472.86
103 103 -871.425
103 103 -1534.92
103 103 -642.883
103 103 -1457.91
103 103 -642.923
103 103 -1468.56
103 103 -904.367
103 103 -1874.09
103 103 -865.831
103 103 -1884.3
103 103 -1012.71
103 103 -1967.26
103 103 -874.17
103 103 -1874.09
103 103 -574.314
103 103 -1086.88
103 103 -464.436
103 103 -1065.3
103 103 -574.314
103 103 -1065.3
103 103 -839.873
103 103 -1117.8
103 103 -784.228
103 103 -1288.48
103 103 -993.566
103 103 -1135.39
103 103 -615.656
103 103 -1283.85
103 103 -611.098
103 103 -1152.07
103 103 -1429.79
103 103 -887.441
103 103 -1429.79
103 103 -1050.63
103 103 -1358.72
103 103 -911.514
103 103 -1560.26
103 103 -874.884
103 103 -1200.34
103 103 -1094.93
103 103 -1206.55
103 103 -1137.54
103 103 -998.877
103 103 -1083.76
103 103 -1261.01
103 103 -1597.86
103 103 -623.467
103 103 -1607.09
103 103 -667.004
103 103 -1725.73
103 103 -571.21
103 103 -1630.11
103 103 -582.398
103 103 -1630.11
103 103 -1228.06
103 103 -819.758
103 103 -1056.09
103 103 -819.758
103 103 -1228.06
103 103 -843.829
103 103 -1059.84
103 103 -740.878
103 103 -983.224
103 103 -1018.05
103 103 -798.593
103 103 -1129.45
103 103 -964.828
103 103 -1019.12
103 103 -784.514
103 103 -1090.15
103 103 -1037.97
103 103 -1144.66
103 103 -920.21
103 103 -1283.03
103 103 -659.908
103 103 -1323.64
103 103 -680.297
103 103 -1305.35
103 103 -1841.88
103 103 -1594.34
103 103 -685.222
103 103 -1603.97
103 103 -589.188
103 103 -1563.69
103 103 -657.155
103 103 -1637.79
103 103 -603.053
103 103 -1216.57
103 103 -579.882
103 103 -1162.86
103 103 -603.053
103 103 -1141.63
103 103 -551.995
103 103 -1003.74
103 103 -713.032
103 103 -1229.7
103 103 -642.853
103 103 -1262.48
103 103 -823.808
103 103 -1299.76
103 103 -823.808
103 103 -1347.72
103 103 -628.045
103 103 -699.82
103 103 -618.728
103 103 -751.32
103 103 -615.658
103 103 -792.285
103 103 -650.834
103 103 -959.613
103 103 -1204.56
103 103 -1365.82
103 103 -1121.07
103 103 -1366.95
103 103 -1231.22
103 103 -1394.02
103 103 -1365.65
103 103 -1343.65
103 103 -850.026
103 103 -1333.26
103 103 -850.026
103 103 -1291.85
103 103 -533.467
103 103 -1330.42
103 103 -575.151
103 103 -1257.42
103 103 -646.68
103 103 -1825.92
103 103 -680.153
103 103 -1825.92
103 103 -733.041
103 103 -1625.83
103 103 -729.91
103 103 -1648.68
103 103 -755.607
103 103 -1359.79
103 103 -572.948
103 103 -1315.94
103 103 -831.31
103 103 -1343.31
103 103 -595.189
103 103 -1308.81
103 103 -663.955
103 103 -1083.06
103 103 -789.565
103 103 -1126.46
103 103 -693.637
103 103 -1171.91
103 103 -695.341
103 103 -1164.76
103 103 -829.021
103 103 -1320.26
103 103 -771.192
103 103 -1370.68
103 103 -654.413
103 103 -1310.86
103 103 -944.879
103 103 -1392.06
103 103 -1317.27
103 103 -1079.72
103 103 -1425.9
103 103 -1144.23
103 103 -1360.72
103 103 -1084.12
103 103 -1127.07
103 103 -1079.73
104 104 -1398.83
104 104 -429.066
104 104 -1346.36
104 104 -584.989
104 104 -1363.49
104 104 -429.066
104 104 -1363.49
104 104 -429.066
104 104 -2787.41
104 104 -1885.25
104 104 -3579.1
104 104 -1947.27
104 104 -3686.14
104 104 -1885.48
104 104 -3938.84
104 104 -1810.59
104 104 -957.548
104 104 -1582.81
104 104 -969.016
104 104 -1557.87
104 104 -925.149
104 104 -1499.45
104 104 -1259.34
104 104 -1555.02
104 104 -528.519
104 104 -713.869
104 104 -673.143
104 104 -1057.24
104 104 -407.4
104 104 -1144.24
104 104 -545.545
104 104 -1025.59
104 104 -1097.02
104 104 -1395.03
104 104 -1122.83
104 104 -1285.79
104 104 -1117.25
104 104 -1269.26
104 104 -1009.81
104 104 -1362.79
104 104 -1336.11
104 104 -1199.89
104 104 -1157.86
104 104 -1178.14
104 104 -1157.86
104 104 -1205.33
104 104 -1108
104 104 -1260.85
104 104 -2862.01
104 104 -2002.41
104 104 -2863.15
104 104 -1969.04
104 104 -3219.09
104 104 -1921.98
104 104 -3076.77
104 104 -1963.6
104 104 -1171.92
104 104 -1559.6
104 104 -1271.4
104 104 -1532.44
104 104 -1171.92
104 104 -1587.32
104 104 -1171.92
104 104 -1473.02
104 104 -951.593
104 104 -1028.15
104 104 -1051.95
104 104 -1218.77
104 104 -980.399
104 104 -1316.54
104 104 -951.632
104 104 -1052.66
104 104 -1310.61
104 104 -1458.2
104 104 -1323.21
104 104 -1643.18
104 104 -1336.16
104 104 -1493.91
104 104 -1356.78
104 104 -1518.83
104 104 -1116.07
104 104 -1536.76
104 104 -1168.8
104 104 -1536.76
104 104 -1054.94
104 104 -1548.76
104 104 -1218.37
104 104 -1588.29
104 104 -1716.21
104 104 -1174.83
104 104 -1430.24
104 104 -1203.35
104 104 -1344.63
104 104 -1236.85
104 104 -1430.24
104 104 -1221.49
104 104 -1166.01
104 104 -1391.79
104 104 -1086.09
104 104 -1265.93
104 104 -1126.97
104 104 -1207.02
104 104 -1067.5
104 104 -1263.93
104 104 -1098.16
104 104 -1677.92
104 104 -1133.08
104 104 -1677.92
104 104 -1174.76
104 104 -1453.14
104 104 -1179.73
104 104 -1527.93
104 104 -1618.56
104 104 -1526.46
104 104 -1515.68
104 104 -1574.82
104 104 -1422.6
104 104 -1574.82
104 104 -1469.23
104 104 -1481.76
104 104 -1343.08
104 104 -1264.12
104 104 -1156.34
104 104 -1314.93
104 104 -1156.34
104 104 -1233.51
104 104 -1232.81
104 104 -1218.14
104 104 -1056.86
104 104 -2244.87
104 104 -1042.91
104 104 -2248.34
104 104 -1042.79
104 104 -2139.31
104 104 -1033.81
104 104 -2152.14
104 104 -1133.65
104 104 -1461.66
104 104 -1086.15
104 104 -1482.44
104 104 -1086.15
104 104 -1402.28
104 104 -1140.48
104 104 -1255.9
104 104 -1037.47
104 104 -1127.18
104 104 -1044.23
104 104 -1024.16
104 104 -1244.03
104 104 -1156.07
104 104 -846.757
104 104 -1052.6
104 104 -1396.71
104 104 -1118.36
104 104 -1202.08
104 104 -1048.67
104 104 -1396.71
104 104 -1023.93
104 104 -1430.81
104 104 -1300.87
104 104 -1666.47
104 104 -927.5
104 104 -1640.34
104 104 -926.479
104 104 -1604.22
104 104 -1061.63
104 104 -2416.6
104 104 -723.439
104 104 -706.019
104 104 -432.291
104 104 -583.325
104 104 -424.236
104 104 -704.095
104 104 -460.201
104 104 -583.325
104 104 -434.488
104 104 -1214.94
104 104 -1373.62
104 104 -1210.56
104 104 -1448.14
104 104 -1166.73
104 104 -1374.76
104 104 -1271.39
104 104 -1454.15
104 104 -1361.92
104 104 -1424.4
104 104 -1292.95
104 104 -1445.46
104 104 -1351.07
104 104 -1424.26
104 104 -1299.24
104 104 -1424.4
104 104 -1178.12
104 104 -1276.91
104 104 -1225.52
104 104 -1353.51
104 104 -1106.33
104 104 -1278
104 104 -1106.19
104 104 -1460.98
104 104 -1409.92
104 104 -1245.97
104 104 -1438.1
104 104 -1164.58
104 104 -1452.37
104 104 -1252.06
104 104 -1397.83
104 104 -1245.97
104 104 -799.122
104 104 -1398.44
104 104 -1000.17
104 104 -1451.41
104 104 -896.38
104 104 -1508.05
104 104 -865.587
104 104 -1496.21
104 104 -1801.72
104 104 -1847.53
104 104 -2053.08
104 104 -1927.17
104 104 -1737.84
104 104 -1764.99
104 104 -1883.55
104 104 -1835.83
