78 78 -63.4036
78 78 -70.5736
78 78 -63.4036
78 78 -70.5736
78 78 -63.4036
78 78 -70.5736
78 78 -63.4036
78 78 -70.5736
78 78 -60.713
78 78 -64.1716
78 78 -60.713
78 78 -64.1716
78 78 -60.713
78 78 -64.1716
78 78 -60.713
78 78 -64.1716
78 78 -86.1346
78 78 -85.877
78 78 -86.1346
78 78 -85.877
78 78 -86.1346
78 78 -85.877
78 78 -86.1346
78 78 -85.877
78 78 -62.6707
78 78 -67.8059
78 78 -62.6707
78 78 -67.8059
78 78 -62.6707
78 78 -67.8059
78 78 -62.6707
78 78 -67.8059
78 78 -67.1562
78 78 -70.3049
78 78 -67.1562
78 78 -70.3049
78 78 -67.1562
78 78 -70.3049
78 78 -67.1562
78 78 -70.3049
78 78 -69.0356
78 78 -68.3793
78 78 -69.0356
78 78 -68.3793
78 78 -69.0356
78 78 -68.3793
78 78 -69.0356
78 78 -68.3793
78 78 -66.7054
78 78 -74.5004
78 78 -66.7054
78 78 -74.5004
78 78 -66.7054
78 78 -74.5004
78 78 -66.7054
78 78 -74.5004
79 79 -67.0781
79 79 -59.3402
79 79 -67.0781
79 79 -59.3402
79 79 -67.0781
79 79 -59.3402
79 79 -67.0781
79 79 -59.3402
79 79 -54.4492
79 79 -67.7875
79 79 -54.4492
79 79 -67.7875
79 79 -54.4492
79 79 -67.7875
79 79 -54.4492
79 79 -67.7875
79 79 -74.9011
79 79 -81.7771
79 79 -74.9011
79 79 -81.7771
79 79 -74.9011
79 79 -81.7771
79 79 -74.9011
79 79 -81.7771
79 79 -62.862
79 79 -69.5161
79 79 -62.862
79 79 -69.5161
79 79 -62.862
79 79 -69.5161
79 79 -62.862
79 79 -69.5161
79 79 -74.5726
79 79 -76.8708
79 79 -74.5726
79 79 -76.8708
79 79 -74.5726
79 79 -76.8708
79 79 -74.5726
79 79 -76.8708
79 79 -62.334
79 79 -66.46
79 79 -62.334
79 79 -66.46
79 79 -62.334
79 79 -66.46
79 79 -62.334
79 79 -66.46
79 79 -64.2999
79 79 -72.6183
79 79 -64.2999
79 79 -72.6183
79 79 -64.2999
79 79 -72.6183
79 79 -64.2999
79 79 -72.6183
80 80 -55.4786
80 80 -65.9198
80 80 -55.4786
80 80 -65.9198
80 80 -55.4786
80 80 -65.9198
80 80 -55.4786
80 80 -65.9198
80 80 -72.3521
80 80 -76.9898
80 80 -72.3521
80 80 -76.9898
80 80 -72.3521
80 80 -76.9898
80 80 -72.3521
80 80 -76.9898
80 80 -67.8012
80 80 -65.6624
80 80 -67.8012
80 80 -65.6624
80 80 -67.8012
80 80 -65.6624
80 80 -67.8012
80 80 -65.6624
80 80 -62.4526
80 80 -60.7556
80 80 -62.4526
80 80 -60.7556
80 80 -62.4526
80 80 -60.7556
80 80 -62.4526
80 80 -60.7556
80 80 -72.3321
80 80 -68.7356
80 80 -72.3321
80 80 -68.7356
80 80 -72.3321
80 80 -68.7356
80 80 -72.3321
80 80 -68.7356
80 80 -75.7241
80 80 -83.2249
80 80 -75.7241
80 80 -83.2249
80 80 -75.7241
80 80 -83.2249
80 80 -75.7241
80 80 -83.2249
80 80 -64.452
80 80 -65.7016
80 80 -64.452
80 80 -65.7016
80 80 -64.452
80 80 -65.7016
80 80 -64.452
80 80 -65.7016
81 81 -39.7116
81 81 -46.5862
81 81 -39.7116
81 81 -46.5862
81 81 -39.7116
81 81 -46.5862
81 81 -39.7116
81 81 -46.5862
81 81 -45.8173
81 81 -56.8421
81 81 -45.8173
81 81 -56.8421
81 81 -45.8173
81 81 -56.8421
81 81 -45.8173
81 81 -56.8421
81 81 -43.4891
81 81 -54.7796
81 81 -43.4891
81 81 -54.7796
81 81 -43.4891
81 81 -54.7796
81 81 -43.4891
81 81 -54.7796
81 81 -27.5005
81 81 -40.4912
81 81 -27.5005
81 81 -40.4912
81 81 -27.5005
81 81 -40.4912
81 81 -27.5005
81 81 -40.4912
81 81 -43.5516
81 81 -52.7355
81 81 -43.5516
81 81 -52.7355
81 81 -43.5516
81 81 -52.7355
81 81 -43.5516
81 81 -52.7355
81 81 -38.4941
81 81 -56.5043
81 81 -38.4941
81 81 -56.5043
81 81 -38.4941
81 81 -56.5043
81 81 -38.4941
81 81 -56.5043
81 81 -39.1639
81 81 -49.7181
81 81 -39.1639
81 81 -49.7181
81 81 -39.1639
81 81 -49.7181
81 81 -39.1639
81 81 -49.7181
81 81 -62.3227
81 81 -71.7068
81 81 -62.3227
81 81 -71.7068
81 81 -62.3227
81 81 -71.7068
81 81 -62.3227
81 81 -71.7068
81 81 -53.2824
81 81 -55.0369
81 81 -53.2824
81 81 -55.0369
81 81 -53.2824
81 81 -55.0369
81 81 -53.2824
81 81 -55.0369
81 81 -28.3613
81 81 -40.4844
81 81 -28.3613
81 81 -40.4844
81 81 -28.3613
81 81 -40.4844
81 81 -28.3613
81 81 -40.4844
81 81 -53.928
81 81 -68.0714
81 81 -53.928
81 81 -68.0714
81 81 -53.928
81 81 -68.0714
81 81 -53.928
81 81 -68.0714
81 81 -57.4443
81 81 -42.6701
81 81 -57.4443
81 81 -42.6701
81 81 -57.4443
81 81 -42.6701
81 81 -57.4443
81 81 -42.6701
81 81 -40.9826
81 81 -56.1814
81 81 -40.9826
81 81 -56.1814
81 81 -40.9826
81 81 -56.1814
81 81 -40.9826
81 81 -56.1814
81 81 -37.9815
81 81 -47.4933
81 81 -37.9815
81 81 -47.4933
81 81 -37.9815
81 81 -47.4933
81 81 -37.9815
81 81 -47.4933
81 81 -49.262
81 81 -65.091
81 81 -49.262
81 81 -65.091
81 81 -49.262
81 81 -65.091
81 81 -49.262
81 81 -65.091
81 81 -41.963
81 81 -45.4221
81 81 -41.963
81 81 -45.4221
81 81 -41.963
81 81 -45.4221
81 81 -41.963
81 81 -45.4221
81 81 -47.2727
81 81 -55.6421
81 81 -47.2727
81 81 -55.6421
81 81 -47.2727
81 81 -55.6421
81 81 -47.2727
81 81 -55.6421
81 81 -49.9806
81 81 -58.9457
81 81 -49.9806
81 81 -58.9457
81 81 -49.9806
81 81 -58.9457
81 81 -49.9806
81 81 -58.9457
81 81 -40.0381
81 81 -52.4303
81 81 -40.0381
81 81 -52.4303
81 81 -40.0381
81 81 -52.4303
81 81 -40.0381
81 81 -52.4303
81 81 -52.8148
81 81 -62.4911
81 81 -52.8148
81 81 -62.4911
81 81 -52.8148
81 81 -62.4911
81 81 -52.8148
81 81 -62.4911
81 81 -47.0792
81 81 -50.209
81 81 -47.0792
81 81 -50.209
81 81 -47.0792
81 81 -50.209
81 81 -47.0792
81 81 -50.209
81 81 -41.4281
81 81 -49.772
81 81 -41.4281
81 81 -49.772
81 81 -41.4281
81 81 -49.772
81 81 -41.4281
81 81 -49.772
81 81 -51.1104
81 81 -60.2677
81 81 -51.1104
81 81 -60.2677
81 81 -51.1104
81 81 -60.2677
81 81 -51.1104
81 81 -60.2677
81 81 -53.5079
81 81 -65.3953
81 81 -53.5079
81 81 -65.3953
81 81 -53.5079
81 81 -65.3953
81 81 -53.5079
81 81 -65.3953
81 81 -65.8126
81 81 -76.1511
81 81 -65.8126
81 81 -76.1511
81 81 -65.8126
81 81 -76.1511
81 81 -65.8126
81 81 -76.1511
81 81 -47.9386
81 81 -61.0076
81 81 -47.9386
81 81 -61.0076
81 81 -47.9386
81 81 -61.0076
81 81 -47.9386
81 81 -61.0076
81 81 -41.7633
81 81 -51.4962
81 81 -41.7633
81 81 -51.4962
81 81 -41.7633
81 81 -51.4962
81 81 -41.7633
81 81 -51.4962
81 81 -46.2833
81 81 -52.2829
81 81 -46.2833
81 81 -52.2829
81 81 -46.2833
81 81 -52.2829
81 81 -46.2833
81 81 -52.2829
82 82 -65.9908
82 82 -56.7272
82 82 -65.9908
82 82 -56.7272
82 82 -65.9908
82 82 -56.7272
82 82 -65.9908
82 82 -56.7272
82 82 -60.1601
82 82 -44.6423
82 82 -60.1601
82 82 -44.6423
82 82 -60.1601
82 82 -44.6423
82 82 -60.1601
82 82 -44.6423
82 82 -66.2898
82 82 -71.4113
82 82 -66.2898
82 82 -71.4113
82 82 -66.2898
82 82 -71.4113
82 82 -66.2898
82 82 -71.4113
82 82 -54.7288
82 82 -73.1653
82 82 -54.7288
82 82 -73.1653
82 82 -54.7288
82 82 -73.1653
82 82 -54.7288
82 82 -73.1653
82 82 -68.0471
82 82 -68.0423
82 82 -68.0471
82 82 -68.0423
82 82 -68.0471
82 82 -68.0423
82 82 -68.0471
82 82 -68.0423
82 82 -63.2795
82 82 -73.8504
82 82 -63.2795
82 82 -73.8504
82 82 -63.2795
82 82 -73.8504
82 82 -63.2795
82 82 -73.8504
82 82 -60.5501
82 82 -69.829
82 82 -60.5501
82 82 -69.829
82 82 -60.5501
82 82 -69.829
82 82 -60.5501
82 82 -69.829
82 82 -54.6593
82 82 -63.9355
82 82 -54.6593
82 82 -63.9355
82 82 -54.6593
82 82 -63.9355
82 82 -54.6593
82 82 -63.9355
82 82 -69.823
82 82 -67.2229
82 82 -69.823
82 82 -67.2229
82 82 -69.823
82 82 -67.2229
82 82 -69.823
82 82 -67.2229
82 82 -60.1165
82 82 -68.6617
82 82 -60.1165
82 82 -68.6617
82 82 -60.1165
82 82 -68.6617
82 82 -60.1165
82 82 -68.6617
82 82 -60.0106
82 82 -56.8827
82 82 -60.0106
82 82 -56.8827
82 82 -60.0106
82 82 -56.8827
82 82 -60.0106
82 82 -56.8827
82 82 -58.7007
82 82 -61.5319
82 82 -58.7007
82 82 -61.5319
82 82 -58.7007
82 82 -61.5319
82 82 -58.7007
82 82 -61.5319
82 82 -61.1794
82 82 -74.2025
82 82 -61.1794
82 82 -74.2025
82 82 -61.1794
82 82 -74.2025
82 82 -61.1794
82 82 -74.2025
82 82 -48.8413
82 82 -55.1657
82 82 -48.8413
82 82 -55.1657
82 82 -48.8413
82 82 -55.1657
82 82 -48.8413
82 82 -55.1657
82 82 -54.423
82 82 -64.9876
82 82 -54.423
82 82 -64.9876
82 82 -54.423
82 82 -64.9876
82 82 -54.423
82 82 -64.9876
82 82 -65.8881
82 82 -75.0811
82 82 -65.8881
82 82 -75.0811
82 82 -65.8881
82 82 -75.0811
82 82 -65.8881
82 82 -75.0811
82 82 -63.1891
82 82 -60.0525
82 82 -63.1891
82 82 -60.0525
82 82 -63.1891
82 82 -60.0525
82 82 -63.1891
82 82 -60.0525
82 82 -65.8688
82 82 -65.0717
82 82 -65.8688
82 82 -65.0717
82 82 -65.8688
82 82 -65.0717
82 82 -65.8688
82 82 -65.0717
82 82 -67.3483
82 82 -67.9025
82 82 -67.3483
82 82 -67.9025
82 82 -67.3483
82 82 -67.9025
82 82 -67.3483
82 82 -67.9025
82 82 -52.3703
82 82 -59.1566
82 82 -52.3703
82 82 -59.1566
82 82 -52.3703
82 82 -59.1566
82 82 -52.3703
82 82 -59.1566
82 82 -80.3139
82 82 -81.989
82 82 -80.3139
82 82 -81.989
82 82 -80.3139
82 82 -81.989
82 82 -80.3139
82 82 -81.989
82 82 -73.7699
82 82 -67.8659
82 82 -73.7699
82 82 -67.8659
82 82 -73.7699
82 82 -67.8659
82 82 -73.7699
82 82 -67.8659
82 82 -65.6946
82 82 -58.6481
82 82 -65.6946
82 82 -58.6481
82 82 -65.6946
82 82 -58.6481
82 82 -65.6946
82 82 -58.6481
82 82 -63.5133
82 82 -74.2558
82 82 -63.5133
82 82 -74.2558
82 82 -63.5133
82 82 -74.2558
82 82 -63.5133
82 82 -74.2558
82 82 -66.9346
82 82 -69.8868
82 82 -66.9346
82 82 -69.8868
82 82 -66.9346
82 82 -69.8868
82 82 -66.9346
82 82 -69.8868
82 82 -68.1927
82 82 -70.1516
82 82 -68.1927
82 82 -70.1516
82 82 -68.1927
82 82 -70.1516
82 82 -68.1927
82 82 -70.1516
82 82 -60.1791
82 82 -62.4624
82 82 -60.1791
82 82 -62.4624
82 82 -60.1791
82 82 -62.4624
82 82 -60.1791
82 82 -62.4624
83 83 -47.0157
83 83 -47.8323
83 83 -47.0157
83 83 -47.8323
83 83 -47.0157
83 83 -47.8323
83 83 -47.0157
83 83 -47.8323
83 83 -62.5914
83 83 -66.7869
83 83 -62.5914
83 83 -66.7869
83 83 -62.5914
83 83 -66.7869
83 83 -62.5914
83 83 -66.7869
83 83 -52.699
83 83 -42.3376
83 83 -52.699
83 83 -42.3376
83 83 -52.699
83 83 -42.3376
83 83 -52.699
83 83 -42.3376
83 83 -57.7195
83 83 -61.1067
83 83 -57.7195
83 83 -61.1067
83 83 -57.7195
83 83 -61.1067
83 83 -57.7195
83 83 -61.1067
83 83 -45.9906
83 83 -49.9337
83 83 -45.9906
83 83 -49.9337
83 83 -45.9906
83 83 -49.9337
83 83 -45.9906
83 83 -49.9337
83 83 -49.5187
83 83 -42.5048
83 83 -49.5187
83 83 -42.5048
83 83 -49.5187
83 83 -42.5048
83 83 -49.5187
83 83 -42.5048
83 83 -58.3892
83 83 -62.0778
83 83 -58.3892
83 83 -62.0778
83 83 -58.3892
83 83 -62.0778
83 83 -58.3892
83 83 -62.0778
83 83 -63.7135
83 83 -58.6146
83 83 -63.7135
83 83 -58.6146
83 83 -63.7135
83 83 -58.6146
83 83 -63.7135
83 83 -58.6146
83 83 -43.0379
83 83 -46.5427
83 83 -43.0379
83 83 -46.5427
83 83 -43.0379
83 83 -46.5427
83 83 -43.0379
83 83 -46.5427
83 83 -52.4964
83 83 -59.1007
83 83 -52.4964
83 83 -59.1007
83 83 -52.4964
83 83 -59.1007
83 83 -52.4964
83 83 -59.1007
83 83 -59.9915
83 83 -61.4403
83 83 -59.9915
83 83 -61.4403
83 83 -59.9915
83 83 -61.4403
83 83 -59.9915
83 83 -61.4403
83 83 -46.4535
83 83 -51.844
83 83 -46.4535
83 83 -51.844
83 83 -46.4535
83 83 -51.844
83 83 -46.4535
83 83 -51.844
83 83 -63.4221
83 83 -73.5657
83 83 -63.4221
83 83 -73.5657
83 83 -63.4221
83 83 -73.5657
83 83 -63.4221
83 83 -73.5657
83 83 -54.9772
83 83 -54.5845
83 83 -54.9772
83 83 -54.5845
83 83 -54.9772
83 83 -54.5845
83 83 -54.9772
83 83 -54.5845
83 83 -64.0721
83 83 -70.0185
83 83 -64.0721
83 83 -70.0185
83 83 -64.0721
83 83 -70.0185
83 83 -64.0721
83 83 -70.0185
83 83 -60.692
83 83 -59.554
83 83 -60.692
83 83 -59.554
83 83 -60.692
83 83 -59.554
83 83 -60.692
83 83 -59.554
83 83 -52.5698
83 83 -53.3538
83 83 -52.5698
83 83 -53.3538
83 83 -52.5698
83 83 -53.3538
83 83 -52.5698
83 83 -53.3538
83 83 -50.1964
83 83 -45.2995
83 83 -50.1964
83 83 -45.2995
83 83 -50.1964
83 83 -45.2995
83 83 -50.1964
83 83 -45.2995
83 83 -56.8527
83 83 -65.3982
83 83 -56.8527
83 83 -65.3982
83 83 -56.8527
83 83 -65.3982
83 83 -56.8527
83 83 -65.3982
83 83 -56.5668
83 83 -56.9259
83 83 -56.5668
83 83 -56.9259
83 83 -56.5668
83 83 -56.9259
83 83 -56.5668
83 83 -56.9259
83 83 -51.9964
83 83 -48.0745
83 83 -51.9964
83 83 -48.0745
83 83 -51.9964
83 83 -48.0745
83 83 -51.9964
83 83 -48.0745
83 83 -53.3763
83 83 -64.0948
83 83 -53.3763
83 83 -64.0948
83 83 -53.3763
83 83 -64.0948
83 83 -53.3763
83 83 -64.0948
83 83 -63.1669
83 83 -66.629
83 83 -63.1669
83 83 -66.629
83 83 -63.1669
83 83 -66.629
83 83 -63.1669
83 83 -66.629
83 83 -51.6205
83 83 -55.7177
83 83 -51.6205
83 83 -55.7177
83 83 -51.6205
83 83 -55.7177
83 83 -51.6205
83 83 -55.7177
83 83 -61.8881
83 83 -65.3081
83 83 -61.8881
83 83 -65.3081
83 83 -61.8881
83 83 -65.3081
83 83 -61.8881
83 83 -65.3081
83 83 -49.1617
83 83 -49.4122
83 83 -49.1617
83 83 -49.4122
83 83 -49.1617
83 83 -49.4122
83 83 -49.1617
83 83 -49.4122
83 83 -45.8986
83 83 -46.9696
83 83 -45.8986
83 83 -46.9696
83 83 -45.8986
83 83 -46.9696
83 83 -45.8986
83 83 -46.9696
83 83 -46.3603
83 83 -58.3328
83 83 -46.3603
83 83 -58.3328
83 83 -46.3603
83 83 -58.3328
83 83 -46.3603
83 83 -58.3328
84 84 -57.833
84 84 -62.8719
84 84 -57.833
84 84 -62.8719
84 84 -57.833
84 84 -62.8719
84 84 -57.833
84 84 -62.8719
84 84 -47.3308
84 84 -53.4608
84 84 -47.3308
84 84 -53.4608
84 84 -47.3308
84 84 -53.4608
84 84 -47.3308
84 84 -53.4608
84 84 -67.0792
84 84 -70.7281
84 84 -67.0792
84 84 -70.7281
84 84 -67.0792
84 84 -70.7281
84 84 -67.0792
84 84 -70.7281
84 84 -42.3579
84 84 -46.9338
84 84 -42.3579
84 84 -46.9338
84 84 -42.3579
84 84 -46.9338
84 84 -42.3579
84 84 -46.9338
84 84 -50.5182
84 84 -53.8773
84 84 -50.5182
84 84 -53.8773
84 84 -50.5182
84 84 -53.8773
84 84 -50.5182
84 84 -53.8773
84 84 -53.9023
84 84 -67.6126
84 84 -53.9023
84 84 -67.6126
84 84 -53.9023
84 84 -67.6126
84 84 -53.9023
84 84 -67.6126
84 84 -52.7537
84 84 -56.996
84 84 -52.7537
84 84 -56.996
84 84 -52.7537
84 84 -56.996
84 84 -52.7537
84 84 -56.996
84 84 -58.8179
84 84 -57.3122
84 84 -58.8179
84 84 -57.3122
84 84 -58.8179
84 84 -57.3122
84 84 -58.8179
84 84 -57.3122
84 84 -56.499
84 84 -51.3086
84 84 -56.499
84 84 -51.3086
84 84 -56.499
84 84 -51.3086
84 84 -56.499
84 84 -51.3086
84 84 -50.0322
84 84 -57.9699
84 84 -50.0322
84 84 -57.9699
84 84 -50.0322
84 84 -57.9699
84 84 -50.0322
84 84 -57.9699
84 84 -47.6559
84 84 -50.4083
84 84 -47.6559
84 84 -50.4083
84 84 -47.6559
84 84 -50.4083
84 84 -47.6559
84 84 -50.4083
84 84 -42.8773
84 84 -54.7095
84 84 -42.8773
84 84 -54.7095
84 84 -42.8773
84 84 -54.7095
84 84 -42.8773
84 84 -54.7095
84 84 -49.3607
84 84 -53.8337
84 84 -49.3607
84 84 -53.8337
84 84 -49.3607
84 84 -53.8337
84 84 -49.3607
84 84 -53.8337
84 84 -60.0129
84 84 -57.397
84 84 -60.0129
84 84 -57.397
84 84 -60.0129
84 84 -57.397
84 84 -60.0129
84 84 -57.397
84 84 -48.6882
84 84 -60.8426
84 84 -48.6882
84 84 -60.8426
84 84 -48.6882
84 84 -60.8426
84 84 -48.6882
84 84 -60.8426
84 84 -49.5385
84 84 -59.627
84 84 -49.5385
84 84 -59.627
84 84 -49.5385
84 84 -59.627
84 84 -49.5385
84 84 -59.627
84 84 -51.3116
84 84 -57.0422
84 84 -51.3116
84 84 -57.0422
84 84 -51.3116
84 84 -57.0422
84 84 -51.3116
84 84 -57.0422
84 84 -52.0778
84 84 -43.2461
84 84 -52.0778
84 84 -43.2461
84 84 -52.0778
84 84 -43.2461
84 84 -52.0778
84 84 -43.2461
84 84 -48.1953
84 84 -51.637
84 84 -48.1953
84 84 -51.637
84 84 -48.1953
84 84 -51.637
84 84 -48.1953
84 84 -51.637
84 84 -56.6127
84 84 -53.289
84 84 -56.6127
84 84 -53.289
84 84 -56.6127
84 84 -53.289
84 84 -56.6127
84 84 -53.289
84 84 -51.1336
84 84 -57.4405
84 84 -51.1336
84 84 -57.4405
84 84 -51.1336
84 84 -57.4405
84 84 -51.1336
84 84 -57.4405
84 84 -55.147
84 84 -60.6978
84 84 -55.147
84 84 -60.6978
84 84 -55.147
84 84 -60.6978
84 84 -55.147
84 84 -60.6978
84 84 -72.1459
84 84 -75.5711
84 84 -72.1459
84 84 -75.5711
84 84 -72.1459
84 84 -75.5711
84 84 -72.1459
84 84 -75.5711
84 84 -55.1779
84 84 -61.9196
84 84 -55.1779
84 84 -61.9196
84 84 -55.1779
84 84 -61.9196
84 84 -55.1779
84 84 -61.9196
84 84 -51.2199
84 84 -54.01
84 84 -51.2199
84 84 -54.01
84 84 -51.2199
84 84 -54.01
84 84 -51.2199
84 84 -54.01
84 84 -49.651
84 84 -57.5976
84 84 -49.651
84 84 -57.5976
84 84 -49.651
84 84 -57.5976
84 84 -49.651
84 84 -57.5976
84 84 -67.0561
84 84 -63.2843
84 84 -67.0561
84 84 -63.2843
84 84 -67.0561
84 84 -63.2843
84 84 -67.0561
84 84 -63.2843
84 84 -59.2473
84 84 -60.347
84 84 -59.2473
84 84 -60.347
84 84 -59.2473
84 84 -60.347
84 84 -59.2473
84 84 -60.347
85 85 -65.3005
85 85 -73.2042
85 85 -65.3005
85 85 -73.2042
85 85 -65.3005
85 85 -73.2042
85 85 -65.3005
85 85 -73.2042
85 85 -64.3117
85 85 -73.8851
85 85 -64.3117
85 85 -73.8851
85 85 -64.3117
85 85 -73.8851
85 85 -64.3117
85 85 -73.8851
85 85 -61.1626
85 85 -71.6156
85 85 -61.1626
85 85 -71.6156
85 85 -61.1626
85 85 -71.6156
85 85 -61.1626
85 85 -71.6156
85 85 -58.0928
85 85 -68.0333
85 85 -58.0928
85 85 -68.0333
85 85 -58.0928
85 85 -68.0333
85 85 -58.0928
85 85 -68.0333
85 85 -56.3666
85 85 -73.7066
85 85 -56.3666
85 85 -73.7066
85 85 -56.3666
85 85 -73.7066
85 85 -56.3666
85 85 -73.7066
85 85 -45.9366
85 85 -63.0821
85 85 -45.9366
85 85 -63.0821
85 85 -45.9366
85 85 -63.0821
85 85 -45.9366
85 85 -63.0821
85 85 -67.4502
85 85 -67.1056
85 85 -67.4502
85 85 -67.1056
85 85 -67.4502
85 85 -67.1056
85 85 -67.4502
85 85 -67.1056
85 85 -53.2609
85 85 -58.7214
85 85 -53.2609
85 85 -58.7214
85 85 -53.2609
85 85 -58.7214
85 85 -53.2609
85 85 -58.7214
85 85 -67.9945
85 85 -82.0416
85 85 -67.9945
85 85 -82.0416
85 85 -67.9945
85 85 -82.0416
85 85 -67.9945
85 85 -82.0416
85 85 -66.1999
85 85 -71.3368
85 85 -66.1999
85 85 -71.3368
85 85 -66.1999
85 85 -71.3368
85 85 -66.1999
85 85 -71.3368
85 85 -55.7647
85 85 -65.9431
85 85 -55.7647
85 85 -65.9431
85 85 -55.7647
85 85 -65.9431
85 85 -55.7647
85 85 -65.9431
85 85 -55.1276
85 85 -68.8923
85 85 -55.1276
85 85 -68.8923
85 85 -55.1276
85 85 -68.8923
85 85 -55.1276
85 85 -68.8923
85 85 -57.7622
85 85 -63.8044
85 85 -57.7622
85 85 -63.8044
85 85 -57.7622
85 85 -63.8044
85 85 -57.7622
85 85 -63.8044
85 85 -49.7809
85 85 -65.538
85 85 -49.7809
85 85 -65.538
85 85 -49.7809
85 85 -65.538
85 85 -49.7809
85 85 -65.538
85 85 -76.2024
85 85 -78.6846
85 85 -76.2024
85 85 -78.6846
85 85 -76.2024
85 85 -78.6846
85 85 -76.2024
85 85 -78.6846
85 85 -59.5174
85 85 -64.359
85 85 -59.5174
85 85 -64.359
85 85 -59.5174
85 85 -64.359
85 85 -59.5174
85 85 -64.359
85 85 -55.7537
85 85 -66.6125
85 85 -55.7537
85 85 -66.6125
85 85 -55.7537
85 85 -66.6125
85 85 -55.7537
85 85 -66.6125
85 85 -61.464
85 85 -73.068
85 85 -61.464
85 85 -73.068
85 85 -61.464
85 85 -73.068
85 85 -61.464
85 85 -73.068
85 85 -56.1384
85 85 -71.5085
85 85 -56.1384
85 85 -71.5085
85 85 -56.1384
85 85 -71.5085
85 85 -56.1384
85 85 -71.5085
85 85 -55.6424
85 85 -63.5894
85 85 -55.6424
85 85 -63.5894
85 85 -55.6424
85 85 -63.5894
85 85 -55.6424
85 85 -63.5894
85 85 -60.1378
85 85 -65.5079
85 85 -60.1378
85 85 -65.5079
85 85 -60.1378
85 85 -65.5079
85 85 -60.1378
85 85 -65.5079
85 85 -52.4826
85 85 -65.2394
85 85 -52.4826
85 85 -65.2394
85 85 -52.4826
85 85 -65.2394
85 85 -52.4826
85 85 -65.2394
85 85 -70.2386
85 85 -73.8396
85 85 -70.2386
85 85 -73.8396
85 85 -70.2386
85 85 -73.8396
85 85 -70.2386
85 85 -73.8396
85 85 -54.2321
85 85 -66.6532
85 85 -54.2321
85 85 -66.6532
85 85 -54.2321
85 85 -66.6532
85 85 -54.2321
85 85 -66.6532
85 85 -57.4512
85 85 -64.8401
85 85 -57.4512
85 85 -64.8401
85 85 -57.4512
85 85 -64.8401
85 85 -57.4512
85 85 -64.8401
85 85 -91.5416
85 85 -87.0597
85 85 -91.5416
85 85 -87.0597
85 85 -91.5416
85 85 -87.0597
85 85 -91.5416
85 85 -87.0597
85 85 -54.5067
85 85 -57.9981
85 85 -54.5067
85 85 -57.9981
85 85 -54.5067
85 85 -57.9981
85 85 -54.5067
85 85 -57.9981
85 85 -73.0311
85 85 -83.8402
85 85 -73.0311
85 85 -83.8402
85 85 -73.0311
85 85 -83.8402
85 85 -73.0311
85 85 -83.8402
86 86 -45.8077
86 86 -49.4805
86 86 -45.8077
86 86 -49.4805
86 86 -45.8077
86 86 -49.4805
86 86 -45.8077
86 86 -49.4805
86 86 -58.9314
86 86 -56.0731
86 86 -58.9314
86 86 -56.0731
86 86 -58.9314
86 86 -56.0731
86 86 -58.9314
86 86 -56.0731
86 86 -53.798
86 86 -66.3933
86 86 -53.798
86 86 -66.3933
86 86 -53.798
86 86 -66.3933
86 86 -53.798
86 86 -66.3933
86 86 -62.5511
86 86 -59.3817
86 86 -62.5511
86 86 -59.3817
86 86 -62.5511
86 86 -59.3817
86 86 -62.5511
86 86 -59.3817
86 86 -39.778
86 86 -46.3646
86 86 -39.778
86 86 -46.3646
86 86 -39.778
86 86 -46.3646
86 86 -39.778
86 86 -46.3646
86 86 -51.084
86 86 -55.7478
86 86 -51.084
86 86 -55.7478
86 86 -51.084
86 86 -55.7478
86 86 -51.084
86 86 -55.7478
86 86 -48.2071
86 86 -49.0625
86 86 -48.2071
86 86 -49.0625
86 86 -48.2071
86 86 -49.0625
86 86 -48.2071
86 86 -49.0625
86 86 -46.3394
86 86 -55.5063
86 86 -46.3394
86 86 -55.5063
86 86 -46.3394
86 86 -55.5063
86 86 -46.3394
86 86 -55.5063
86 86 -43.2606
86 86 -63.2612
86 86 -43.2606
86 86 -63.2612
86 86 -43.2606
86 86 -63.2612
86 86 -43.2606
86 86 -63.2612
86 86 -54.6833
86 86 -61.2984
86 86 -54.6833
86 86 -61.2984
86 86 -54.6833
86 86 -61.2984
86 86 -54.6833
86 86 -61.2984
86 86 -58.053
86 86 -65.0711
86 86 -58.053
86 86 -65.0711
86 86 -58.053
86 86 -65.0711
86 86 -58.053
86 86 -65.0711
86 86 -58.3759
86 86 -54.2776
86 86 -58.3759
86 86 -54.2776
86 86 -58.3759
86 86 -54.2776
86 86 -58.3759
86 86 -54.2776
86 86 -49.7362
86 86 -61.7187
86 86 -49.7362
86 86 -61.7187
86 86 -49.7362
86 86 -61.7187
86 86 -49.7362
86 86 -61.7187
86 86 -62.7861
86 86 -72.5539
86 86 -62.7861
86 86 -72.5539
86 86 -62.7861
86 86 -72.5539
86 86 -62.7861
86 86 -72.5539
86 86 -58.9962
86 86 -60.2188
86 86 -58.9962
86 86 -60.2188
86 86 -58.9962
86 86 -60.2188
86 86 -58.9962
86 86 -60.2188
86 86 -63.7805
86 86 -60.9441
86 86 -63.7805
86 86 -60.9441
86 86 -63.7805
86 86 -60.9441
86 86 -63.7805
86 86 -60.9441
86 86 -46.2614
86 86 -55.928
86 86 -46.2614
86 86 -55.928
86 86 -46.2614
86 86 -55.928
86 86 -46.2614
86 86 -55.928
86 86 -39.2816
86 86 -47.4521
86 86 -39.2816
86 86 -47.4521
86 86 -39.2816
86 86 -47.4521
86 86 -39.2816
86 86 -47.4521
86 86 -47.2697
86 86 -62.2326
86 86 -47.2697
86 86 -62.2326
86 86 -47.2697
86 86 -62.2326
86 86 -47.2697
86 86 -62.2326
86 86 -47.0566
86 86 -51.4862
86 86 -47.0566
86 86 -51.4862
86 86 -47.0566
86 86 -51.4862
86 86 -47.0566
86 86 -51.4862
86 86 -43.2195
86 86 -49.8721
86 86 -43.2195
86 86 -49.8721
86 86 -43.2195
86 86 -49.8721
86 86 -43.2195
86 86 -49.8721
86 86 -65.5668
86 86 -64.588
86 86 -65.5668
86 86 -64.588
86 86 -65.5668
86 86 -64.588
86 86 -65.5668
86 86 -64.588
86 86 -70.6855
86 86 -70.1992
86 86 -70.6855
86 86 -70.1992
86 86 -70.6855
86 86 -70.1992
86 86 -70.6855
86 86 -70.1992
86 86 -57.2928
86 86 -51.0422
86 86 -57.2928
86 86 -51.0422
86 86 -57.2928
86 86 -51.0422
86 86 -57.2928
86 86 -51.0422
86 86 -48.6602
86 86 -53.4934
86 86 -48.6602
86 86 -53.4934
86 86 -48.6602
86 86 -53.4934
86 86 -48.6602
86 86 -53.4934
86 86 -51.3333
86 86 -54.5325
86 86 -51.3333
86 86 -54.5325
86 86 -51.3333
86 86 -54.5325
86 86 -51.3333
86 86 -54.5325
86 86 -43.9189
86 86 -61.7131
86 86 -43.9189
86 86 -61.7131
86 86 -43.9189
86 86 -61.7131
86 86 -43.9189
86 86 -61.7131
86 86 -54.6088
86 86 -58.1804
86 86 -54.6088
86 86 -58.1804
86 86 -54.6088
86 86 -58.1804
86 86 -54.6088
86 86 -58.1804
87 87 -48.4676
87 87 -53.6196
87 87 -48.4676
87 87 -53.6196
87 87 -48.4676
87 87 -53.6196
87 87 -48.4676
87 87 -53.6196
87 87 -61.2165
87 87 -65.7189
87 87 -61.2165
87 87 -65.7189
87 87 -61.2165
87 87 -65.7189
87 87 -61.2165
87 87 -65.7189
87 87 -64.3202
87 87 -66.3527
87 87 -64.3202
87 87 -66.3527
87 87 -64.3202
87 87 -66.3527
87 87 -64.3202
87 87 -66.3527
87 87 -45.8646
87 87 -46.2552
87 87 -45.8646
87 87 -46.2552
87 87 -45.8646
87 87 -46.2552
87 87 -45.8646
87 87 -46.2552
87 87 -47.9142
87 87 -53.9198
87 87 -47.9142
87 87 -53.9198
87 87 -47.9142
87 87 -53.9198
87 87 -47.9142
87 87 -53.9198
87 87 -86.1679
87 87 -93.4092
87 87 -86.1679
87 87 -93.4092
87 87 -86.1679
87 87 -93.4092
87 87 -86.1679
87 87 -93.4092
87 87 -40.5899
87 87 -51.2568
87 87 -40.5899
87 87 -51.2568
87 87 -40.5899
87 87 -51.2568
87 87 -40.5899
87 87 -51.2568
87 87 -46.5487
87 87 -44.703
87 87 -46.5487
87 87 -44.703
87 87 -46.5487
87 87 -44.703
87 87 -46.5487
87 87 -44.703
87 87 -50.9697
87 87 -45.997
87 87 -50.9697
87 87 -45.997
87 87 -50.9697
87 87 -45.997
87 87 -50.9697
87 87 -45.997
87 87 -51.9299
87 87 -62.8882
87 87 -51.9299
87 87 -62.8882
87 87 -51.9299
87 87 -62.8882
87 87 -51.9299
87 87 -62.8882
87 87 -50.0274
87 87 -49.6584
87 87 -50.0274
87 87 -49.6584
87 87 -50.0274
87 87 -49.6584
87 87 -50.0274
87 87 -49.6584
87 87 -43.0402
87 87 -56.0042
87 87 -43.0402
87 87 -56.0042
87 87 -43.0402
87 87 -56.0042
87 87 -43.0402
87 87 -56.0042
87 87 -55.5963
87 87 -56.9748
87 87 -55.5963
87 87 -56.9748
87 87 -55.5963
87 87 -56.9748
87 87 -55.5963
87 87 -56.9748
87 87 -57.5632
87 87 -60.9141
87 87 -57.5632
87 87 -60.9141
87 87 -57.5632
87 87 -60.9141
87 87 -57.5632
87 87 -60.9141
87 87 -49.2793
87 87 -49.0365
87 87 -49.2793
87 87 -49.0365
87 87 -49.2793
87 87 -49.0365
87 87 -49.2793
87 87 -49.0365
87 87 -45.9125
87 87 -48.6078
87 87 -45.9125
87 87 -48.6078
87 87 -45.9125
87 87 -48.6078
87 87 -45.9125
87 87 -48.6078
87 87 -72.9158
87 87 -79.064
87 87 -72.9158
87 87 -79.064
87 87 -72.9158
87 87 -79.064
87 87 -72.9158
87 87 -79.064
87 87 -47.5122
87 87 -45.7618
87 87 -47.5122
87 87 -45.7618
87 87 -47.5122
87 87 -45.7618
87 87 -47.5122
87 87 -45.7618
87 87 -51.0122
87 87 -52.1481
87 87 -51.0122
87 87 -52.1481
87 87 -51.0122
87 87 -52.1481
87 87 -51.0122
87 87 -52.1481
87 87 -47.5904
87 87 -54.1719
87 87 -47.5904
87 87 -54.1719
87 87 -47.5904
87 87 -54.1719
87 87 -47.5904
87 87 -54.1719
87 87 -45.6282
87 87 -50.0361
87 87 -45.6282
87 87 -50.0361
87 87 -45.6282
87 87 -50.0361
87 87 -45.6282
87 87 -50.0361
87 87 -66.0203
87 87 -73.7333
87 87 -66.0203
87 87 -73.7333
87 87 -66.0203
87 87 -73.7333
87 87 -66.0203
87 87 -73.7333
87 87 -39.8152
87 87 -44.8573
87 87 -39.8152
87 87 -44.8573
87 87 -39.8152
87 87 -44.8573
87 87 -39.8152
87 87 -44.8573
87 87 -44.7179
87 87 -50.9012
87 87 -44.7179
87 87 -50.9012
87 87 -44.7179
87 87 -50.9012
87 87 -44.7179
87 87 -50.9012
87 87 -54.0853
87 87 -53.5538
87 87 -54.0853
87 87 -53.5538
87 87 -54.0853
87 87 -53.5538
87 87 -54.0853
87 87 -53.5538
87 87 -62.6046
87 87 -59.0358
87 87 -62.6046
87 87 -59.0358
87 87 -62.6046
87 87 -59.0358
87 87 -62.6046
87 87 -59.0358
87 87 -36.777
87 87 -52.0535
87 87 -36.777
87 87 -52.0535
87 87 -36.777
87 87 -52.0535
87 87 -36.777
87 87 -52.0535
87 87 -42.0732
87 87 -44.0849
87 87 -42.0732
87 87 -44.0849
87 87 -42.0732
87 87 -44.0849
87 87 -42.0732
87 87 -44.0849
88 88 -59.7909
88 88 -64.8813
88 88 -59.7909
88 88 -64.8813
88 88 -59.7909
88 88 -64.8813
88 88 -59.7909
88 88 -64.8813
88 88 -61.0926
88 88 -58.3689
88 88 -61.0926
88 88 -58.3689
88 88 -61.0926
88 88 -58.3689
88 88 -61.0926
88 88 -58.3689
88 88 -55.3708
88 88 -63.8757
88 88 -55.3708
88 88 -63.8757
88 88 -55.3708
88 88 -63.8757
88 88 -55.3708
88 88 -63.8757
88 88 -73.7567
88 88 -74.0178
88 88 -73.7567
88 88 -74.0178
88 88 -73.7567
88 88 -74.0178
88 88 -73.7567
88 88 -74.0178
88 88 -55.8118
88 88 -61.118
88 88 -55.8118
88 88 -61.118
88 88 -55.8118
88 88 -61.118
88 88 -55.8118
88 88 -61.118
88 88 -57.4337
88 88 -57.2112
88 88 -57.4337
88 88 -57.2112
88 88 -57.4337
88 88 -57.2112
88 88 -57.4337
88 88 -57.2112
88 88 -61.6472
88 88 -65.0318
88 88 -61.6472
88 88 -65.0318
88 88 -61.6472
88 88 -65.0318
88 88 -61.6472
88 88 -65.0318
88 88 -57.3544
88 88 -64.1768
88 88 -57.3544
88 88 -64.1768
88 88 -57.3544
88 88 -64.1768
88 88 -57.3544
88 88 -64.1768
88 88 -52.0862
88 88 -52.6112
88 88 -52.0862
88 88 -52.6112
88 88 -52.0862
88 88 -52.6112
88 88 -52.0862
88 88 -52.6112
88 88 -55.2774
88 88 -53.7457
88 88 -55.2774
88 88 -53.7457
88 88 -55.2774
88 88 -53.7457
88 88 -55.2774
88 88 -53.7457
88 88 -57.1106
88 88 -63.3811
88 88 -57.1106
88 88 -63.3811
88 88 -57.1106
88 88 -63.3811
88 88 -57.1106
88 88 -63.3811
88 88 -64.731
88 88 -71.6583
88 88 -64.731
88 88 -71.6583
88 88 -64.731
88 88 -71.6583
88 88 -64.731
88 88 -71.6583
88 88 -54.6706
88 88 -63.4028
88 88 -54.6706
88 88 -63.4028
88 88 -54.6706
88 88 -63.4028
88 88 -54.6706
88 88 -63.4028
88 88 -50.911
88 88 -50.3445
88 88 -50.911
88 88 -50.3445
88 88 -50.911
88 88 -50.3445
88 88 -50.911
88 88 -50.3445
88 88 -51.3444
88 88 -52.7911
88 88 -51.3444
88 88 -52.7911
88 88 -51.3444
88 88 -52.7911
88 88 -51.3444
88 88 -52.7911
88 88 -71.9292
88 88 -75.5529
88 88 -71.9292
88 88 -75.5529
88 88 -71.9292
88 88 -75.5529
88 88 -71.9292
88 88 -75.5529
88 88 -72.574
88 88 -75.4867
88 88 -72.574
88 88 -75.4867
88 88 -72.574
88 88 -75.4867
88 88 -72.574
88 88 -75.4867
88 88 -86.4265
88 88 -93.5138
88 88 -86.4265
88 88 -93.5138
88 88 -86.4265
88 88 -93.5138
88 88 -86.4265
88 88 -93.5138
88 88 -67.5679
88 88 -65.7301
88 88 -67.5679
88 88 -65.7301
88 88 -67.5679
88 88 -65.7301
88 88 -67.5679
88 88 -65.7301
88 88 -62.5481
88 88 -63.7604
88 88 -62.5481
88 88 -63.7604
88 88 -62.5481
88 88 -63.7604
88 88 -62.5481
88 88 -63.7604
88 88 -64.0924
88 88 -70.1743
88 88 -64.0924
88 88 -70.1743
88 88 -64.0924
88 88 -70.1743
88 88 -64.0924
88 88 -70.1743
88 88 -63.2522
88 88 -68.8035
88 88 -63.2522
88 88 -68.8035
88 88 -63.2522
88 88 -68.8035
88 88 -63.2522
88 88 -68.8035
88 88 -64.3234
88 88 -68.5117
88 88 -64.3234
88 88 -68.5117
88 88 -64.3234
88 88 -68.5117
88 88 -64.3234
88 88 -68.5117
88 88 -76.6373
88 88 -81.4674
88 88 -76.6373
88 88 -81.4674
88 88 -76.6373
88 88 -81.4674
88 88 -76.6373
88 88 -81.4674
88 88 -72.0505
88 88 -72.0052
88 88 -72.0505
88 88 -72.0052
88 88 -72.0505
88 88 -72.0052
88 88 -72.0505
88 88 -72.0052
88 88 -58.5468
88 88 -66.0029
88 88 -58.5468
88 88 -66.0029
88 88 -58.5468
88 88 -66.0029
88 88 -58.5468
88 88 -66.0029
88 88 -52.8798
88 88 -51.6339
88 88 -52.8798
88 88 -51.6339
88 88 -52.8798
88 88 -51.6339
88 88 -52.8798
88 88 -51.6339
89 89 -53.2251
89 89 -61.4762
89 89 -53.2251
89 89 -61.4762
89 89 -53.2251
89 89 -61.4762
89 89 -53.2251
89 89 -61.4762
89 89 -49.8129
89 89 -41.0458
89 89 -49.8129
89 89 -41.0458
89 89 -49.8129
89 89 -41.0458
89 89 -49.8129
89 89 -41.0458
89 89 -48.4001
89 89 -61.4211
89 89 -48.4001
89 89 -61.4211
89 89 -48.4001
89 89 -61.4211
89 89 -48.4001
89 89 -61.4211
89 89 -43.4272
89 89 -61.7833
89 89 -43.4272
89 89 -61.7833
89 89 -43.4272
89 89 -61.7833
89 89 -43.4272
89 89 -61.7833
89 89 -50.0843
89 89 -69.6885
89 89 -50.0843
89 89 -69.6885
89 89 -50.0843
89 89 -69.6885
89 89 -50.0843
89 89 -69.6885
89 89 -49.5274
89 89 -62.9167
89 89 -49.5274
89 89 -62.9167
89 89 -49.5274
89 89 -62.9167
89 89 -49.5274
89 89 -62.9167
89 89 -47.3272
89 89 -55.3546
89 89 -47.3272
89 89 -55.3546
89 89 -47.3272
89 89 -55.3546
89 89 -47.3272
89 89 -55.3546
89 89 -52.5448
89 89 -58.6922
89 89 -52.5448
89 89 -58.6922
89 89 -52.5448
89 89 -58.6922
89 89 -52.5448
89 89 -58.6922
89 89 -54.4223
89 89 -60.4791
89 89 -54.4223
89 89 -60.4791
89 89 -54.4223
89 89 -60.4791
89 89 -54.4223
89 89 -60.4791
89 89 -51.5439
89 89 -57.513
89 89 -51.5439
89 89 -57.513
89 89 -51.5439
89 89 -57.513
89 89 -51.5439
89 89 -57.513
89 89 -59.3331
89 89 -67.7292
89 89 -59.3331
89 89 -67.7292
89 89 -59.3331
89 89 -67.7292
89 89 -59.3331
89 89 -67.7292
89 89 -46.7641
89 89 -55.1189
89 89 -46.7641
89 89 -55.1189
89 89 -46.7641
89 89 -55.1189
89 89 -46.7641
89 89 -55.1189
89 89 -47.4413
89 89 -58.5551
89 89 -47.4413
89 89 -58.5551
89 89 -47.4413
89 89 -58.5551
89 89 -47.4413
89 89 -58.5551
89 89 -48.2095
89 89 -61.2876
89 89 -48.2095
89 89 -61.2876
89 89 -48.2095
89 89 -61.2876
89 89 -48.2095
89 89 -61.2876
89 89 -59.9621
89 89 -66.9509
89 89 -59.9621
89 89 -66.9509
89 89 -59.9621
89 89 -66.9509
89 89 -59.9621
89 89 -66.9509
89 89 -50.7002
89 89 -53.5778
89 89 -50.7002
89 89 -53.5778
89 89 -50.7002
89 89 -53.5778
89 89 -50.7002
89 89 -53.5778
89 89 -54.9479
89 89 -63.9781
89 89 -54.9479
89 89 -63.9781
89 89 -54.9479
89 89 -63.9781
89 89 -54.9479
89 89 -63.9781
89 89 -39.1519
89 89 -50.3901
89 89 -39.1519
89 89 -50.3901
89 89 -39.1519
89 89 -50.3901
89 89 -39.1519
89 89 -50.3901
89 89 -48.7572
89 89 -56.9956
89 89 -48.7572
89 89 -56.9956
89 89 -48.7572
89 89 -56.9956
89 89 -48.7572
89 89 -56.9956
89 89 -48.5321
89 89 -62.3327
89 89 -48.5321
89 89 -62.3327
89 89 -48.5321
89 89 -62.3327
89 89 -48.5321
89 89 -62.3327
89 89 -49.5683
89 89 -47.3929
89 89 -49.5683
89 89 -47.3929
89 89 -49.5683
89 89 -47.3929
89 89 -49.5683
89 89 -47.3929
89 89 -42.6035
89 89 -46.9904
89 89 -42.6035
89 89 -46.9904
89 89 -42.6035
89 89 -46.9904
89 89 -42.6035
89 89 -46.9904
89 89 -57.0263
89 89 -61.7281
89 89 -57.0263
89 89 -61.7281
89 89 -57.0263
89 89 -61.7281
89 89 -57.0263
89 89 -61.7281
89 89 -57.2904
89 89 -57.6493
89 89 -57.2904
89 89 -57.6493
89 89 -57.2904
89 89 -57.6493
89 89 -57.2904
89 89 -57.6493
89 89 -58.8834
89 89 -61.7605
89 89 -58.8834
89 89 -61.7605
89 89 -58.8834
89 89 -61.7605
89 89 -58.8834
89 89 -61.7605
89 89 -49.0718
89 89 -52.5105
89 89 -49.0718
89 89 -52.5105
89 89 -49.0718
89 89 -52.5105
89 89 -49.0718
89 89 -52.5105
89 89 -44.7523
89 89 -61.0823
89 89 -44.7523
89 89 -61.0823
89 89 -44.7523
89 89 -61.0823
89 89 -44.7523
89 89 -61.0823
89 89 -48.8245
89 89 -51.9892
89 89 -48.8245
89 89 -51.9892
89 89 -48.8245
89 89 -51.9892
89 89 -48.8245
89 89 -51.9892
90 90 -53.9676
90 90 -52.3492
90 90 -53.9676
90 90 -52.3492
90 90 -53.9676
90 90 -52.3492
90 90 -53.9676
90 90 -52.3492
90 90 -51.6627
90 90 -62.1934
90 90 -51.6627
90 90 -62.1934
90 90 -51.6627
90 90 -62.1934
90 90 -51.6627
90 90 -62.1934
90 90 -60.7958
90 90 -62.4082
90 90 -60.7958
90 90 -62.4082
90 90 -60.7958
90 90 -62.4082
90 90 -60.7958
90 90 -62.4082
90 90 -55.6253
90 90 -59.6839
90 90 -55.6253
90 90 -59.6839
90 90 -55.6253
90 90 -59.6839
90 90 -55.6253
90 90 -59.6839
90 90 -60.2477
90 90 -56.633
90 90 -60.2477
90 90 -56.633
90 90 -60.2477
90 90 -56.633
90 90 -60.2477
90 90 -56.633
90 90 -71.4029
90 90 -58.1905
90 90 -71.4029
90 90 -58.1905
90 90 -71.4029
90 90 -58.1905
90 90 -71.4029
90 90 -58.1905
90 90 -55.6767
90 90 -60.2949
90 90 -55.6767
90 90 -60.2949
90 90 -55.6767
90 90 -60.2949
90 90 -55.6767
90 90 -60.2949
90 90 -56.0875
90 90 -58.7644
90 90 -56.0875
90 90 -58.7644
90 90 -56.0875
90 90 -58.7644
90 90 -56.0875
90 90 -58.7644
90 90 -63.8518
90 90 -44.3822
90 90 -63.8518
90 90 -44.3822
90 90 -63.8518
90 90 -44.3822
90 90 -63.8518
90 90 -44.3822
90 90 -50.9578
90 90 -58.6401
90 90 -50.9578
90 90 -58.6401
90 90 -50.9578
90 90 -58.6401
90 90 -50.9578
90 90 -58.6401
90 90 -56.7241
90 90 -55.4672
90 90 -56.7241
90 90 -55.4672
90 90 -56.7241
90 90 -55.4672
90 90 -56.7241
90 90 -55.4672
90 90 -48.3052
90 90 -50.7121
90 90 -48.3052
90 90 -50.7121
90 90 -48.3052
90 90 -50.7121
90 90 -48.3052
90 90 -50.7121
90 90 -42.8668
90 90 -51.3642
90 90 -42.8668
90 90 -51.3642
90 90 -42.8668
90 90 -51.3642
90 90 -42.8668
90 90 -51.3642
90 90 -57.4897
90 90 -42.658
90 90 -57.4897
90 90 -42.658
90 90 -57.4897
90 90 -42.658
90 90 -57.4897
90 90 -42.658
90 90 -58.0681
90 90 -63.6337
90 90 -58.0681
90 90 -63.6337
90 90 -58.0681
90 90 -63.6337
90 90 -58.0681
90 90 -63.6337
90 90 -68.7813
90 90 -49.9723
90 90 -68.7813
90 90 -49.9723
90 90 -68.7813
90 90 -49.9723
90 90 -68.7813
90 90 -49.9723
90 90 -53.0721
90 90 -61.3831
90 90 -53.0721
90 90 -61.3831
90 90 -53.0721
90 90 -61.3831
90 90 -53.0721
90 90 -61.3831
90 90 -59.039
90 90 -60.054
90 90 -59.039
90 90 -60.054
90 90 -59.039
90 90 -60.054
90 90 -59.039
90 90 -60.054
90 90 -46.8272
90 90 -56.944
90 90 -46.8272
90 90 -56.944
90 90 -46.8272
90 90 -56.944
90 90 -46.8272
90 90 -56.944
90 90 -57.9304
90 90 -62.3068
90 90 -57.9304
90 90 -62.3068
90 90 -57.9304
90 90 -62.3068
90 90 -57.9304
90 90 -62.3068
90 90 -59.79
90 90 -60.7229
90 90 -59.79
90 90 -60.7229
90 90 -59.79
90 90 -60.7229
90 90 -59.79
90 90 -60.7229
90 90 -41.5556
90 90 -52.9437
90 90 -41.5556
90 90 -52.9437
90 90 -41.5556
90 90 -52.9437
90 90 -41.5556
90 90 -52.9437
90 90 -54.6633
90 90 -65.0095
90 90 -54.6633
90 90 -65.0095
90 90 -54.6633
90 90 -65.0095
90 90 -54.6633
90 90 -65.0095
90 90 -60.0304
90 90 -62.6319
90 90 -60.0304
90 90 -62.6319
90 90 -60.0304
90 90 -62.6319
90 90 -60.0304
90 90 -62.6319
90 90 -57.2756
90 90 -56.3728
90 90 -57.2756
90 90 -56.3728
90 90 -57.2756
90 90 -56.3728
90 90 -57.2756
90 90 -56.3728
90 90 -50.0334
90 90 -53.665
90 90 -50.0334
90 90 -53.665
90 90 -50.0334
90 90 -53.665
90 90 -50.0334
90 90 -53.665
90 90 -56.4687
90 90 -59.2949
90 90 -56.4687
90 90 -59.2949
90 90 -56.4687
90 90 -59.2949
90 90 -56.4687
90 90 -59.2949
90 90 -80.179
90 90 -80.9051
90 90 -80.179
90 90 -80.9051
90 90 -80.179
90 90 -80.9051
90 90 -80.179
90 90 -80.9051
91 91 -85.4095
91 91 -83.7226
91 91 -85.4095
91 91 -83.7226
91 91 -85.4095
91 91 -83.7226
91 91 -85.4095
91 91 -83.7226
91 91 -59.5099
91 91 -66.2339
91 91 -59.5099
91 91 -66.2339
91 91 -59.5099
91 91 -66.2339
91 91 -59.5099
91 91 -66.2339
91 91 -44.9823
91 91 -56.131
91 91 -44.9823
91 91 -56.131
91 91 -44.9823
91 91 -56.131
91 91 -44.9823
91 91 -56.131
91 91 -47.9067
91 91 -57.1396
91 91 -47.9067
91 91 -57.1396
91 91 -47.9067
91 91 -57.1396
91 91 -47.9067
91 91 -57.1396
91 91 -69.7529
91 91 -71.969
91 91 -69.7529
91 91 -71.969
91 91 -69.7529
91 91 -71.969
91 91 -69.7529
91 91 -71.969
91 91 -46.8012
91 91 -61.8209
91 91 -46.8012
91 91 -61.8209
91 91 -46.8012
91 91 -61.8209
91 91 -46.8012
91 91 -61.8209
91 91 -62.6061
91 91 -72.3856
91 91 -62.6061
91 91 -72.3856
91 91 -62.6061
91 91 -72.3856
91 91 -62.6061
91 91 -72.3856
91 91 -54.3315
91 91 -61.3575
91 91 -54.3315
91 91 -61.3575
91 91 -54.3315
91 91 -61.3575
91 91 -54.3315
91 91 -61.3575
91 91 -47.7495
91 91 -54.9639
91 91 -47.7495
91 91 -54.9639
91 91 -47.7495
91 91 -54.9639
91 91 -47.7495
91 91 -54.9639
91 91 -61.4673
91 91 -64.7185
91 91 -61.4673
91 91 -64.7185
91 91 -61.4673
91 91 -64.7185
91 91 -61.4673
91 91 -64.7185
91 91 -63.6174
91 91 -69.9119
91 91 -63.6174
91 91 -69.9119
91 91 -63.6174
91 91 -69.9119
91 91 -63.6174
91 91 -69.9119
91 91 -51.5207
91 91 -59.1746
91 91 -51.5207
91 91 -59.1746
91 91 -51.5207
91 91 -59.1746
91 91 -51.5207
91 91 -59.1746
91 91 -53.885
91 91 -58.6221
91 91 -53.885
91 91 -58.6221
91 91 -53.885
91 91 -58.6221
91 91 -53.885
91 91 -58.6221
91 91 -56.3932
91 91 -63.2173
91 91 -56.3932
91 91 -63.2173
91 91 -56.3932
91 91 -63.2173
91 91 -56.3932
91 91 -63.2173
91 91 -38.3162
91 91 -54.7509
91 91 -38.3162
91 91 -54.7509
91 91 -38.3162
91 91 -54.7509
91 91 -38.3162
91 91 -54.7509
91 91 -46.8647
91 91 -50.064
91 91 -46.8647
91 91 -50.064
91 91 -46.8647
91 91 -50.064
91 91 -46.8647
91 91 -50.064
91 91 -56.9325
91 91 -61.4487
91 91 -56.9325
91 91 -61.4487
91 91 -56.9325
91 91 -61.4487
91 91 -56.9325
91 91 -61.4487
91 91 -66.2637
91 91 -70.1593
91 91 -66.2637
91 91 -70.1593
91 91 -66.2637
91 91 -70.1593
91 91 -66.2637
91 91 -70.1593
91 91 -66.1435
91 91 -74.2258
91 91 -66.1435
91 91 -74.2258
91 91 -66.1435
91 91 -74.2258
91 91 -66.1435
91 91 -74.2258
91 91 -49.7182
91 91 -55.87
91 91 -49.7182
91 91 -55.87
91 91 -49.7182
91 91 -55.87
91 91 -49.7182
91 91 -55.87
91 91 -47.8467
91 91 -55.1491
91 91 -47.8467
91 91 -55.1491
91 91 -47.8467
91 91 -55.1491
91 91 -47.8467
91 91 -55.1491
91 91 -57.2268
91 91 -61.8203
91 91 -57.2268
91 91 -61.8203
91 91 -57.2268
91 91 -61.8203
91 91 -57.2268
91 91 -61.8203
91 91 -66.8069
91 91 -70.0035
91 91 -66.8069
91 91 -70.0035
91 91 -66.8069
91 91 -70.0035
91 91 -66.8069
91 91 -70.0035
91 91 -65.7973
91 91 -73.5174
91 91 -65.7973
91 91 -73.5174
91 91 -65.7973
91 91 -73.5174
91 91 -65.7973
91 91 -73.5174
91 91 -55.6569
91 91 -60.1567
91 91 -55.6569
91 91 -60.1567
91 91 -55.6569
91 91 -60.1567
91 91 -55.6569
91 91 -60.1567
91 91 -46.3094
91 91 -47.565
91 91 -46.3094
91 91 -47.565
91 91 -46.3094
91 91 -47.565
91 91 -46.3094
91 91 -47.565
91 91 -47.1609
91 91 -53.6979
91 91 -47.1609
91 91 -53.6979
91 91 -47.1609
91 91 -53.6979
91 91 -47.1609
91 91 -53.6979
91 91 -62.3158
91 91 -70.9252
91 91 -62.3158
91 91 -70.9252
91 91 -62.3158
91 91 -70.9252
91 91 -62.3158
91 91 -70.9252
92 92 -65.5144
92 92 -67.4567
92 92 -65.5144
92 92 -67.4567
92 92 -65.5144
92 92 -67.4567
92 92 -65.5144
92 92 -67.4567
92 92 -68.9053
92 92 -76.5908
92 92 -68.9053
92 92 -76.5908
92 92 -68.9053
92 92 -76.5908
92 92 -68.9053
92 92 -76.5908
92 92 -53.5961
92 92 -59.9751
92 92 -53.5961
92 92 -59.9751
92 92 -53.5961
92 92 -59.9751
92 92 -53.5961
92 92 -59.9751
92 92 -55.7844
92 92 -63.1045
92 92 -55.7844
92 92 -63.1045
92 92 -55.7844
92 92 -63.1045
92 92 -55.7844
92 92 -63.1045
92 92 -60.7571
92 92 -62.3407
92 92 -60.7571
92 92 -62.3407
92 92 -60.7571
92 92 -62.3407
92 92 -60.7571
92 92 -62.3407
92 92 -48.1057
92 92 -51.3822
92 92 -48.1057
92 92 -51.3822
92 92 -48.1057
92 92 -51.3822
92 92 -48.1057
92 92 -51.3822
92 92 -49.1213
92 92 -58.4179
92 92 -49.1213
92 92 -58.4179
92 92 -49.1213
92 92 -58.4179
92 92 -49.1213
92 92 -58.4179
92 92 -51.9233
92 92 -57.7942
92 92 -51.9233
92 92 -57.7942
92 92 -51.9233
92 92 -57.7942
92 92 -51.9233
92 92 -57.7942
92 92 -67.5533
92 92 -67.1333
92 92 -67.5533
92 92 -67.1333
92 92 -67.5533
92 92 -67.1333
92 92 -67.5533
92 92 -67.1333
92 92 -57.4848
92 92 -62.803
92 92 -57.4848
92 92 -62.803
92 92 -57.4848
92 92 -62.803
92 92 -57.4848
92 92 -62.803
92 92 -52.4728
92 92 -58.213
92 92 -52.4728
92 92 -58.213
92 92 -52.4728
92 92 -58.213
92 92 -52.4728
92 92 -58.213
92 92 -59.2334
92 92 -65.7717
92 92 -59.2334
92 92 -65.7717
92 92 -59.2334
92 92 -65.7717
92 92 -59.2334
92 92 -65.7717
92 92 -57.5079
92 92 -60.0936
92 92 -57.5079
92 92 -60.0936
92 92 -57.5079
92 92 -60.0936
92 92 -57.5079
92 92 -60.0936
92 92 -53.3169
92 92 -61.4728
92 92 -53.3169
92 92 -61.4728
92 92 -53.3169
92 92 -61.4728
92 92 -53.3169
92 92 -61.4728
92 92 -60.762
92 92 -59.3451
92 92 -60.762
92 92 -59.3451
92 92 -60.762
92 92 -59.3451
92 92 -60.762
92 92 -59.3451
92 92 -58.3244
92 92 -61.9626
92 92 -58.3244
92 92 -61.9626
92 92 -58.3244
92 92 -61.9626
92 92 -58.3244
92 92 -61.9626
92 92 -56.7476
92 92 -68.721
92 92 -56.7476
92 92 -68.721
92 92 -56.7476
92 92 -68.721
92 92 -56.7476
92 92 -68.721
92 92 -44.8591
92 92 -55.6556
92 92 -44.8591
92 92 -55.6556
92 92 -44.8591
92 92 -55.6556
92 92 -44.8591
92 92 -55.6556
92 92 -44.8911
92 92 -55.887
92 92 -44.8911
92 92 -55.887
92 92 -44.8911
92 92 -55.887
92 92 -44.8911
92 92 -55.887
92 92 -54.9125
92 92 -52.8983
92 92 -54.9125
92 92 -52.8983
92 92 -54.9125
92 92 -52.8983
92 92 -54.9125
92 92 -52.8983
92 92 -54.5994
92 92 -59.7309
92 92 -54.5994
92 92 -59.7309
92 92 -54.5994
92 92 -59.7309
92 92 -54.5994
92 92 -59.7309
92 92 -56.437
92 92 -56.9231
92 92 -56.437
92 92 -56.9231
92 92 -56.437
92 92 -56.9231
92 92 -56.437
92 92 -56.9231
92 92 -47.5662
92 92 -54.6748
92 92 -47.5662
92 92 -54.6748
92 92 -47.5662
92 92 -54.6748
92 92 -47.5662
92 92 -54.6748
92 92 -64.1835
92 92 -66.3336
92 92 -64.1835
92 92 -66.3336
92 92 -64.1835
92 92 -66.3336
92 92 -64.1835
92 92 -66.3336
92 92 -50.4587
92 92 -57.4918
92 92 -50.4587
92 92 -57.4918
92 92 -50.4587
92 92 -57.4918
92 92 -50.4587
92 92 -57.4918
92 92 -57.197
92 92 -60.8043
92 92 -57.197
92 92 -60.8043
92 92 -57.197
92 92 -60.8043
92 92 -57.197
92 92 -60.8043
93 93 -61.8765
93 93 -64.5878
93 93 -61.8765
93 93 -64.5878
93 93 -61.8765
93 93 -64.5878
93 93 -61.8765
93 93 -64.5878
93 93 -46.3202
93 93 -49.2475
93 93 -46.3202
93 93 -49.2475
93 93 -46.3202
93 93 -49.2475
93 93 -46.3202
93 93 -49.2475
93 93 -45.4696
93 93 -48.5039
93 93 -45.4696
93 93 -48.5039
93 93 -45.4696
93 93 -48.5039
93 93 -45.4696
93 93 -48.5039
93 93 -51.4857
93 93 -55.4162
93 93 -51.4857
93 93 -55.4162
93 93 -51.4857
93 93 -55.4162
93 93 -51.4857
93 93 -55.4162
93 93 -55.7605
93 93 -65.0051
93 93 -55.7605
93 93 -65.0051
93 93 -55.7605
93 93 -65.0051
93 93 -55.7605
93 93 -65.0051
93 93 -52.8314
93 93 -53.3467
93 93 -52.8314
93 93 -53.3467
93 93 -52.8314
93 93 -53.3467
93 93 -52.8314
93 93 -53.3467
93 93 -71.6332
93 93 -77.5099
93 93 -71.6332
93 93 -77.5099
93 93 -71.6332
93 93 -77.5099
93 93 -71.6332
93 93 -77.5099
93 93 -43.7798
93 93 -45.6046
93 93 -43.7798
93 93 -45.6046
93 93 -43.7798
93 93 -45.6046
93 93 -43.7798
93 93 -45.6046
93 93 -69.5016
93 93 -71.7514
93 93 -69.5016
93 93 -71.7514
93 93 -69.5016
93 93 -71.7514
93 93 -69.5016
93 93 -71.7514
93 93 -50.0133
93 93 -53.6918
93 93 -50.0133
93 93 -53.6918
93 93 -50.0133
93 93 -53.6918
93 93 -50.0133
93 93 -53.6918
93 93 -65.3501
93 93 -67.7574
93 93 -65.3501
93 93 -67.7574
93 93 -65.3501
93 93 -67.7574
93 93 -65.3501
93 93 -67.7574
93 93 -53.2588
93 93 -57.2601
93 93 -53.2588
93 93 -57.2601
93 93 -53.2588
93 93 -57.2601
93 93 -53.2588
93 93 -57.2601
93 93 -51.2801
93 93 -62.3055
93 93 -51.2801
93 93 -62.3055
93 93 -51.2801
93 93 -62.3055
93 93 -51.2801
93 93 -62.3055
93 93 -48.2762
93 93 -45.4831
93 93 -48.2762
93 93 -45.4831
93 93 -48.2762
93 93 -45.4831
93 93 -48.2762
93 93 -45.4831
93 93 -55.3959
93 93 -57.6566
93 93 -55.3959
93 93 -57.6566
93 93 -55.3959
93 93 -57.6566
93 93 -55.3959
93 93 -57.6566
93 93 -44.4066
93 93 -46.5628
93 93 -44.4066
93 93 -46.5628
93 93 -44.4066
93 93 -46.5628
93 93 -44.4066
93 93 -46.5628
93 93 -68.3636
93 93 -69.4672
93 93 -68.3636
93 93 -69.4672
93 93 -68.3636
93 93 -69.4672
93 93 -68.3636
93 93 -69.4672
93 93 -40.3191
93 93 -42.6095
93 93 -40.3191
93 93 -42.6095
93 93 -40.3191
93 93 -42.6095
93 93 -40.3191
93 93 -42.6095
93 93 -48.3377
93 93 -61.7171
93 93 -48.3377
93 93 -61.7171
93 93 -48.3377
93 93 -61.7171
93 93 -48.3377
93 93 -61.7171
93 93 -56.3094
93 93 -56.9726
93 93 -56.3094
93 93 -56.9726
93 93 -56.3094
93 93 -56.9726
93 93 -56.3094
93 93 -56.9726
93 93 -45.8979
93 93 -48.1453
93 93 -45.8979
93 93 -48.1453
93 93 -45.8979
93 93 -48.1453
93 93 -45.8979
93 93 -48.1453
93 93 -55.1906
93 93 -61.4807
93 93 -55.1906
93 93 -61.4807
93 93 -55.1906
93 93 -61.4807
93 93 -55.1906
93 93 -61.4807
93 93 -49.2799
93 93 -52.0846
93 93 -49.2799
93 93 -52.0846
93 93 -49.2799
93 93 -52.0846
93 93 -49.2799
93 93 -52.0846
93 93 -68.3207
93 93 -77.423
93 93 -68.3207
93 93 -77.423
93 93 -68.3207
93 93 -77.423
93 93 -68.3207
93 93 -77.423
93 93 -42.1149
93 93 -52.6839
93 93 -42.1149
93 93 -52.6839
93 93 -42.1149
93 93 -52.6839
93 93 -42.1149
93 93 -52.6839
93 93 -39.6663
93 93 -50.4257
93 93 -39.6663
93 93 -50.4257
93 93 -39.6663
93 93 -50.4257
93 93 -39.6663
93 93 -50.4257
93 93 -53.6954
93 93 -70.1081
93 93 -53.6954
93 93 -70.1081
93 93 -53.6954
93 93 -70.1081
93 93 -53.6954
93 93 -70.1081
93 93 -53.7997
93 93 -59.2929
93 93 -53.7997
93 93 -59.2929
93 93 -53.7997
93 93 -59.2929
93 93 -53.7997
93 93 -59.2929
94 94 -48.289
94 94 -50.4172
94 94 -48.289
94 94 -50.4172
94 94 -48.289
94 94 -50.4172
94 94 -48.289
94 94 -50.4172
94 94 -59.4035
94 94 -55.1722
94 94 -59.4035
94 94 -55.1722
94 94 -59.4035
94 94 -55.1722
94 94 -59.4035
94 94 -55.1722
94 94 -38.3096
94 94 -45.5957
94 94 -38.3096
94 94 -45.5957
94 94 -38.3096
94 94 -45.5957
94 94 -38.3096
94 94 -45.5957
94 94 -46.0113
94 94 -49.9262
94 94 -46.0113
94 94 -49.9262
94 94 -46.0113
94 94 -49.9262
94 94 -46.0113
94 94 -49.9262
94 94 -44.7661
94 94 -54.063
94 94 -44.7661
94 94 -54.063
94 94 -44.7661
94 94 -54.063
94 94 -44.7661
94 94 -54.063
94 94 -54.5278
94 94 -58.0465
94 94 -54.5278
94 94 -58.0465
94 94 -54.5278
94 94 -58.0465
94 94 -54.5278
94 94 -58.0465
94 94 -36.519
94 94 -45.7102
94 94 -36.519
94 94 -45.7102
94 94 -36.519
94 94 -45.7102
94 94 -36.519
94 94 -45.7102
94 94 -47.1383
94 94 -49.0352
94 94 -47.1383
94 94 -49.0352
94 94 -47.1383
94 94 -49.0352
94 94 -47.1383
94 94 -49.0352
94 94 -48.2981
94 94 -49.761
94 94 -48.2981
94 94 -49.761
94 94 -48.2981
94 94 -49.761
94 94 -48.2981
94 94 -49.761
94 94 -43.538
94 94 -47.2157
94 94 -43.538
94 94 -47.2157
94 94 -43.538
94 94 -47.2157
94 94 -43.538
94 94 -47.2157
94 94 -44.3954
94 94 -55.2372
94 94 -44.3954
94 94 -55.2372
94 94 -44.3954
94 94 -55.2372
94 94 -44.3954
94 94 -55.2372
94 94 -43.2234
94 94 -47.7144
94 94 -43.2234
94 94 -47.7144
94 94 -43.2234
94 94 -47.7144
94 94 -43.2234
94 94 -47.7144
94 94 -48.2041
94 94 -52.0515
94 94 -48.2041
94 94 -52.0515
94 94 -48.2041
94 94 -52.0515
94 94 -48.2041
94 94 -52.0515
94 94 -49.399
94 94 -48.3296
94 94 -49.399
94 94 -48.3296
94 94 -49.399
94 94 -48.3296
94 94 -49.399
94 94 -48.3296
94 94 -41.4571
94 94 -43.7609
94 94 -41.4571
94 94 -43.7609
94 94 -41.4571
94 94 -43.7609
94 94 -41.4571
94 94 -43.7609
94 94 -42.3885
94 94 -43.8552
94 94 -42.3885
94 94 -43.8552
94 94 -42.3885
94 94 -43.8552
94 94 -42.3885
94 94 -43.8552
94 94 -56.8212
94 94 -59.4104
94 94 -56.8212
94 94 -59.4104
94 94 -56.8212
94 94 -59.4104
94 94 -56.8212
94 94 -59.4104
94 94 -44.3485
94 94 -50.5171
94 94 -44.3485
94 94 -50.5171
94 94 -44.3485
94 94 -50.5171
94 94 -44.3485
94 94 -50.5171
94 94 -51.0443
94 94 -46.3347
94 94 -51.0443
94 94 -46.3347
94 94 -51.0443
94 94 -46.3347
94 94 -51.0443
94 94 -46.3347
94 94 -71.4452
94 94 -79.5522
94 94 -71.4452
94 94 -79.5522
94 94 -71.4452
94 94 -79.5522
94 94 -71.4452
94 94 -79.5522
94 94 -46.4241
94 94 -45.391
94 94 -46.4241
94 94 -45.391
94 94 -46.4241
94 94 -45.391
94 94 -46.4241
94 94 -45.391
94 94 -44.7902
94 94 -43.248
94 94 -44.7902
94 94 -43.248
94 94 -44.7902
94 94 -43.248
94 94 -44.7902
94 94 -43.248
94 94 -48.2531
94 94 -50.4774
94 94 -48.2531
94 94 -50.4774
94 94 -48.2531
94 94 -50.4774
94 94 -48.2531
94 94 -50.4774
94 94 -35.867
94 94 -45.6456
94 94 -35.867
94 94 -45.6456
94 94 -35.867
94 94 -45.6456
94 94 -35.867
94 94 -45.6456
94 94 -48.4168
94 94 -54.1007
94 94 -48.4168
94 94 -54.1007
94 94 -48.4168
94 94 -54.1007
94 94 -48.4168
94 94 -54.1007
94 94 -50.7731
94 94 -46.6999
94 94 -50.7731
94 94 -46.6999
94 94 -50.7731
94 94 -46.6999
94 94 -50.7731
94 94 -46.6999
94 94 -42.21
94 94 -47.388
94 94 -42.21
94 94 -47.388
94 94 -42.21
94 94 -47.388
94 94 -42.21
94 94 -47.388
94 94 -40.4595
94 94 -46.868
94 94 -40.4595
94 94 -46.868
94 94 -40.4595
94 94 -46.868
94 94 -40.4595
94 94 -46.868
95 95 -30.9705
95 95 -35.312
95 95 -30.9705
95 95 -35.312
95 95 -30.9705
95 95 -35.312
95 95 -30.9705
95 95 -35.312
95 95 -64.4641
95 95 -64.5019
95 95 -64.4641
95 95 -64.5019
95 95 -64.4641
95 95 -64.5019
95 95 -64.4641
95 95 -64.5019
95 95 -43.7733
95 95 -45.745
95 95 -43.7733
95 95 -45.745
95 95 -43.7733
95 95 -45.745
95 95 -43.7733
95 95 -45.745
95 95 -54.523
95 95 -60.7131
95 95 -54.523
95 95 -60.7131
95 95 -54.523
95 95 -60.7131
95 95 -54.523
95 95 -60.7131
95 95 -40.6128
95 95 -39.5569
95 95 -40.6128
95 95 -39.5569
95 95 -40.6128
95 95 -39.5569
95 95 -40.6128
95 95 -39.5569
95 95 -41.1855
95 95 -44.4251
95 95 -41.1855
95 95 -44.4251
95 95 -41.1855
95 95 -44.4251
95 95 -41.1855
95 95 -44.4251
95 95 -59.7211
95 95 -59.2682
95 95 -59.7211
95 95 -59.2682
95 95 -59.7211
95 95 -59.2682
95 95 -59.7211
95 95 -59.2682
95 95 -43.6349
95 95 -44.2296
95 95 -43.6349
95 95 -44.2296
95 95 -43.6349
95 95 -44.2296
95 95 -43.6349
95 95 -44.2296
95 95 -27.9426
95 95 -32.3966
95 95 -27.9426
95 95 -32.3966
95 95 -27.9426
95 95 -32.3966
95 95 -27.9426
95 95 -32.3966
95 95 -53.7571
95 95 -59.899
95 95 -53.7571
95 95 -59.899
95 95 -53.7571
95 95 -59.899
95 95 -53.7571
95 95 -59.899
95 95 -37.9434
95 95 -38.2034
95 95 -37.9434
95 95 -38.2034
95 95 -37.9434
95 95 -38.2034
95 95 -37.9434
95 95 -38.2034
95 95 -52.5736
95 95 -58.1642
95 95 -52.5736
95 95 -58.1642
95 95 -52.5736
95 95 -58.1642
95 95 -52.5736
95 95 -58.1642
95 95 -31.9782
95 95 -35.1408
95 95 -31.9782
95 95 -35.1408
95 95 -31.9782
95 95 -35.1408
95 95 -31.9782
95 95 -35.1408
95 95 -49.6856
95 95 -47.1494
95 95 -49.6856
95 95 -47.1494
95 95 -49.6856
95 95 -47.1494
95 95 -49.6856
95 95 -47.1494
95 95 -45.2216
95 95 -47.2435
95 95 -45.2216
95 95 -47.2435
95 95 -45.2216
95 95 -47.2435
95 95 -45.2216
95 95 -47.2435
95 95 -44.6937
95 95 -49.4643
95 95 -44.6937
95 95 -49.4643
95 95 -44.6937
95 95 -49.4643
95 95 -44.6937
95 95 -49.4643
95 95 -47.5022
95 95 -50.7799
95 95 -47.5022
95 95 -50.7799
95 95 -47.5022
95 95 -50.7799
95 95 -47.5022
95 95 -50.7799
95 95 -30.5201
95 95 -36.897
95 95 -30.5201
95 95 -36.897
95 95 -30.5201
95 95 -36.897
95 95 -30.5201
95 95 -36.897
95 95 -52.678
95 95 -52.3023
95 95 -52.678
95 95 -52.3023
95 95 -52.678
95 95 -52.3023
95 95 -52.678
95 95 -52.3023
95 95 -48.8014
95 95 -46.794
95 95 -48.8014
95 95 -46.794
95 95 -48.8014
95 95 -46.794
95 95 -48.8014
95 95 -46.794
95 95 -26.8833
95 95 -38.7945
95 95 -26.8833
95 95 -38.7945
95 95 -26.8833
95 95 -38.7945
95 95 -26.8833
95 95 -38.7945
95 95 -38.565
95 95 -43.4459
95 95 -38.565
95 95 -43.4459
95 95 -38.565
95 95 -43.4459
95 95 -38.565
95 95 -43.4459
95 95 -29.163
95 95 -28.659
95 95 -29.163
95 95 -28.659
95 95 -29.163
95 95 -28.659
95 95 -29.163
95 95 -28.659
95 95 -27.5395
95 95 -30.5136
95 95 -27.5395
95 95 -30.5136
95 95 -27.5395
95 95 -30.5136
95 95 -27.5395
95 95 -30.5136
95 95 -54.9691
95 95 -54.545
95 95 -54.9691
95 95 -54.545
95 95 -54.9691
95 95 -54.545
95 95 -54.9691
95 95 -54.545
95 95 -47.3776
95 95 -54.801
95 95 -47.3776
95 95 -54.801
95 95 -47.3776
95 95 -54.801
95 95 -47.3776
95 95 -54.801
95 95 -49.6761
95 95 -48.0604
95 95 -49.6761
95 95 -48.0604
95 95 -49.6761
95 95 -48.0604
95 95 -49.6761
95 95 -48.0604
95 95 -75.9299
95 95 -72.9598
95 95 -75.9299
95 95 -72.9598
95 95 -75.9299
95 95 -72.9598
95 95 -75.9299
95 95 -72.9598
96 96 -52.6817
96 96 -56.7345
96 96 -52.6817
96 96 -56.7345
96 96 -52.6817
96 96 -56.7345
96 96 -52.6817
96 96 -56.7345
96 96 -63.8379
96 96 -62.8223
96 96 -63.8379
96 96 -62.8223
96 96 -63.8379
96 96 -62.8223
96 96 -63.8379
96 96 -62.8223
96 96 -51.3803
96 96 -67.4874
96 96 -51.3803
96 96 -67.4874
96 96 -51.3803
96 96 -67.4874
96 96 -51.3803
96 96 -67.4874
96 96 -60.3821
96 96 -63.8306
96 96 -60.3821
96 96 -63.8306
96 96 -60.3821
96 96 -63.8306
96 96 -60.3821
96 96 -63.8306
96 96 -52.8071
96 96 -58.4367
96 96 -52.8071
96 96 -58.4367
96 96 -52.8071
96 96 -58.4367
96 96 -52.8071
96 96 -58.4367
96 96 -41.6881
96 96 -54.684
96 96 -41.6881
96 96 -54.684
96 96 -41.6881
96 96 -54.684
96 96 -41.6881
96 96 -54.684
96 96 -47.8273
96 96 -54.5337
96 96 -47.8273
96 96 -54.5337
96 96 -47.8273
96 96 -54.5337
96 96 -47.8273
96 96 -54.5337
96 96 -54.1724
96 96 -55.3839
96 96 -54.1724
96 96 -55.3839
96 96 -54.1724
96 96 -55.3839
96 96 -54.1724
96 96 -55.3839
96 96 -56.2766
96 96 -64.0569
96 96 -56.2766
96 96 -64.0569
96 96 -56.2766
96 96 -64.0569
96 96 -56.2766
96 96 -64.0569
96 96 -56.8623
96 96 -61.9475
96 96 -56.8623
96 96 -61.9475
96 96 -56.8623
96 96 -61.9475
96 96 -56.8623
96 96 -61.9475
96 96 -67.7222
96 96 -65.0553
96 96 -67.7222
96 96 -65.0553
96 96 -67.7222
96 96 -65.0553
96 96 -67.7222
96 96 -65.0553
96 96 -49.8719
96 96 -61.3032
96 96 -49.8719
96 96 -61.3032
96 96 -49.8719
96 96 -61.3032
96 96 -49.8719
96 96 -61.3032
96 96 -44.9548
96 96 -52.1777
96 96 -44.9548
96 96 -52.1777
96 96 -44.9548
96 96 -52.1777
96 96 -44.9548
96 96 -52.1777
96 96 -44.0094
96 96 -65.322
96 96 -44.0094
96 96 -65.322
96 96 -44.0094
96 96 -65.322
96 96 -44.0094
96 96 -65.322
96 96 -53.1264
96 96 -63.9707
96 96 -53.1264
96 96 -63.9707
96 96 -53.1264
96 96 -63.9707
96 96 -53.1264
96 96 -63.9707
96 96 -57.2167
96 96 -69.2509
96 96 -57.2167
96 96 -69.2509
96 96 -57.2167
96 96 -69.2509
96 96 -57.2167
96 96 -69.2509
96 96 -51.219
96 96 -55.5692
96 96 -51.219
96 96 -55.5692
96 96 -51.219
96 96 -55.5692
96 96 -51.219
96 96 -55.5692
96 96 -42.9702
96 96 -48.7423
96 96 -42.9702
96 96 -48.7423
96 96 -42.9702
96 96 -48.7423
96 96 -42.9702
96 96 -48.7423
96 96 -44.6841
96 96 -50.8817
96 96 -44.6841
96 96 -50.8817
96 96 -44.6841
96 96 -50.8817
96 96 -44.6841
96 96 -50.8817
96 96 -52.997
96 96 -54.0495
96 96 -52.997
96 96 -54.0495
96 96 -52.997
96 96 -54.0495
96 96 -52.997
96 96 -54.0495
96 96 -53.775
96 96 -53.1935
96 96 -53.775
96 96 -53.1935
96 96 -53.775
96 96 -53.1935
96 96 -53.775
96 96 -53.1935
96 96 -38.6662
96 96 -53.559
96 96 -38.6662
96 96 -53.559
96 96 -38.6662
96 96 -53.559
96 96 -38.6662
96 96 -53.559
96 96 -41.759
96 96 -49.3483
96 96 -41.759
96 96 -49.3483
96 96 -41.759
96 96 -49.3483
96 96 -41.759
96 96 -49.3483
96 96 -48.9707
96 96 -61.508
96 96 -48.9707
96 96 -61.508
96 96 -48.9707
96 96 -61.508
96 96 -48.9707
96 96 -61.508
96 96 -36.6317
96 96 -37.625
96 96 -36.6317
96 96 -37.625
96 96 -36.6317
96 96 -37.625
96 96 -36.6317
96 96 -37.625
96 96 -54.5645
96 96 -58.9565
96 96 -54.5645
96 96 -58.9565
96 96 -54.5645
96 96 -58.9565
96 96 -54.5645
96 96 -58.9565
96 96 -43.3446
96 96 -53.2129
96 96 -43.3446
96 96 -53.2129
96 96 -43.3446
96 96 -53.2129
96 96 -43.3446
96 96 -53.2129
96 96 -44.4804
96 96 -44.4104
96 96 -44.4804
96 96 -44.4104
96 96 -44.4804
96 96 -44.4104
96 96 -44.4804
96 96 -44.4104
97 97 -43.8965
97 97 -51.6574
97 97 -43.8965
97 97 -51.6574
97 97 -43.8965
97 97 -51.6574
97 97 -43.8965
97 97 -51.6574
97 97 -55.7149
97 97 -61.4935
97 97 -55.7149
97 97 -61.4935
97 97 -55.7149
97 97 -61.4935
97 97 -55.7149
97 97 -61.4935
97 97 -49.1968
97 97 -55.2706
97 97 -49.1968
97 97 -55.2706
97 97 -49.1968
97 97 -55.2706
97 97 -49.1968
97 97 -55.2706
97 97 -56.4688
97 97 -54.6994
97 97 -56.4688
97 97 -54.6994
97 97 -56.4688
97 97 -54.6994
97 97 -56.4688
97 97 -54.6994
97 97 -53.6554
97 97 -60.945
97 97 -53.6554
97 97 -60.945
97 97 -53.6554
97 97 -60.945
97 97 -53.6554
97 97 -60.945
97 97 -75.0799
97 97 -77.3497
97 97 -75.0799
97 97 -77.3497
97 97 -75.0799
97 97 -77.3497
97 97 -75.0799
97 97 -77.3497
97 97 -51.9116
97 97 -58.9053
97 97 -51.9116
97 97 -58.9053
97 97 -51.9116
97 97 -58.9053
97 97 -51.9116
97 97 -58.9053
97 97 -51.7618
97 97 -58.9661
97 97 -51.7618
97 97 -58.9661
97 97 -51.7618
97 97 -58.9661
97 97 -51.7618
97 97 -58.9661
97 97 -65.3862
97 97 -66.5194
97 97 -65.3862
97 97 -66.5194
97 97 -65.3862
97 97 -66.5194
97 97 -65.3862
97 97 -66.5194
97 97 -62.0021
97 97 -68.6865
97 97 -62.0021
97 97 -68.6865
97 97 -62.0021
97 97 -68.6865
97 97 -62.0021
97 97 -68.6865
97 97 -51.0102
97 97 -61.6068
97 97 -51.0102
97 97 -61.6068
97 97 -51.0102
97 97 -61.6068
97 97 -51.0102
97 97 -61.6068
97 97 -51.0312
97 97 -58.7868
97 97 -51.0312
97 97 -58.7868
97 97 -51.0312
97 97 -58.7868
97 97 -51.0312
97 97 -58.7868
97 97 -56.5411
97 97 -56.7992
97 97 -56.5411
97 97 -56.7992
97 97 -56.5411
97 97 -56.7992
97 97 -56.5411
97 97 -56.7992
97 97 -87.5231
97 97 -89.4785
97 97 -87.5231
97 97 -89.4785
97 97 -87.5231
97 97 -89.4785
97 97 -87.5231
97 97 -89.4785
97 97 -69.1025
97 97 -75.0455
97 97 -69.1025
97 97 -75.0455
97 97 -69.1025
97 97 -75.0455
97 97 -69.1025
97 97 -75.0455
97 97 -102.217
97 97 -102.738
97 97 -102.217
97 97 -102.738
97 97 -102.217
97 97 -102.738
97 97 -102.217
97 97 -102.738
97 97 -62.3474
97 97 -66.2084
97 97 -62.3474
97 97 -66.2084
97 97 -62.3474
97 97 -66.2084
97 97 -62.3474
97 97 -66.2084
97 97 -47.5529
97 97 -56.419
97 97 -47.5529
97 97 -56.419
97 97 -47.5529
97 97 -56.419
97 97 -47.5529
97 97 -56.419
97 97 -56.6312
97 97 -65.4336
97 97 -56.6312
97 97 -65.4336
97 97 -56.6312
97 97 -65.4336
97 97 -56.6312
97 97 -65.4336
97 97 -71.6015
97 97 -72.841
97 97 -71.6015
97 97 -72.841
97 97 -71.6015
97 97 -72.841
97 97 -71.6015
97 97 -72.841
97 97 -60.6496
97 97 -67.0411
97 97 -60.6496
97 97 -67.0411
97 97 -60.6496
97 97 -67.0411
97 97 -60.6496
97 97 -67.0411
97 97 -55.9685
97 97 -58.7988
97 97 -55.9685
97 97 -58.7988
97 97 -55.9685
97 97 -58.7988
97 97 -55.9685
97 97 -58.7988
97 97 -52.1361
97 97 -60.9595
97 97 -52.1361
97 97 -60.9595
97 97 -52.1361
97 97 -60.9595
97 97 -52.1361
97 97 -60.9595
97 97 -67.7727
97 97 -68.0217
97 97 -67.7727
97 97 -68.0217
97 97 -67.7727
97 97 -68.0217
97 97 -67.7727
97 97 -68.0217
97 97 -71.027
97 97 -69.7116
97 97 -71.027
97 97 -69.7116
97 97 -71.027
97 97 -69.7116
97 97 -71.027
97 97 -69.7116
97 97 -62.5045
97 97 -72.4453
97 97 -62.5045
97 97 -72.4453
97 97 -62.5045
97 97 -72.4453
97 97 -62.5045
97 97 -72.4453
97 97 -58.3156
97 97 -62.5883
97 97 -58.3156
97 97 -62.5883
97 97 -58.3156
97 97 -62.5883
97 97 -58.3156
97 97 -62.5883
97 97 -52.3001
97 97 -55.9704
97 97 -52.3001
97 97 -55.9704
97 97 -52.3001
97 97 -55.9704
97 97 -52.3001
97 97 -55.9704
98 98 -43.3155
98 98 -55.3541
98 98 -43.3155
98 98 -55.3541
98 98 -43.3155
98 98 -55.3541
98 98 -43.3155
98 98 -55.3541
98 98 -53.0464
98 98 -60.9778
98 98 -53.0464
98 98 -60.9778
98 98 -53.0464
98 98 -60.9778
98 98 -53.0464
98 98 -60.9778
98 98 -35.7747
98 98 -46.066
98 98 -35.7747
98 98 -46.066
98 98 -35.7747
98 98 -46.066
98 98 -35.7747
98 98 -46.066
98 98 -42.6585
98 98 -55.7695
98 98 -42.6585
98 98 -55.7695
98 98 -42.6585
98 98 -55.7695
98 98 -42.6585
98 98 -55.7695
98 98 -40.7163
98 98 -54.1262
98 98 -40.7163
98 98 -54.1262
98 98 -40.7163
98 98 -54.1262
98 98 -40.7163
98 98 -54.1262
98 98 -39.5433
98 98 -53.4042
98 98 -39.5433
98 98 -53.4042
98 98 -39.5433
98 98 -53.4042
98 98 -39.5433
98 98 -53.4042
98 98 -42.8839
98 98 -52.9849
98 98 -42.8839
98 98 -52.9849
98 98 -42.8839
98 98 -52.9849
98 98 -42.8839
98 98 -52.9849
98 98 -34.4236
98 98 -48.499
98 98 -34.4236
98 98 -48.499
98 98 -34.4236
98 98 -48.499
98 98 -34.4236
98 98 -48.499
98 98 -36.8029
98 98 -47.7803
98 98 -36.8029
98 98 -47.7803
98 98 -36.8029
98 98 -47.7803
98 98 -36.8029
98 98 -47.7803
98 98 -40.3534
98 98 -53.6769
98 98 -40.3534
98 98 -53.6769
98 98 -40.3534
98 98 -53.6769
98 98 -40.3534
98 98 -53.6769
98 98 -48.7642
98 98 -56.7943
98 98 -48.7642
98 98 -56.7943
98 98 -48.7642
98 98 -56.7943
98 98 -48.7642
98 98 -56.7943
98 98 -49.7397
98 98 -57.2066
98 98 -49.7397
98 98 -57.2066
98 98 -49.7397
98 98 -57.2066
98 98 -49.7397
98 98 -57.2066
98 98 -54.194
98 98 -62.0052
98 98 -54.194
98 98 -62.0052
98 98 -54.194
98 98 -62.0052
98 98 -54.194
98 98 -62.0052
98 98 -71.3052
98 98 -78.8884
98 98 -71.3052
98 98 -78.8884
98 98 -71.3052
98 98 -78.8884
98 98 -71.3052
98 98 -78.8884
98 98 -38.1702
98 98 -49.2096
98 98 -38.1702
98 98 -49.2096
98 98 -38.1702
98 98 -49.2096
98 98 -38.1702
98 98 -49.2096
98 98 -42.5625
98 98 -53.792
98 98 -42.5625
98 98 -53.792
98 98 -42.5625
98 98 -53.792
98 98 -42.5625
98 98 -53.792
98 98 -46.6999
98 98 -60.7035
98 98 -46.6999
98 98 -60.7035
98 98 -46.6999
98 98 -60.7035
98 98 -46.6999
98 98 -60.7035
98 98 -40.8556
98 98 -55.2708
98 98 -40.8556
98 98 -55.2708
98 98 -40.8556
98 98 -55.2708
98 98 -40.8556
98 98 -55.2708
98 98 -41.8857
98 98 -59.3184
98 98 -41.8857
98 98 -59.3184
98 98 -41.8857
98 98 -59.3184
98 98 -41.8857
98 98 -59.3184
98 98 -55.6913
98 98 -64.4948
98 98 -55.6913
98 98 -64.4948
98 98 -55.6913
98 98 -64.4948
98 98 -55.6913
98 98 -64.4948
98 98 -46.925
98 98 -56.4828
98 98 -46.925
98 98 -56.4828
98 98 -46.925
98 98 -56.4828
98 98 -46.925
98 98 -56.4828
98 98 -62.5411
98 98 -76.0212
98 98 -62.5411
98 98 -76.0212
98 98 -62.5411
98 98 -76.0212
98 98 -62.5411
98 98 -76.0212
98 98 -48.3338
98 98 -63.5401
98 98 -48.3338
98 98 -63.5401
98 98 -48.3338
98 98 -63.5401
98 98 -48.3338
98 98 -63.5401
98 98 -63.275
98 98 -75.1558
98 98 -63.275
98 98 -75.1558
98 98 -63.275
98 98 -75.1558
98 98 -63.275
98 98 -75.1558
98 98 -45.5623
98 98 -58.9381
98 98 -45.5623
98 98 -58.9381
98 98 -45.5623
98 98 -58.9381
98 98 -45.5623
98 98 -58.9381
98 98 -43.6121
98 98 -55.0343
98 98 -43.6121
98 98 -55.0343
98 98 -43.6121
98 98 -55.0343
98 98 -43.6121
98 98 -55.0343
98 98 -41.8594
98 98 -56.787
98 98 -41.8594
98 98 -56.787
98 98 -41.8594
98 98 -56.787
98 98 -41.8594
98 98 -56.787
99 99 -39.207
99 99 -42.6613
99 99 -39.207
99 99 -42.6613
99 99 -39.207
99 99 -42.6613
99 99 -39.207
99 99 -42.6613
99 99 -56.0208
99 99 -61.521
99 99 -56.0208
99 99 -61.521
99 99 -56.0208
99 99 -61.521
99 99 -56.0208
99 99 -61.521
99 99 -84.1657
99 99 -88.2412
99 99 -84.1657
99 99 -88.2412
99 99 -84.1657
99 99 -88.2412
99 99 -84.1657
99 99 -88.2412
99 99 -45.8168
99 99 -49.8936
99 99 -45.8168
99 99 -49.8936
99 99 -45.8168
99 99 -49.8936
99 99 -45.8168
99 99 -49.8936
99 99 -55.9731
99 99 -60.7153
99 99 -55.9731
99 99 -60.7153
99 99 -55.9731
99 99 -60.7153
99 99 -55.9731
99 99 -60.7153
99 99 -36.6224
99 99 -48.6961
99 99 -36.6224
99 99 -48.6961
99 99 -36.6224
99 99 -48.6961
99 99 -36.6224
99 99 -48.6961
99 99 -58.769
99 99 -70.7552
99 99 -58.769
99 99 -70.7552
99 99 -58.769
99 99 -70.7552
99 99 -58.769
99 99 -70.7552
99 99 -42.3615
99 99 -47.6476
99 99 -42.3615
99 99 -47.6476
99 99 -42.3615
99 99 -47.6476
99 99 -42.3615
99 99 -47.6476
99 99 -39.9855
99 99 -40.0147
99 99 -39.9855
99 99 -40.0147
99 99 -39.9855
99 99 -40.0147
99 99 -39.9855
99 99 -40.0147
99 99 -39.8989
99 99 -49.0119
99 99 -39.8989
99 99 -49.0119
99 99 -39.8989
99 99 -49.0119
99 99 -39.8989
99 99 -49.0119
99 99 -40.7237
99 99 -48.7145
99 99 -40.7237
99 99 -48.7145
99 99 -40.7237
99 99 -48.7145
99 99 -40.7237
99 99 -48.7145
99 99 -51.3044
99 99 -55.9792
99 99 -51.3044
99 99 -55.9792
99 99 -51.3044
99 99 -55.9792
99 99 -51.3044
99 99 -55.9792
99 99 -38.7329
99 99 -48.96
99 99 -38.7329
99 99 -48.96
99 99 -38.7329
99 99 -48.96
99 99 -38.7329
99 99 -48.96
99 99 -49.0709
99 99 -57.7905
99 99 -49.0709
99 99 -57.7905
99 99 -49.0709
99 99 -57.7905
99 99 -49.0709
99 99 -57.7905
99 99 -51.1125
99 99 -56.5409
99 99 -51.1125
99 99 -56.5409
99 99 -51.1125
99 99 -56.5409
99 99 -51.1125
99 99 -56.5409
99 99 -60.6474
99 99 -67.2962
99 99 -60.6474
99 99 -67.2962
99 99 -60.6474
99 99 -67.2962
99 99 -60.6474
99 99 -67.2962
99 99 -72.642
99 99 -75.1593
99 99 -72.642
99 99 -75.1593
99 99 -72.642
99 99 -75.1593
99 99 -72.642
99 99 -75.1593
99 99 -42.91
99 99 -51.2147
99 99 -42.91
99 99 -51.2147
99 99 -42.91
99 99 -51.2147
99 99 -42.91
99 99 -51.2147
99 99 -57.0701
99 99 -60.9087
99 99 -57.0701
99 99 -60.9087
99 99 -57.0701
99 99 -60.9087
99 99 -57.0701
99 99 -60.9087
99 99 -35.9864
99 99 -50.1926
99 99 -35.9864
99 99 -50.1926
99 99 -35.9864
99 99 -50.1926
99 99 -35.9864
99 99 -50.1926
99 99 -37.2573
99 99 -49.9219
99 99 -37.2573
99 99 -49.9219
99 99 -37.2573
99 99 -49.9219
99 99 -37.2573
99 99 -49.9219
99 99 -45.5599
99 99 -49.8429
99 99 -45.5599
99 99 -49.8429
99 99 -45.5599
99 99 -49.8429
99 99 -45.5599
99 99 -49.8429
99 99 -42.1628
99 99 -49.3924
99 99 -42.1628
99 99 -49.3924
99 99 -42.1628
99 99 -49.3924
99 99 -42.1628
99 99 -49.3924
99 99 -43.1263
99 99 -48.709
99 99 -43.1263
99 99 -48.709
99 99 -43.1263
99 99 -48.709
99 99 -43.1263
99 99 -48.709
99 99 -34.66
99 99 -42.0941
99 99 -34.66
99 99 -42.0941
99 99 -34.66
99 99 -42.0941
99 99 -34.66
99 99 -42.0941
99 99 -58.9033
99 99 -67.6714
99 99 -58.9033
99 99 -67.6714
99 99 -58.9033
99 99 -67.6714
99 99 -58.9033
99 99 -67.6714
99 99 -35.4813
99 99 -47.9324
99 99 -35.4813
99 99 -47.9324
99 99 -35.4813
99 99 -47.9324
99 99 -35.4813
99 99 -47.9324
99 99 -53.7207
99 99 -55.3383
99 99 -53.7207
99 99 -55.3383
99 99 -53.7207
99 99 -55.3383
99 99 -53.7207
99 99 -55.3383
100 100 -55.6845
100 100 -58.0057
100 100 -55.6845
100 100 -58.0057
100 100 -55.6845
100 100 -58.0057
100 100 -55.6845
100 100 -58.0057
100 100 -74.0535
100 100 -63.1393
100 100 -74.0535
100 100 -63.1393
100 100 -74.0535
100 100 -63.1393
100 100 -74.0535
100 100 -63.1393
100 100 -60.4145
100 100 -65.2985
100 100 -60.4145
100 100 -65.2985
100 100 -60.4145
100 100 -65.2985
100 100 -60.4145
100 100 -65.2985
100 100 -52.1389
100 100 -57.1057
100 100 -52.1389
100 100 -57.1057
100 100 -52.1389
100 100 -57.1057
100 100 -52.1389
100 100 -57.1057
100 100 -44.6734
100 100 -54.8844
100 100 -44.6734
100 100 -54.8844
100 100 -44.6734
100 100 -54.8844
100 100 -44.6734
100 100 -54.8844
100 100 -52.7077
100 100 -66.2733
100 100 -52.7077
100 100 -66.2733
100 100 -52.7077
100 100 -66.2733
100 100 -52.7077
100 100 -66.2733
100 100 -39.3684
100 100 -47.1909
100 100 -39.3684
100 100 -47.1909
100 100 -39.3684
100 100 -47.1909
100 100 -39.3684
100 100 -47.1909
100 100 -35.9582
100 100 -50.503
100 100 -35.9582
100 100 -50.503
100 100 -35.9582
100 100 -50.503
100 100 -35.9582
100 100 -50.503
100 100 -64.5381
100 100 -66.4288
100 100 -64.5381
100 100 -66.4288
100 100 -64.5381
100 100 -66.4288
100 100 -64.5381
100 100 -66.4288
100 100 -64.9673
100 100 -64.9862
100 100 -64.9673
100 100 -64.9862
100 100 -64.9673
100 100 -64.9862
100 100 -64.9673
100 100 -64.9862
100 100 -52.7092
100 100 -58.8985
100 100 -52.7092
100 100 -58.8985
100 100 -52.7092
100 100 -58.8985
100 100 -52.7092
100 100 -58.8985
100 100 -70.263
100 100 -62.4597
100 100 -70.263
100 100 -62.4597
100 100 -70.263
100 100 -62.4597
100 100 -70.263
100 100 -62.4597
100 100 -57.2018
100 100 -64.1588
100 100 -57.2018
100 100 -64.1588
100 100 -57.2018
100 100 -64.1588
100 100 -57.2018
100 100 -64.1588
100 100 -46.0309
100 100 -57.3172
100 100 -46.0309
100 100 -57.3172
100 100 -46.0309
100 100 -57.3172
100 100 -46.0309
100 100 -57.3172
100 100 -51.8149
100 100 -65.3723
100 100 -51.8149
100 100 -65.3723
100 100 -51.8149
100 100 -65.3723
100 100 -51.8149
100 100 -65.3723
100 100 -50.9289
100 100 -44.5887
100 100 -50.9289
100 100 -44.5887
100 100 -50.9289
100 100 -44.5887
100 100 -50.9289
100 100 -44.5887
100 100 -50.1156
100 100 -60.6698
100 100 -50.1156
100 100 -60.6698
100 100 -50.1156
100 100 -60.6698
100 100 -50.1156
100 100 -60.6698
100 100 -42.2532
100 100 -49.202
100 100 -42.2532
100 100 -49.202
100 100 -42.2532
100 100 -49.202
100 100 -42.2532
100 100 -49.202
100 100 -60.6281
100 100 -68.1879
100 100 -60.6281
100 100 -68.1879
100 100 -60.6281
100 100 -68.1879
100 100 -60.6281
100 100 -68.1879
100 100 -43.505
100 100 -52.8526
100 100 -43.505
100 100 -52.8526
100 100 -43.505
100 100 -52.8526
100 100 -43.505
100 100 -52.8526
100 100 -43.0267
100 100 -59.5888
100 100 -43.0267
100 100 -59.5888
100 100 -43.0267
100 100 -59.5888
100 100 -43.0267
100 100 -59.5888
100 100 -49.7806
100 100 -62.6492
100 100 -49.7806
100 100 -62.6492
100 100 -49.7806
100 100 -62.6492
100 100 -49.7806
100 100 -62.6492
100 100 -58.0032
100 100 -55.1182
100 100 -58.0032
100 100 -55.1182
100 100 -58.0032
100 100 -55.1182
100 100 -58.0032
100 100 -55.1182
100 100 -37.7586
100 100 -60.2953
100 100 -37.7586
100 100 -60.2953
100 100 -37.7586
100 100 -60.2953
100 100 -37.7586
100 100 -60.2953
100 100 -54.9204
100 100 -56.4685
100 100 -54.9204
100 100 -56.4685
100 100 -54.9204
100 100 -56.4685
100 100 -54.9204
100 100 -56.4685
100 100 -70.3826
100 100 -65.4526
100 100 -70.3826
100 100 -65.4526
100 100 -70.3826
100 100 -65.4526
100 100 -70.3826
100 100 -65.4526
101 101 -67.9619
101 101 -64.4292
101 101 -67.9619
101 101 -64.4292
101 101 -67.9619
101 101 -64.4292
101 101 -67.9619
101 101 -64.4292
101 101 -43.8825
101 101 -49.9252
101 101 -43.8825
101 101 -49.9252
101 101 -43.8825
101 101 -49.9252
101 101 -43.8825
101 101 -49.9252
101 101 -45.4378
101 101 -44.3275
101 101 -45.4378
101 101 -44.3275
101 101 -45.4378
101 101 -44.3275
101 101 -45.4378
101 101 -44.3275
101 101 -56.5771
101 101 -62.2035
101 101 -56.5771
101 101 -62.2035
101 101 -56.5771
101 101 -62.2035
101 101 -56.5771
101 101 -62.2035
101 101 -39.9639
101 101 -48.0213
101 101 -39.9639
101 101 -48.0213
101 101 -39.9639
101 101 -48.0213
101 101 -39.9639
101 101 -48.0213
101 101 -37.9858
101 101 -49.6121
101 101 -37.9858
101 101 -49.6121
101 101 -37.9858
101 101 -49.6121
101 101 -37.9858
101 101 -49.6121
101 101 -52.7024
101 101 -47.168
101 101 -52.7024
101 101 -47.168
101 101 -52.7024
101 101 -47.168
101 101 -52.7024
101 101 -47.168
101 101 -48.4184
101 101 -59.0386
101 101 -48.4184
101 101 -59.0386
101 101 -48.4184
101 101 -59.0386
101 101 -48.4184
101 101 -59.0386
101 101 -55.9706
101 101 -57.2749
101 101 -55.9706
101 101 -57.2749
101 101 -55.9706
101 101 -57.2749
101 101 -55.9706
101 101 -57.2749
101 101 -49.0109
101 101 -65.0624
101 101 -49.0109
101 101 -65.0624
101 101 -49.0109
101 101 -65.0624
101 101 -49.0109
101 101 -65.0624
101 101 -49.4375
101 101 -51.2344
101 101 -49.4375
101 101 -51.2344
101 101 -49.4375
101 101 -51.2344
101 101 -49.4375
101 101 -51.2344
101 101 -52.3748
101 101 -55.5942
101 101 -52.3748
101 101 -55.5942
101 101 -52.3748
101 101 -55.5942
101 101 -52.3748
101 101 -55.5942
101 101 -48.0507
101 101 -55.5721
101 101 -48.0507
101 101 -55.5721
101 101 -48.0507
101 101 -55.5721
101 101 -48.0507
101 101 -55.5721
101 101 -53.3011
101 101 -54.0656
101 101 -53.3011
101 101 -54.0656
101 101 -53.3011
101 101 -54.0656
101 101 -53.3011
101 101 -54.0656
101 101 -44.4518
101 101 -54.1734
101 101 -44.4518
101 101 -54.1734
101 101 -44.4518
101 101 -54.1734
101 101 -44.4518
101 101 -54.1734
101 101 -53.8827
101 101 -55.8969
101 101 -53.8827
101 101 -55.8969
101 101 -53.8827
101 101 -55.8969
101 101 -53.8827
101 101 -55.8969
101 101 -52.2968
101 101 -61.9784
101 101 -52.2968
101 101 -61.9784
101 101 -52.2968
101 101 -61.9784
101 101 -52.2968
101 101 -61.9784
101 101 -46.0627
101 101 -44.328
101 101 -46.0627
101 101 -44.328
101 101 -46.0627
101 101 -44.328
101 101 -46.0627
101 101 -44.328
101 101 -50.4033
101 101 -58.1778
101 101 -50.4033
101 101 -58.1778
101 101 -50.4033
101 101 -58.1778
101 101 -50.4033
101 101 -58.1778
101 101 -48.5566
101 101 -46.9546
101 101 -48.5566
101 101 -46.9546
101 101 -48.5566
101 101 -46.9546
101 101 -48.5566
101 101 -46.9546
101 101 -47.592
101 101 -57.5407
101 101 -47.592
101 101 -57.5407
101 101 -47.592
101 101 -57.5407
101 101 -47.592
101 101 -57.5407
101 101 -43.439
101 101 -50.2396
101 101 -43.439
101 101 -50.2396
101 101 -43.439
101 101 -50.2396
101 101 -43.439
101 101 -50.2396
101 101 -37.6302
101 101 -48.1756
101 101 -37.6302
101 101 -48.1756
101 101 -37.6302
101 101 -48.1756
101 101 -37.6302
101 101 -48.1756
101 101 -36.7213
101 101 -55.1621
101 101 -36.7213
101 101 -55.1621
101 101 -36.7213
101 101 -55.1621
101 101 -36.7213
101 101 -55.1621
101 101 -54.0309
101 101 -47.8376
101 101 -54.0309
101 101 -47.8376
101 101 -54.0309
101 101 -47.8376
101 101 -54.0309
101 101 -47.8376
101 101 -55.1408
101 101 -59.1582
101 101 -55.1408
101 101 -59.1582
101 101 -55.1408
101 101 -59.1582
101 101 -55.1408
101 101 -59.1582
101 101 -57.3734
101 101 -52.9023
101 101 -57.3734
101 101 -52.9023
101 101 -57.3734
101 101 -52.9023
101 101 -57.3734
101 101 -52.9023
102 102 -50.9401
102 102 -72.6479
102 102 -50.9401
102 102 -72.6479
102 102 -50.9401
102 102 -72.6479
102 102 -50.9401
102 102 -72.6479
102 102 -58.6913
102 102 -55.4823
102 102 -58.6913
102 102 -55.4823
102 102 -58.6913
102 102 -55.4823
102 102 -58.6913
102 102 -55.4823
102 102 -56.4973
102 102 -67.9113
102 102 -56.4973
102 102 -67.9113
102 102 -56.4973
102 102 -67.9113
102 102 -56.4973
102 102 -67.9113
102 102 -58.6401
102 102 -62.7753
102 102 -58.6401
102 102 -62.7753
102 102 -58.6401
102 102 -62.7753
102 102 -58.6401
102 102 -62.7753
102 102 -49.2163
102 102 -56.6017
102 102 -49.2163
102 102 -56.6017
102 102 -49.2163
102 102 -56.6017
102 102 -49.2163
102 102 -56.6017
102 102 -59.8635
102 102 -68.2564
102 102 -59.8635
102 102 -68.2564
102 102 -59.8635
102 102 -68.2564
102 102 -59.8635
102 102 -68.2564
102 102 -60.5397
102 102 -79.2058
102 102 -60.5397
102 102 -79.2058
102 102 -60.5397
102 102 -79.2058
102 102 -60.5397
102 102 -79.2058
102 102 -65.094
102 102 -67.5302
102 102 -65.094
102 102 -67.5302
102 102 -65.094
102 102 -67.5302
102 102 -65.094
102 102 -67.5302
102 102 -64.3886
102 102 -61.8181
102 102 -64.3886
102 102 -61.8181
102 102 -64.3886
102 102 -61.8181
102 102 -64.3886
102 102 -61.8181
102 102 -45.6232
102 102 -63.5813
102 102 -45.6232
102 102 -63.5813
102 102 -45.6232
102 102 -63.5813
102 102 -45.6232
102 102 -63.5813
102 102 -75.2966
102 102 -85.4392
102 102 -75.2966
102 102 -85.4392
102 102 -75.2966
102 102 -85.4392
102 102 -75.2966
102 102 -85.4392
102 102 -61.4985
102 102 -68.827
102 102 -61.4985
102 102 -68.827
102 102 -61.4985
102 102 -68.827
102 102 -61.4985
102 102 -68.827
102 102 -82.0904
102 102 -75.7811
102 102 -82.0904
102 102 -75.7811
102 102 -82.0904
102 102 -75.7811
102 102 -82.0904
102 102 -75.7811
102 102 -49.411
102 102 -62.3877
102 102 -49.411
102 102 -62.3877
102 102 -49.411
102 102 -62.3877
102 102 -49.411
102 102 -62.3877
102 102 -73.5939
102 102 -67.7552
102 102 -73.5939
102 102 -67.7552
102 102 -73.5939
102 102 -67.7552
102 102 -73.5939
102 102 -67.7552
102 102 -54.6654
102 102 -67.9476
102 102 -54.6654
102 102 -67.9476
102 102 -54.6654
102 102 -67.9476
102 102 -54.6654
102 102 -67.9476
102 102 -48.9313
102 102 -66.5266
102 102 -48.9313
102 102 -66.5266
102 102 -48.9313
102 102 -66.5266
102 102 -48.9313
102 102 -66.5266
102 102 -61.1514
102 102 -65.8766
102 102 -61.1514
102 102 -65.8766
102 102 -61.1514
102 102 -65.8766
102 102 -61.1514
102 102 -65.8766
102 102 -50.6774
102 102 -62.6952
102 102 -50.6774
102 102 -62.6952
102 102 -50.6774
102 102 -62.6952
102 102 -50.6774
102 102 -62.6952
102 102 -57.3566
102 102 -62.6141
102 102 -57.3566
102 102 -62.6141
102 102 -57.3566
102 102 -62.6141
102 102 -57.3566
102 102 -62.6141
102 102 -56.2815
102 102 -67.2718
102 102 -56.2815
102 102 -67.2718
102 102 -56.2815
102 102 -67.2718
102 102 -56.2815
102 102 -67.2718
102 102 -40.8563
102 102 -48.9878
102 102 -40.8563
102 102 -48.9878
102 102 -40.8563
102 102 -48.9878
102 102 -40.8563
102 102 -48.9878
102 102 -34.4009
102 102 -48.0784
102 102 -34.4009
102 102 -48.0784
102 102 -34.4009
102 102 -48.0784
102 102 -34.4009
102 102 -48.0784
102 102 -46.0405
102 102 -70.6621
102 102 -46.0405
102 102 -70.6621
102 102 -46.0405
102 102 -70.6621
102 102 -46.0405
102 102 -70.6621
102 102 -84.5286
102 102 -90.2622
102 102 -84.5286
102 102 -90.2622
102 102 -84.5286
102 102 -90.2622
102 102 -84.5286
102 102 -90.2622
102 102 -60.2823
102 102 -71.6169
102 102 -60.2823
102 102 -71.6169
102 102 -60.2823
102 102 -71.6169
102 102 -60.2823
102 102 -71.6169
102 102 -66.9511
102 102 -66.0422
102 102 -66.9511
102 102 -66.0422
102 102 -66.9511
102 102 -66.0422
102 102 -66.9511
102 102 -66.0422
102 102 -50.5318
102 102 -52.4242
102 102 -50.5318
102 102 -52.4242
102 102 -50.5318
102 102 -52.4242
102 102 -50.5318
102 102 -52.4242
103 103 -53.6353
103 103 -48.8871
103 103 -53.6353
103 103 -48.8871
103 103 -53.6353
103 103 -48.8871
103 103 -53.6353
103 103 -48.8871
103 103 -46.8301
103 103 -50.4176
103 103 -46.8301
103 103 -50.4176
103 103 -46.8301
103 103 -50.4176
103 103 -46.8301
103 103 -50.4176
103 103 -56.0761
103 103 -61.6684
103 103 -56.0761
103 103 -61.6684
103 103 -56.0761
103 103 -61.6684
103 103 -56.0761
103 103 -61.6684
103 103 -45.859
103 103 -61.0777
103 103 -45.859
103 103 -61.0777
103 103 -45.859
103 103 -61.0777
103 103 -45.859
103 103 -61.0777
103 103 -52.7374
103 103 -67.6993
103 103 -52.7374
103 103 -67.6993
103 103 -52.7374
103 103 -67.6993
103 103 -52.7374
103 103 -67.6993
103 103 -61.1498
103 103 -52.5797
103 103 -61.1498
103 103 -52.5797
103 103 -61.1498
103 103 -52.5797
103 103 -61.1498
103 103 -52.5797
103 103 -56.4303
103 103 -54.2447
103 103 -56.4303
103 103 -54.2447
103 103 -56.4303
103 103 -54.2447
103 103 -56.4303
103 103 -54.2447
103 103 -53.0772
103 103 -58.5954
103 103 -53.0772
103 103 -58.5954
103 103 -53.0772
103 103 -58.5954
103 103 -53.0772
103 103 -58.5954
103 103 -47.1069
103 103 -49.2152
103 103 -47.1069
103 103 -49.2152
103 103 -47.1069
103 103 -49.2152
103 103 -47.1069
103 103 -49.2152
103 103 -52.8687
103 103 -59.2741
103 103 -52.8687
103 103 -59.2741
103 103 -52.8687
103 103 -59.2741
103 103 -52.8687
103 103 -59.2741
103 103 -64.3398
103 103 -65.1183
103 103 -64.3398
103 103 -65.1183
103 103 -64.3398
103 103 -65.1183
103 103 -64.3398
103 103 -65.1183
103 103 -52.9541
103 103 -61.9707
103 103 -52.9541
103 103 -61.9707
103 103 -52.9541
103 103 -61.9707
103 103 -52.9541
103 103 -61.9707
103 103 -53.883
103 103 -55.3068
103 103 -53.883
103 103 -55.3068
103 103 -53.883
103 103 -55.3068
103 103 -53.883
103 103 -55.3068
103 103 -63.3568
103 103 -72.9677
103 103 -63.3568
103 103 -72.9677
103 103 -63.3568
103 103 -72.9677
103 103 -63.3568
103 103 -72.9677
103 103 -43.5462
103 103 -55.3422
103 103 -43.5462
103 103 -55.3422
103 103 -43.5462
103 103 -55.3422
103 103 -43.5462
103 103 -55.3422
103 103 -51.9214
103 103 -61.2916
103 103 -51.9214
103 103 -61.2916
103 103 -51.9214
103 103 -61.2916
103 103 -51.9214
103 103 -61.2916
103 103 -53.4272
103 103 -54.2784
103 103 -53.4272
103 103 -54.2784
103 103 -53.4272
103 103 -54.2784
103 103 -53.4272
103 103 -54.2784
103 103 -47.8465
103 103 -55.376
103 103 -47.8465
103 103 -55.376
103 103 -47.8465
103 103 -55.376
103 103 -47.8465
103 103 -55.376
103 103 -53.8107
103 103 -51.8482
103 103 -53.8107
103 103 -51.8482
103 103 -53.8107
103 103 -51.8482
103 103 -53.8107
103 103 -51.8482
103 103 -48.9178
103 103 -58.4078
103 103 -48.9178
103 103 -58.4078
103 103 -48.9178
103 103 -58.4078
103 103 -48.9178
103 103 -58.4078
103 103 -58.3255
103 103 -64.7534
103 103 -58.3255
103 103 -64.7534
103 103 -58.3255
103 103 -64.7534
103 103 -58.3255
103 103 -64.7534
103 103 -39.4907
103 103 -49.2202
103 103 -39.4907
103 103 -49.2202
103 103 -39.4907
103 103 -49.2202
103 103 -39.4907
103 103 -49.2202
103 103 -65.3968
103 103 -55.9599
103 103 -65.3968
103 103 -55.9599
103 103 -65.3968
103 103 -55.9599
103 103 -65.3968
103 103 -55.9599
103 103 -49.6922
103 103 -60.9149
103 103 -49.6922
103 103 -60.9149
103 103 -49.6922
103 103 -60.9149
103 103 -49.6922
103 103 -60.9149
103 103 -67.6541
103 103 -69.7062
103 103 -67.6541
103 103 -69.7062
103 103 -67.6541
103 103 -69.7062
103 103 -67.6541
103 103 -69.7062
103 103 -53.3649
103 103 -58.3501
103 103 -53.3649
103 103 -58.3501
103 103 -53.3649
103 103 -58.3501
103 103 -53.3649
103 103 -58.3501
103 103 -58.7954
103 103 -62.5473
103 103 -58.7954
103 103 -62.5473
103 103 -58.7954
103 103 -62.5473
103 103 -58.7954
103 103 -62.5473
104 104 -76.8158
104 104 -68.046
104 104 -76.8158
104 104 -68.046
104 104 -76.8158
104 104 -68.046
104 104 -76.8158
104 104 -68.046
104 104 -56.6758
104 104 -60.3925
104 104 -56.6758
104 104 -60.3925
104 104 -56.6758
104 104 -60.3925
104 104 -56.6758
104 104 -60.3925
104 104 -43.9789
104 104 -52.2336
104 104 -43.9789
104 104 -52.2336
104 104 -43.9789
104 104 -52.2336
104 104 -43.9789
104 104 -52.2336
104 104 -53.3805
104 104 -62.2819
104 104 -53.3805
104 104 -62.2819
104 104 -53.3805
104 104 -62.2819
104 104 -53.3805
104 104 -62.2819
104 104 -42.6596
104 104 -52.6514
104 104 -42.6596
104 104 -52.6514
104 104 -42.6596
104 104 -52.6514
104 104 -42.6596
104 104 -52.6514
104 104 -49.3072
104 104 -61.8138
104 104 -49.3072
104 104 -61.8138
104 104 -49.3072
104 104 -61.8138
104 104 -49.3072
104 104 -61.8138
104 104 -50.6412
104 104 -55.7277
104 104 -50.6412
104 104 -55.7277
104 104 -50.6412
104 104 -55.7277
104 104 -50.6412
104 104 -55.7277
104 104 -44.2814
104 104 -52.2578
104 104 -44.2814
104 104 -52.2578
104 104 -44.2814
104 104 -52.2578
104 104 -44.2814
104 104 -52.2578
104 104 -46.6113
104 104 -57.8615
104 104 -46.6113
104 104 -57.8615
104 104 -46.6113
104 104 -57.8615
104 104 -46.6113
104 104 -57.8615
104 104 -49.4287
104 104 -53.5605
104 104 -49.4287
104 104 -53.5605
104 104 -49.4287
104 104 -53.5605
104 104 -49.4287
104 104 -53.5605
104 104 -42.2129
104 104 -47.0472
104 104 -42.2129
104 104 -47.0472
104 104 -42.2129
104 104 -47.0472
104 104 -42.2129
104 104 -47.0472
104 104 -53.0865
104 104 -58.7291
104 104 -53.0865
104 104 -58.7291
104 104 -53.0865
104 104 -58.7291
104 104 -53.0865
104 104 -58.7291
104 104 -40.167
104 104 -44.4175
104 104 -40.167
104 104 -44.4175
104 104 -40.167
104 104 -44.4175
104 104 -40.167
104 104 -44.4175
104 104 -51.5493
104 104 -56.2462
104 104 -51.5493
104 104 -56.2462
104 104 -51.5493
104 104 -56.2462
104 104 -51.5493
104 104 -56.2462
104 104 -55.4956
104 104 -56.0359
104 104 -55.4956
104 104 -56.0359
104 104 -55.4956
104 104 -56.0359
104 104 -55.4956
104 104 -56.0359
104 104 -66.0214
104 104 -61.9216
104 104 -66.0214
104 104 -61.9216
104 104 -66.0214
104 104 -61.9216
104 104 -66.0214
104 104 -61.9216
104 104 -50.313
104 104 -52.5606
104 104 -50.313
104 104 -52.5606
104 104 -50.313
104 104 -52.5606
104 104 -50.313
104 104 -52.5606
104 104 -52.489
104 104 -58.1752
104 104 -52.489
104 104 -58.1752
104 104 -52.489
104 104 -58.1752
104 104 -52.489
104 104 -58.1752
104 104 -53.0702
104 104 -52.8069
104 104 -53.0702
104 104 -52.8069
104 104 -53.0702
104 104 -52.8069
104 104 -53.0702
104 104 -52.8069
104 104 -49.6139
104 104 -48.2537
104 104 -49.6139
104 104 -48.2537
104 104 -49.6139
104 104 -48.2537
104 104 -49.6139
104 104 -48.2537
104 104 -57.2122
104 104 -65.9051
104 104 -57.2122
104 104 -65.9051
104 104 -57.2122
104 104 -65.9051
104 104 -57.2122
104 104 -65.9051
104 104 -58.6373
104 104 -64.8365
104 104 -58.6373
104 104 -64.8365
104 104 -58.6373
104 104 -64.8365
104 104 -58.6373
104 104 -64.8365
104 104 -55.3903
104 104 -57.8097
104 104 -55.3903
104 104 -57.8097
104 104 -55.3903
104 104 -57.8097
104 104 -55.3903
104 104 -57.8097
104 104 -51.3469
104 104 -54.8535
104 104 -51.3469
104 104 -54.8535
104 104 -51.3469
104 104 -54.8535
104 104 -51.3469
104 104 -54.8535
104 104 -62.9693
104 104 -78.3867
104 104 -62.9693
104 104 -78.3867
104 104 -62.9693
104 104 -78.3867
104 104 -62.9693
104 104 -78.3867
104 104 -59.8496
104 104 -61.1009
104 104 -59.8496
104 104 -61.1009
104 104 -59.8496
104 104 -61.1009
104 104 -59.8496
104 104 -61.1009
104 104 -58.6161
104 104 -56.4591
104 104 -58.6161
104 104 -56.4591
104 104 -58.6161
104 104 -56.4591
104 104 -58.6161
104 104 -56.4591
104 104 -55.4673
104 104 -58.7819
104 104 -55.4673
104 104 -58.7819
104 104 -55.4673
104 104 -58.7819
104 104 -55.4673
104 104 -58.7819
