41 41 0.959173
41 41 0.841944
41 41 0.959173
41 41 0.841944
41 41 0.875009
41 41 0.830165
41 41 0.875009
41 41 0.830165
41 41 0.875236
41 41 0.866366
41 41 0.875236
41 41 0.866366
41 41 0.884276
41 41 0.953804
41 41 0.884276
41 41 0.953804
41 41 0.895949
41 41 0.885487
41 41 0.895949
41 41 0.885487
41 41 0.861254
41 41 0.940895
41 41 0.861254
41 41 0.940895
41 41 0.9418
41 41 0.895404
41 41 0.9418
41 41 0.895404
41 41 0.92019
41 41 0.8929
41 41 0.92019
41 41 0.8929
41 41 0.940295
41 41 0.884449
41 41 0.940295
41 41 0.884449
41 41 0.848612
41 41 0.855774
41 41 0.848612
41 41 0.855774
41 41 0.921866
41 41 0.888454
41 41 0.921866
41 41 0.888454
41 41 0.819124
41 41 0.928945
41 41 0.819124
41 41 0.928945
41 41 0.928048
41 41 0.899376
41 41 0.928048
41 41 0.899376
41 41 0.854694
41 41 0.880117
41 41 0.854694
41 41 0.880117
41 41 0.879977
41 41 0.87691
41 41 0.879977
41 41 0.87691
41 41 0.905376
41 41 0.922284
41 41 0.905376
41 41 0.922284
41 41 0.884805
41 41 0.920408
41 41 0.884805
41 41 0.920408
41 41 0.943698
41 41 0.891842
41 41 0.943698
41 41 0.891842
41 41 0.852774
41 41 0.989003
41 41 0.852774
41 41 0.989003
41 41 0.907151
41 41 0.910075
41 41 0.907151
41 41 0.910075
41 41 0.9047
41 41 0.926563
41 41 0.9047
41 41 0.926563
41 41 0.906964
41 41 0.831861
41 41 0.906964
41 41 0.831861
41 41 0.847671
41 41 0.933653
41 41 0.847671
41 41 0.933653
41 41 0.896582
41 41 0.891312
41 41 0.896582
41 41 0.891312
41 41 0.855016
41 41 0.942247
41 41 0.855016
41 41 0.942247
41 41 0.885147
41 41 0.891639
41 41 0.885147
41 41 0.891639
41 41 0.942925
41 41 0.905966
41 41 0.942925
41 41 0.905966
41 41 0.897468
41 41 0.846616
41 41 0.897468
41 41 0.846616
42 42 0.858757
42 42 0.898564
42 42 0.858757
42 42 0.898564
42 42 0.983564
42 42 0.950391
42 42 0.983564
42 42 0.950391
42 42 0.754282
42 42 0.845188
42 42 0.754282
42 42 0.845188
42 42 0.841469
42 42 0.891533
42 42 0.841469
42 42 0.891533
42 42 0.915985
42 42 0.892201
42 42 0.915985
42 42 0.892201
42 42 0.977214
42 42 0.95602
42 42 0.977214
42 42 0.95602
42 42 0.911882
42 42 0.903954
42 42 0.911882
42 42 0.903954
42 42 0.856274
42 42 0.9195
42 42 0.856274
42 42 0.9195
42 42 0.986062
42 42 0.952828
42 42 0.986062
42 42 0.952828
42 42 0.89873
42 42 0.872888
42 42 0.89873
42 42 0.872888
42 42 0.809999
42 42 0.815674
42 42 0.809999
42 42 0.815674
42 42 0.95582
42 42 0.982003
42 42 0.95582
42 42 0.982003
42 42 0.857845
42 42 0.878562
42 42 0.857845
42 42 0.878562
42 42 0.845875
42 42 0.83592
42 42 0.845875
42 42 0.83592
42 42 0.864632
42 42 0.868067
42 42 0.864632
42 42 0.868067
42 42 0.874217
42 42 0.928426
42 42 0.874217
42 42 0.928426
42 42 0.991381
42 42 0.967847
42 42 0.991381
42 42 0.967847
42 42 0.794644
42 42 0.811612
42 42 0.794644
42 42 0.811612
42 42 0.947368
42 42 0.938372
42 42 0.947368
42 42 0.938372
42 42 0.961602
42 42 0.948698
42 42 0.961602
42 42 0.948698
42 42 0.764201
42 42 0.851226
42 42 0.764201
42 42 0.851226
42 42 0.98231
42 42 0.951539
42 42 0.98231
42 42 0.951539
42 42 0.915123
42 42 0.971802
42 42 0.915123
42 42 0.971802
42 42 0.815547
42 42 0.836202
42 42 0.815547
42 42 0.836202
42 42 0.806035
42 42 0.856665
42 42 0.806035
42 42 0.856665
42 42 0.982066
42 42 0.977768
42 42 0.982066
42 42 0.977768
42 42 0.989648
42 42 0.959346
42 42 0.989648
42 42 0.959346
43 43 0.981245
43 43 0.986691
43 43 0.981245
43 43 0.986691
43 43 0.979921
43 43 0.987052
43 43 0.979921
43 43 0.987052
43 43 0.993709
43 43 0.994416
43 43 0.993709
43 43 0.994416
43 43 0.981122
43 43 0.989444
43 43 0.981122
43 43 0.989444
43 43 0.949216
43 43 0.946729
43 43 0.949216
43 43 0.946729
43 43 0.980207
43 43 0.98149
43 43 0.980207
43 43 0.98149
43 43 0.967293
43 43 0.976455
43 43 0.967293
43 43 0.976455
43 43 0.982634
43 43 0.990299
43 43 0.982634
43 43 0.990299
43 43 0.991078
43 43 0.995482
43 43 0.991078
43 43 0.995482
43 43 0.994442
43 43 0.996314
43 43 0.994442
43 43 0.996314
43 43 0.978804
43 43 0.984974
43 43 0.978804
43 43 0.984974
43 43 0.966646
43 43 0.970575
43 43 0.966646
43 43 0.970575
43 43 0.975995
43 43 0.982233
43 43 0.975995
43 43 0.982233
43 43 0.914954
43 43 0.920633
43 43 0.914954
43 43 0.920633
43 43 0.987953
43 43 0.989812
43 43 0.987953
43 43 0.989812
43 43 0.993945
43 43 0.996304
43 43 0.993945
43 43 0.996304
43 43 0.984606
43 43 0.98932
43 43 0.984606
43 43 0.98932
43 43 0.992851
43 43 0.993345
43 43 0.992851
43 43 0.993345
43 43 0.92991
43 43 0.932409
43 43 0.92991
43 43 0.932409
43 43 0.963736
43 43 0.968896
43 43 0.963736
43 43 0.968896
43 43 0.984153
43 43 0.989957
43 43 0.984153
43 43 0.989957
43 43 0.961746
43 43 0.969909
43 43 0.961746
43 43 0.969909
43 43 0.957637
43 43 0.956947
43 43 0.957637
43 43 0.956947
43 43 0.921075
43 43 0.925297
43 43 0.921075
43 43 0.925297
43 43 0.987373
43 43 0.993324
43 43 0.987373
43 43 0.993324
43 43 0.989178
43 43 0.990519
43 43 0.989178
43 43 0.990519
43 43 0.995136
43 43 0.995719
43 43 0.995136
43 43 0.995719
43 43 0.925724
43 43 0.928213
43 43 0.925724
43 43 0.928213
43 43 0.949248
43 43 0.945208
43 43 0.949248
43 43 0.945208
44 44 0.976045
44 44 0.977502
44 44 0.976045
44 44 0.977502
44 44 0.900622
44 44 0.900635
44 44 0.900622
44 44 0.900635
44 44 0.995099
44 44 0.996556
44 44 0.995099
44 44 0.996556
44 44 0.991455
44 44 0.993574
44 44 0.991455
44 44 0.993574
44 44 0.94373
44 44 0.944026
44 44 0.94373
44 44 0.944026
44 44 0.979606
44 44 0.98052
44 44 0.979606
44 44 0.98052
44 44 0.991996
44 44 0.994392
44 44 0.991996
44 44 0.994392
44 44 0.943219
44 44 0.944551
44 44 0.943219
44 44 0.944551
44 44 0.930568
44 44 0.930634
44 44 0.930568
44 44 0.930634
44 44 0.945483
44 44 0.948183
44 44 0.945483
44 44 0.948183
44 44 0.957812
44 44 0.958528
44 44 0.957812
44 44 0.958528
44 44 0.987231
44 44 0.99038
44 44 0.987231
44 44 0.99038
44 44 0.953019
44 44 0.95321
44 44 0.953019
44 44 0.95321
44 44 0.966693
44 44 0.965298
44 44 0.966693
44 44 0.965298
44 44 0.987733
44 44 0.990977
44 44 0.987733
44 44 0.990977
44 44 0.98924
44 44 0.990497
44 44 0.98924
44 44 0.990497
44 44 0.987238
44 44 0.988408
44 44 0.987238
44 44 0.988408
44 44 0.95576
44 44 0.960401
44 44 0.95576
44 44 0.960401
44 44 0.955887
44 44 0.95734
44 44 0.955887
44 44 0.95734
44 44 0.977624
44 44 0.979693
44 44 0.977624
44 44 0.979693
44 44 0.932565
44 44 0.932502
44 44 0.932565
44 44 0.932502
44 44 0.991599
44 44 0.993167
44 44 0.991599
44 44 0.993167
44 44 0.965318
44 44 0.967972
44 44 0.965318
44 44 0.967972
44 44 0.97328
44 44 0.975341
44 44 0.97328
44 44 0.975341
44 44 0.991169
44 44 0.993204
44 44 0.991169
44 44 0.993204
44 44 0.983416
44 44 0.986807
44 44 0.983416
44 44 0.986807
44 44 0.973533
44 44 0.973557
44 44 0.973533
44 44 0.973557
44 44 0.983765
44 44 0.987254
44 44 0.983765
44 44 0.987254
81 81 0.898914
81 81 0.961984
81 81 0.898914
81 81 0.961984
81 81 0.898914
81 81 0.961984
81 81 0.898914
81 81 0.961984
81 81 0.859537
81 81 0.958645
81 81 0.859537
81 81 0.958645
81 81 0.859537
81 81 0.958645
81 81 0.859537
81 81 0.958645
81 81 0.865198
81 81 0.954075
81 81 0.865198
81 81 0.954075
81 81 0.865198
81 81 0.954075
81 81 0.865198
81 81 0.954075
81 81 0.901687
81 81 0.967643
81 81 0.901687
81 81 0.967643
81 81 0.901687
81 81 0.967643
81 81 0.901687
81 81 0.967643
81 81 0.926224
81 81 0.85266
81 81 0.926224
81 81 0.85266
81 81 0.926224
81 81 0.85266
81 81 0.926224
81 81 0.85266
81 81 0.87439
81 81 0.917041
81 81 0.87439
81 81 0.917041
81 81 0.87439
81 81 0.917041
81 81 0.87439
81 81 0.917041
81 81 0.905278
81 81 0.948042
81 81 0.905278
81 81 0.948042
81 81 0.905278
81 81 0.948042
81 81 0.905278
81 81 0.948042
81 81 0.883005
81 81 0.961849
81 81 0.883005
81 81 0.961849
81 81 0.883005
81 81 0.961849
81 81 0.883005
81 81 0.961849
81 81 0.910166
81 81 0.9621
81 81 0.910166
81 81 0.9621
81 81 0.910166
81 81 0.9621
81 81 0.910166
81 81 0.9621
81 81 0.974383
81 81 0.886672
81 81 0.974383
81 81 0.886672
81 81 0.974383
81 81 0.886672
81 81 0.974383
81 81 0.886672
81 81 0.955891
81 81 0.812616
81 81 0.955891
81 81 0.812616
81 81 0.955891
81 81 0.812616
81 81 0.955891
81 81 0.812616
81 81 0.91892
81 81 0.971432
81 81 0.91892
81 81 0.971432
81 81 0.91892
81 81 0.971432
81 81 0.91892
81 81 0.971432
81 81 0.96506
81 81 0.904324
81 81 0.96506
81 81 0.904324
81 81 0.96506
81 81 0.904324
81 81 0.96506
81 81 0.904324
81 81 0.892591
81 81 0.965227
81 81 0.892591
81 81 0.965227
81 81 0.892591
81 81 0.965227
81 81 0.892591
81 81 0.965227
81 81 0.938683
81 81 0.91625
81 81 0.938683
81 81 0.91625
81 81 0.938683
81 81 0.91625
81 81 0.938683
81 81 0.91625
81 81 0.865667
81 81 0.970652
81 81 0.865667
81 81 0.970652
81 81 0.865667
81 81 0.970652
81 81 0.865667
81 81 0.970652
81 81 0.957442
81 81 0.884084
81 81 0.957442
81 81 0.884084
81 81 0.957442
81 81 0.884084
81 81 0.957442
81 81 0.884084
81 81 0.836453
81 81 0.921982
81 81 0.836453
81 81 0.921982
81 81 0.836453
81 81 0.921982
81 81 0.836453
81 81 0.921982
81 81 0.934844
81 81 0.757424
81 81 0.934844
81 81 0.757424
81 81 0.934844
81 81 0.757424
81 81 0.934844
81 81 0.757424
81 81 0.940899
81 81 0.801094
81 81 0.940899
81 81 0.801094
81 81 0.940899
81 81 0.801094
81 81 0.940899
81 81 0.801094
81 81 0.84146
81 81 0.957006
81 81 0.84146
81 81 0.957006
81 81 0.84146
81 81 0.957006
81 81 0.84146
81 81 0.957006
81 81 0.912201
81 81 0.951745
81 81 0.912201
81 81 0.951745
81 81 0.912201
81 81 0.951745
81 81 0.912201
81 81 0.951745
81 81 0.932108
81 81 0.949298
81 81 0.932108
81 81 0.949298
81 81 0.932108
81 81 0.949298
81 81 0.932108
81 81 0.949298
81 81 0.964486
81 81 0.796319
81 81 0.964486
81 81 0.796319
81 81 0.964486
81 81 0.796319
81 81 0.964486
81 81 0.796319
81 81 0.955212
81 81 0.794137
81 81 0.955212
81 81 0.794137
81 81 0.955212
81 81 0.794137
81 81 0.955212
81 81 0.794137
81 81 0.975
81 81 0.884187
81 81 0.975
81 81 0.884187
81 81 0.975
81 81 0.884187
81 81 0.975
81 81 0.884187
81 81 0.893657
81 81 0.959628
81 81 0.893657
81 81 0.959628
81 81 0.893657
81 81 0.959628
81 81 0.893657
81 81 0.959628
81 81 0.911929
81 81 0.960216
81 81 0.911929
81 81 0.960216
81 81 0.911929
81 81 0.960216
81 81 0.911929
81 81 0.960216
82 82 0.975302
82 82 0.976469
82 82 0.975302
82 82 0.976469
82 82 0.975302
82 82 0.976469
82 82 0.975302
82 82 0.976469
82 82 0.980653
82 82 0.936015
82 82 0.980653
82 82 0.936015
82 82 0.980653
82 82 0.936015
82 82 0.980653
82 82 0.936015
82 82 0.985041
82 82 0.958102
82 82 0.985041
82 82 0.958102
82 82 0.985041
82 82 0.958102
82 82 0.985041
82 82 0.958102
82 82 0.961995
82 82 0.973835
82 82 0.961995
82 82 0.973835
82 82 0.961995
82 82 0.973835
82 82 0.961995
82 82 0.973835
82 82 0.874367
82 82 0.911731
82 82 0.874367
82 82 0.911731
82 82 0.874367
82 82 0.911731
82 82 0.874367
82 82 0.911731
82 82 0.973896
82 82 0.965319
82 82 0.973896
82 82 0.965319
82 82 0.973896
82 82 0.965319
82 82 0.973896
82 82 0.965319
82 82 0.974811
82 82 0.93027
82 82 0.974811
82 82 0.93027
82 82 0.974811
82 82 0.93027
82 82 0.974811
82 82 0.93027
82 82 0.990839
82 82 0.954055
82 82 0.990839
82 82 0.954055
82 82 0.990839
82 82 0.954055
82 82 0.990839
82 82 0.954055
82 82 0.905842
82 82 0.928517
82 82 0.905842
82 82 0.928517
82 82 0.905842
82 82 0.928517
82 82 0.905842
82 82 0.928517
82 82 0.982863
82 82 0.965492
82 82 0.982863
82 82 0.965492
82 82 0.982863
82 82 0.965492
82 82 0.982863
82 82 0.965492
82 82 0.973566
82 82 0.928875
82 82 0.973566
82 82 0.928875
82 82 0.973566
82 82 0.928875
82 82 0.973566
82 82 0.928875
82 82 0.953355
82 82 0.91671
82 82 0.953355
82 82 0.91671
82 82 0.953355
82 82 0.91671
82 82 0.953355
82 82 0.91671
82 82 0.966814
82 82 0.961901
82 82 0.966814
82 82 0.961901
82 82 0.966814
82 82 0.961901
82 82 0.966814
82 82 0.961901
82 82 0.973375
82 82 0.979911
82 82 0.973375
82 82 0.979911
82 82 0.973375
82 82 0.979911
82 82 0.973375
82 82 0.979911
82 82 0.981892
82 82 0.961275
82 82 0.981892
82 82 0.961275
82 82 0.981892
82 82 0.961275
82 82 0.981892
82 82 0.961275
82 82 0.96168
82 82 0.945009
82 82 0.96168
82 82 0.945009
82 82 0.96168
82 82 0.945009
82 82 0.96168
82 82 0.945009
82 82 0.913646
82 82 0.873087
82 82 0.913646
82 82 0.873087
82 82 0.913646
82 82 0.873087
82 82 0.913646
82 82 0.873087
82 82 0.979313
82 82 0.965722
82 82 0.979313
82 82 0.965722
82 82 0.979313
82 82 0.965722
82 82 0.979313
82 82 0.965722
82 82 0.854554
82 82 0.900725
82 82 0.854554
82 82 0.900725
82 82 0.854554
82 82 0.900725
82 82 0.854554
82 82 0.900725
82 82 0.975893
82 82 0.965336
82 82 0.975893
82 82 0.965336
82 82 0.975893
82 82 0.965336
82 82 0.975893
82 82 0.965336
82 82 0.868108
82 82 0.902908
82 82 0.868108
82 82 0.902908
82 82 0.868108
82 82 0.902908
82 82 0.868108
82 82 0.902908
82 82 0.869084
82 82 0.913196
82 82 0.869084
82 82 0.913196
82 82 0.869084
82 82 0.913196
82 82 0.869084
82 82 0.913196
82 82 0.987414
82 82 0.951335
82 82 0.987414
82 82 0.951335
82 82 0.987414
82 82 0.951335
82 82 0.987414
82 82 0.951335
82 82 0.8922
82 82 0.898484
82 82 0.8922
82 82 0.898484
82 82 0.8922
82 82 0.898484
82 82 0.8922
82 82 0.898484
82 82 0.944172
82 82 0.917406
82 82 0.944172
82 82 0.917406
82 82 0.944172
82 82 0.917406
82 82 0.944172
82 82 0.917406
82 82 0.964193
82 82 0.954442
82 82 0.964193
82 82 0.954442
82 82 0.964193
82 82 0.954442
82 82 0.964193
82 82 0.954442
82 82 0.980429
82 82 0.956231
82 82 0.980429
82 82 0.956231
82 82 0.980429
82 82 0.956231
82 82 0.980429
82 82 0.956231
83 83 0.994095
83 83 0.995418
83 83 0.994095
83 83 0.995418
83 83 0.994095
83 83 0.995418
83 83 0.994095
83 83 0.995418
83 83 0.978568
83 83 0.957512
83 83 0.978568
83 83 0.957512
83 83 0.978568
83 83 0.957512
83 83 0.978568
83 83 0.957512
83 83 0.991832
83 83 0.989924
83 83 0.991832
83 83 0.989924
83 83 0.991832
83 83 0.989924
83 83 0.991832
83 83 0.989924
83 83 0.9923
83 83 0.984579
83 83 0.9923
83 83 0.984579
83 83 0.9923
83 83 0.984579
83 83 0.9923
83 83 0.984579
83 83 0.992066
83 83 0.989882
83 83 0.992066
83 83 0.989882
83 83 0.992066
83 83 0.989882
83 83 0.992066
83 83 0.989882
83 83 0.996306
83 83 0.989346
83 83 0.996306
83 83 0.989346
83 83 0.996306
83 83 0.989346
83 83 0.996306
83 83 0.989346
83 83 0.993956
83 83 0.996157
83 83 0.993956
83 83 0.996157
83 83 0.993956
83 83 0.996157
83 83 0.993956
83 83 0.996157
83 83 0.995732
83 83 0.994985
83 83 0.995732
83 83 0.994985
83 83 0.995732
83 83 0.994985
83 83 0.995732
83 83 0.994985
83 83 0.995982
83 83 0.992956
83 83 0.995982
83 83 0.992956
83 83 0.995982
83 83 0.992956
83 83 0.995982
83 83 0.992956
83 83 0.987003
83 83 0.982996
83 83 0.987003
83 83 0.982996
83 83 0.987003
83 83 0.982996
83 83 0.987003
83 83 0.982996
83 83 0.99619
83 83 0.992579
83 83 0.99619
83 83 0.992579
83 83 0.99619
83 83 0.992579
83 83 0.99619
83 83 0.992579
83 83 0.999306
83 83 0.987728
83 83 0.999306
83 83 0.987728
83 83 0.999306
83 83 0.987728
83 83 0.999306
83 83 0.987728
83 83 0.985595
83 83 0.981929
83 83 0.985595
83 83 0.981929
83 83 0.985595
83 83 0.981929
83 83 0.985595
83 83 0.981929
83 83 0.994773
83 83 0.99511
83 83 0.994773
83 83 0.99511
83 83 0.994773
83 83 0.99511
83 83 0.994773
83 83 0.99511
83 83 0.981301
83 83 0.972315
83 83 0.981301
83 83 0.972315
83 83 0.981301
83 83 0.972315
83 83 0.981301
83 83 0.972315
83 83 0.988081
83 83 0.985419
83 83 0.988081
83 83 0.985419
83 83 0.988081
83 83 0.985419
83 83 0.988081
83 83 0.985419
83 83 0.997768
83 83 0.98717
83 83 0.997768
83 83 0.98717
83 83 0.997768
83 83 0.98717
83 83 0.997768
83 83 0.98717
83 83 0.990609
83 83 0.991273
83 83 0.990609
83 83 0.991273
83 83 0.990609
83 83 0.991273
83 83 0.990609
83 83 0.991273
83 83 0.994181
83 83 0.986423
83 83 0.994181
83 83 0.986423
83 83 0.994181
83 83 0.986423
83 83 0.994181
83 83 0.986423
83 83 0.990671
83 83 0.98478
83 83 0.990671
83 83 0.98478
83 83 0.990671
83 83 0.98478
83 83 0.990671
83 83 0.98478
83 83 0.992999
83 83 0.986306
83 83 0.992999
83 83 0.986306
83 83 0.992999
83 83 0.986306
83 83 0.992999
83 83 0.986306
83 83 0.998224
83 83 0.988748
83 83 0.998224
83 83 0.988748
83 83 0.998224
83 83 0.988748
83 83 0.998224
83 83 0.988748
83 83 0.990344
83 83 0.991855
83 83 0.990344
83 83 0.991855
83 83 0.990344
83 83 0.991855
83 83 0.990344
83 83 0.991855
83 83 0.996577
83 83 0.993981
83 83 0.996577
83 83 0.993981
83 83 0.996577
83 83 0.993981
83 83 0.996577
83 83 0.993981
83 83 0.992698
83 83 0.993902
83 83 0.992698
83 83 0.993902
83 83 0.992698
83 83 0.993902
83 83 0.992698
83 83 0.993902
83 83 0.992546
83 83 0.989798
83 83 0.992546
83 83 0.989798
83 83 0.992546
83 83 0.989798
83 83 0.992546
83 83 0.989798
83 83 0.996198
83 83 0.993191
83 83 0.996198
83 83 0.993191
83 83 0.996198
83 83 0.993191
83 83 0.996198
83 83 0.993191
83 83 0.992698
83 83 0.992533
83 83 0.992698
83 83 0.992533
83 83 0.992698
83 83 0.992533
83 83 0.992698
83 83 0.992533
84 84 0.98844
84 84 0.932393
84 84 0.98844
84 84 0.932393
84 84 0.98844
84 84 0.932393
84 84 0.98844
84 84 0.932393
84 84 0.894239
84 84 0.962852
84 84 0.894239
84 84 0.962852
84 84 0.894239
84 84 0.962852
84 84 0.894239
84 84 0.962852
84 84 0.96379
84 84 0.878486
84 84 0.96379
84 84 0.878486
84 84 0.96379
84 84 0.878486
84 84 0.96379
84 84 0.878486
84 84 0.938315
84 84 0.921725
84 84 0.938315
84 84 0.921725
84 84 0.938315
84 84 0.921725
84 84 0.938315
84 84 0.921725
84 84 0.962455
84 84 0.864769
84 84 0.962455
84 84 0.864769
84 84 0.962455
84 84 0.864769
84 84 0.962455
84 84 0.864769
84 84 0.973926
84 84 0.859458
84 84 0.973926
84 84 0.859458
84 84 0.973926
84 84 0.859458
84 84 0.973926
84 84 0.859458
84 84 0.951133
84 84 0.955226
84 84 0.951133
84 84 0.955226
84 84 0.951133
84 84 0.955226
84 84 0.951133
84 84 0.955226
84 84 0.926598
84 84 0.938937
84 84 0.926598
84 84 0.938937
84 84 0.926598
84 84 0.938937
84 84 0.926598
84 84 0.938937
84 84 0.930988
84 84 0.925975
84 84 0.930988
84 84 0.925975
84 84 0.930988
84 84 0.925975
84 84 0.930988
84 84 0.925975
84 84 0.946709
84 84 0.962598
84 84 0.946709
84 84 0.962598
84 84 0.946709
84 84 0.962598
84 84 0.946709
84 84 0.962598
84 84 0.966305
84 84 0.932459
84 84 0.966305
84 84 0.932459
84 84 0.966305
84 84 0.932459
84 84 0.966305
84 84 0.932459
84 84 0.880166
84 84 0.928256
84 84 0.880166
84 84 0.928256
84 84 0.880166
84 84 0.928256
84 84 0.880166
84 84 0.928256
84 84 0.961856
84 84 0.905803
84 84 0.961856
84 84 0.905803
84 84 0.961856
84 84 0.905803
84 84 0.961856
84 84 0.905803
84 84 0.969626
84 84 0.86614
84 84 0.969626
84 84 0.86614
84 84 0.969626
84 84 0.86614
84 84 0.969626
84 84 0.86614
84 84 0.938681
84 84 0.939965
84 84 0.938681
84 84 0.939965
84 84 0.938681
84 84 0.939965
84 84 0.938681
84 84 0.939965
84 84 0.882303
84 84 0.955936
84 84 0.882303
84 84 0.955936
84 84 0.882303
84 84 0.955936
84 84 0.882303
84 84 0.955936
84 84 0.943246
84 84 0.936846
84 84 0.943246
84 84 0.936846
84 84 0.943246
84 84 0.936846
84 84 0.943246
84 84 0.936846
84 84 0.874633
84 84 0.91958
84 84 0.874633
84 84 0.91958
84 84 0.874633
84 84 0.91958
84 84 0.874633
84 84 0.91958
84 84 0.968971
84 84 0.911308
84 84 0.968971
84 84 0.911308
84 84 0.968971
84 84 0.911308
84 84 0.968971
84 84 0.911308
84 84 0.83749
84 84 0.880041
84 84 0.83749
84 84 0.880041
84 84 0.83749
84 84 0.880041
84 84 0.83749
84 84 0.880041
84 84 0.964299
84 84 0.869732
84 84 0.964299
84 84 0.869732
84 84 0.964299
84 84 0.869732
84 84 0.964299
84 84 0.869732
84 84 0.922089
84 84 0.963685
84 84 0.922089
84 84 0.963685
84 84 0.922089
84 84 0.963685
84 84 0.922089
84 84 0.963685
84 84 0.875659
84 84 0.913248
84 84 0.875659
84 84 0.913248
84 84 0.875659
84 84 0.913248
84 84 0.875659
84 84 0.913248
84 84 0.91416
84 84 0.956171
84 84 0.91416
84 84 0.956171
84 84 0.91416
84 84 0.956171
84 84 0.91416
84 84 0.956171
84 84 0.871814
84 84 0.966003
84 84 0.871814
84 84 0.966003
84 84 0.871814
84 84 0.966003
84 84 0.871814
84 84 0.966003
84 84 0.952003
84 84 0.94439
84 84 0.952003
84 84 0.94439
84 84 0.952003
84 84 0.94439
84 84 0.952003
84 84 0.94439
84 84 0.990189
84 84 0.886227
84 84 0.990189
84 84 0.886227
84 84 0.990189
84 84 0.886227
84 84 0.990189
84 84 0.886227
84 84 0.884706
84 84 0.93556
84 84 0.884706
84 84 0.93556
84 84 0.884706
84 84 0.93556
84 84 0.884706
84 84 0.93556
