41 41 0.850104
41 41 0.810622
41 41 0.850104
41 41 0.810622
41 41 0.624889
41 41 0.582963
41 41 0.624889
41 41 0.582963
41 41 0.654807
41 41 0.636047
41 41 0.654807
41 41 0.636047
41 41 0.660077
41 41 0.591549
41 41 0.660077
41 41 0.591549
41 41 0.802362
41 41 0.755965
41 41 0.802362
41 41 0.755965
41 41 0.700303
41 41 0.646326
41 41 0.700303
41 41 0.646326
41 41 0.769747
41 41 0.685829
41 41 0.769747
41 41 0.685829
41 41 0.587218
41 41 0.671126
41 41 0.587218
41 41 0.671126
41 41 0.724653
41 41 0.726483
41 41 0.724653
41 41 0.726483
41 41 0.697797
41 41 0.663018
41 41 0.697797
41 41 0.663018
41 41 0.676065
41 41 0.688914
41 41 0.676065
41 41 0.688914
41 41 0.704786
41 41 0.650263
41 41 0.704786
41 41 0.650263
41 41 0.673193
41 41 0.67812
41 41 0.673193
41 41 0.67812
41 41 0.678417
41 41 0.608871
41 41 0.678417
41 41 0.608871
41 41 0.612515
41 41 0.674153
41 41 0.612515
41 41 0.674153
41 41 0.754026
41 41 0.728968
41 41 0.754026
41 41 0.728968
41 41 0.764989
41 41 0.703053
41 41 0.764989
41 41 0.703053
41 41 0.813596
41 41 0.826276
41 41 0.813596
41 41 0.826276
41 41 0.711465
41 41 0.641131
41 41 0.711465
41 41 0.641131
41 41 0.841943
41 41 0.81033
41 41 0.841943
41 41 0.81033
41 41 0.814967
41 41 0.803306
41 41 0.814967
41 41 0.803306
41 41 0.857284
41 41 0.799027
41 41 0.857284
41 41 0.799027
41 41 0.658813
41 41 0.649202
41 41 0.658813
41 41 0.649202
41 41 0.806295
41 41 0.763712
41 41 0.806295
41 41 0.763712
41 41 0.877761
41 41 0.893971
41 41 0.877761
41 41 0.893971
41 41 0.677561
41 41 0.70837
41 41 0.677561
41 41 0.70837
41 41 0.733837
41 41 0.704099
41 41 0.733837
41 41 0.704099
41 41 0.76884
41 41 0.785441
41 41 0.76884
41 41 0.785441
42 42 0.622661
42 42 0.694164
42 42 0.622661
42 42 0.694164
42 42 0.741919
42 42 0.825306
42 42 0.741919
42 42 0.825306
42 42 0.707409
42 42 0.697109
42 42 0.707409
42 42 0.697109
42 42 0.636122
42 42 0.638944
42 42 0.636122
42 42 0.638944
42 42 0.738803
42 42 0.738478
42 42 0.738803
42 42 0.738478
42 42 0.818354
42 42 0.765105
42 42 0.818354
42 42 0.765105
42 42 0.671896
42 42 0.658282
42 42 0.671896
42 42 0.658282
42 42 0.754354
42 42 0.82077
42 42 0.754354
42 42 0.82077
42 42 0.64105
42 42 0.617384
42 42 0.64105
42 42 0.617384
42 42 0.643492
42 42 0.727536
42 42 0.643492
42 42 0.727536
42 42 0.53655
42 42 0.55078
42 42 0.53655
42 42 0.55078
42 42 0.784529
42 42 0.76564
42 42 0.784529
42 42 0.76564
42 42 0.806396
42 42 0.786271
42 42 0.806396
42 42 0.786271
42 42 0.547038
42 42 0.551951
42 42 0.547038
42 42 0.551951
42 42 0.768523
42 42 0.7978
42 42 0.768523
42 42 0.7978
42 42 0.865336
42 42 0.839931
42 42 0.865336
42 42 0.839931
42 42 0.746715
42 42 0.794058
42 42 0.746715
42 42 0.794058
42 42 0.645609
42 42 0.66272
42 42 0.645609
42 42 0.66272
42 42 0.700281
42 42 0.738479
42 42 0.700281
42 42 0.738479
42 42 0.660117
42 42 0.731864
42 42 0.660117
42 42 0.731864
42 42 0.687514
42 42 0.721787
42 42 0.687514
42 42 0.721787
42 42 0.758978
42 42 0.742441
42 42 0.758978
42 42 0.742441
42 42 0.799813
42 42 0.846146
42 42 0.799813
42 42 0.846146
42 42 0.325104
42 42 0.356111
42 42 0.325104
42 42 0.356111
42 42 0.633293
42 42 0.53558
42 42 0.633293
42 42 0.53558
42 42 0.782531
42 42 0.767736
42 42 0.782531
42 42 0.767736
42 42 0.736568
42 42 0.748657
42 42 0.736568
42 42 0.748657
43 43 0.80328
43 43 0.762118
43 43 0.80328
43 43 0.762118
43 43 0.634537
43 43 0.638572
43 43 0.634537
43 43 0.638572
43 43 0.795535
43 43 0.811239
43 43 0.795535
43 43 0.811239
43 43 0.734014
43 43 0.753499
43 43 0.734014
43 43 0.753499
43 43 0.81947
43 43 0.892752
43 43 0.81947
43 43 0.892752
43 43 0.796637
43 43 0.892121
43 43 0.796637
43 43 0.892121
43 43 0.634501
43 43 0.616938
43 43 0.634501
43 43 0.616938
43 43 0.857024
43 43 0.837379
43 43 0.857024
43 43 0.837379
43 43 0.857614
43 43 0.886607
43 43 0.857614
43 43 0.886607
43 43 0.775985
43 43 0.701168
43 43 0.775985
43 43 0.701168
43 43 0.63399
43 43 0.645976
43 43 0.63399
43 43 0.645976
43 43 0.710876
43 43 0.736662
43 43 0.710876
43 43 0.736662
43 43 0.632105
43 43 0.588623
43 43 0.632105
43 43 0.588623
43 43 0.74974
43 43 0.796602
43 43 0.74974
43 43 0.796602
43 43 0.869586
43 43 0.91651
43 43 0.869586
43 43 0.91651
43 43 0.816593
43 43 0.849354
43 43 0.816593
43 43 0.849354
43 43 0.858083
43 43 0.884301
43 43 0.858083
43 43 0.884301
43 43 0.848671
43 43 0.863266
43 43 0.848671
43 43 0.863266
43 43 0.621825
43 43 0.563792
43 43 0.621825
43 43 0.563792
43 43 0.825855
43 43 0.785231
43 43 0.825855
43 43 0.785231
43 43 0.836195
43 43 0.838631
43 43 0.836195
43 43 0.838631
43 43 0.821908
43 43 0.88508
43 43 0.821908
43 43 0.88508
43 43 0.800489
43 43 0.809446
43 43 0.800489
43 43 0.809446
43 43 0.563936
43 43 0.601152
43 43 0.563936
43 43 0.601152
43 43 0.836625
43 43 0.887441
43 43 0.836625
43 43 0.887441
43 43 0.874626
43 43 0.921146
43 43 0.874626
43 43 0.921146
43 43 0.744513
43 43 0.64261
43 43 0.744513
43 43 0.64261
43 43 0.783988
43 43 0.784791
43 43 0.783988
43 43 0.784791
43 43 0.528793
43 43 0.594194
43 43 0.528793
43 43 0.594194
44 44 0.712324
44 44 0.69486
44 44 0.712324
44 44 0.69486
44 44 0.733302
44 44 0.737494
44 44 0.733302
44 44 0.737494
44 44 0.867015
44 44 0.860542
44 44 0.867015
44 44 0.860542
44 44 0.848079
44 44 0.886541
44 44 0.848079
44 44 0.886541
44 44 0.581974
44 44 0.55349
44 44 0.581974
44 44 0.55349
44 44 0.819845
44 44 0.8383
44 44 0.819845
44 44 0.8383
44 44 0.76066
44 44 0.787349
44 44 0.76066
44 44 0.787349
44 44 0.860184
44 44 0.839836
44 44 0.860184
44 44 0.839836
44 44 0.701933
44 44 0.703421
44 44 0.701933
44 44 0.703421
44 44 0.621956
44 44 0.643556
44 44 0.621956
44 44 0.643556
44 44 0.758635
44 44 0.781434
44 44 0.758635
44 44 0.781434
44 44 0.745714
44 44 0.722595
44 44 0.745714
44 44 0.722595
44 44 0.783795
44 44 0.77453
44 44 0.783795
44 44 0.77453
44 44 0.566571
44 44 0.541162
44 44 0.566571
44 44 0.541162
44 44 0.686897
44 44 0.682514
44 44 0.686897
44 44 0.682514
44 44 0.822759
44 44 0.797723
44 44 0.822759
44 44 0.797723
44 44 0.788158
44 44 0.785039
44 44 0.788158
44 44 0.785039
44 44 0.725853
44 44 0.752851
44 44 0.725853
44 44 0.752851
44 44 0.774319
44 44 0.77146
44 44 0.774319
44 44 0.77146
44 44 0.778471
44 44 0.799691
44 44 0.778471
44 44 0.799691
44 44 0.698375
44 44 0.748131
44 44 0.698375
44 44 0.748131
44 44 0.834166
44 44 0.813348
44 44 0.834166
44 44 0.813348
44 44 0.707214
44 44 0.691963
44 44 0.707214
44 44 0.691963
44 44 0.845667
44 44 0.873941
44 44 0.845667
44 44 0.873941
44 44 0.813679
44 44 0.827062
44 44 0.813679
44 44 0.827062
44 44 0.882843
44 44 0.89791
44 44 0.882843
44 44 0.89791
44 44 0.830663
44 44 0.811666
44 44 0.830663
44 44 0.811666
44 44 0.630035
44 44 0.591883
44 44 0.630035
44 44 0.591883
81 81 0.679076
81 81 0.687119
81 81 0.679076
81 81 0.687119
81 81 0.679076
81 81 0.687119
81 81 0.679076
81 81 0.687119
81 81 0.780591
81 81 0.77627
81 81 0.780591
81 81 0.77627
81 81 0.780591
81 81 0.77627
81 81 0.780591
81 81 0.77627
81 81 0.79271
81 81 0.817501
81 81 0.79271
81 81 0.817501
81 81 0.79271
81 81 0.817501
81 81 0.79271
81 81 0.817501
81 81 0.942916
81 81 0.958892
81 81 0.942916
81 81 0.958892
81 81 0.942916
81 81 0.958892
81 81 0.942916
81 81 0.958892
81 81 0.793722
81 81 0.76365
81 81 0.793722
81 81 0.76365
81 81 0.793722
81 81 0.76365
81 81 0.793722
81 81 0.76365
81 81 0.83575
81 81 0.788655
81 81 0.83575
81 81 0.788655
81 81 0.83575
81 81 0.788655
81 81 0.83575
81 81 0.788655
81 81 0.682026
81 81 0.687555
81 81 0.682026
81 81 0.687555
81 81 0.682026
81 81 0.687555
81 81 0.682026
81 81 0.687555
81 81 0.768516
81 81 0.753709
81 81 0.768516
81 81 0.753709
81 81 0.768516
81 81 0.753709
81 81 0.768516
81 81 0.753709
81 81 0.802556
81 81 0.758092
81 81 0.802556
81 81 0.758092
81 81 0.802556
81 81 0.758092
81 81 0.802556
81 81 0.758092
81 81 0.927167
81 81 0.884622
81 81 0.927167
81 81 0.884622
81 81 0.927167
81 81 0.884622
81 81 0.927167
81 81 0.884622
81 81 0.801613
81 81 0.767216
81 81 0.801613
81 81 0.767216
81 81 0.801613
81 81 0.767216
81 81 0.801613
81 81 0.767216
81 81 0.769189
81 81 0.749645
81 81 0.769189
81 81 0.749645
81 81 0.769189
81 81 0.749645
81 81 0.769189
81 81 0.749645
81 81 0.754655
81 81 0.715042
81 81 0.754655
81 81 0.715042
81 81 0.754655
81 81 0.715042
81 81 0.754655
81 81 0.715042
81 81 0.663555
81 81 0.651312
81 81 0.663555
81 81 0.651312
81 81 0.663555
81 81 0.651312
81 81 0.663555
81 81 0.651312
81 81 0.870083
81 81 0.841347
81 81 0.870083
81 81 0.841347
81 81 0.870083
81 81 0.841347
81 81 0.870083
81 81 0.841347
81 81 0.928759
81 81 0.910003
81 81 0.928759
81 81 0.910003
81 81 0.928759
81 81 0.910003
81 81 0.928759
81 81 0.910003
81 81 0.874933
81 81 0.860142
81 81 0.874933
81 81 0.860142
81 81 0.874933
81 81 0.860142
81 81 0.874933
81 81 0.860142
81 81 0.891872
81 81 0.84207
81 81 0.891872
81 81 0.84207
81 81 0.891872
81 81 0.84207
81 81 0.891872
81 81 0.84207
81 81 0.860969
81 81 0.814574
81 81 0.860969
81 81 0.814574
81 81 0.860969
81 81 0.814574
81 81 0.860969
81 81 0.814574
81 81 0.740167
81 81 0.687674
81 81 0.740167
81 81 0.687674
81 81 0.740167
81 81 0.687674
81 81 0.740167
81 81 0.687674
81 81 0.889863
81 81 0.854672
81 81 0.889863
81 81 0.854672
81 81 0.889863
81 81 0.854672
81 81 0.889863
81 81 0.854672
81 81 0.85236
81 81 0.824386
81 81 0.85236
81 81 0.824386
81 81 0.85236
81 81 0.824386
81 81 0.85236
81 81 0.824386
81 81 0.862811
81 81 0.834447
81 81 0.862811
81 81 0.834447
81 81 0.862811
81 81 0.834447
81 81 0.862811
81 81 0.834447
81 81 0.839555
81 81 0.803021
81 81 0.839555
81 81 0.803021
81 81 0.839555
81 81 0.803021
81 81 0.839555
81 81 0.803021
81 81 0.673329
81 81 0.635243
81 81 0.673329
81 81 0.635243
81 81 0.673329
81 81 0.635243
81 81 0.673329
81 81 0.635243
81 81 0.807564
81 81 0.794715
81 81 0.807564
81 81 0.794715
81 81 0.807564
81 81 0.794715
81 81 0.807564
81 81 0.794715
81 81 0.887358
81 81 0.862939
81 81 0.887358
81 81 0.862939
81 81 0.887358
81 81 0.862939
81 81 0.887358
81 81 0.862939
81 81 0.885622
81 81 0.865798
81 81 0.885622
81 81 0.865798
81 81 0.885622
81 81 0.865798
81 81 0.885622
81 81 0.865798
82 82 0.831562
82 82 0.834469
82 82 0.831562
82 82 0.834469
82 82 0.831562
82 82 0.834469
82 82 0.831562
82 82 0.834469
82 82 0.876853
82 82 0.876785
82 82 0.876853
82 82 0.876785
82 82 0.876853
82 82 0.876785
82 82 0.876853
82 82 0.876785
82 82 0.823263
82 82 0.831058
82 82 0.823263
82 82 0.831058
82 82 0.823263
82 82 0.831058
82 82 0.823263
82 82 0.831058
82 82 0.774971
82 82 0.815335
82 82 0.774971
82 82 0.815335
82 82 0.774971
82 82 0.815335
82 82 0.774971
82 82 0.815335
82 82 0.810169
82 82 0.783347
82 82 0.810169
82 82 0.783347
82 82 0.810169
82 82 0.783347
82 82 0.810169
82 82 0.783347
82 82 0.762148
82 82 0.813265
82 82 0.762148
82 82 0.813265
82 82 0.762148
82 82 0.813265
82 82 0.762148
82 82 0.813265
82 82 0.687527
82 82 0.735419
82 82 0.687527
82 82 0.735419
82 82 0.687527
82 82 0.735419
82 82 0.687527
82 82 0.735419
82 82 0.867845
82 82 0.89054
82 82 0.867845
82 82 0.89054
82 82 0.867845
82 82 0.89054
82 82 0.867845
82 82 0.89054
82 82 0.873897
82 82 0.878395
82 82 0.873897
82 82 0.878395
82 82 0.873897
82 82 0.878395
82 82 0.873897
82 82 0.878395
82 82 0.72245
82 82 0.796026
82 82 0.72245
82 82 0.796026
82 82 0.72245
82 82 0.796026
82 82 0.72245
82 82 0.796026
82 82 0.62239
82 82 0.663534
82 82 0.62239
82 82 0.663534
82 82 0.62239
82 82 0.663534
82 82 0.62239
82 82 0.663534
82 82 0.716061
82 82 0.728733
82 82 0.716061
82 82 0.728733
82 82 0.716061
82 82 0.728733
82 82 0.716061
82 82 0.728733
82 82 0.82707
82 82 0.843103
82 82 0.82707
82 82 0.843103
82 82 0.82707
82 82 0.843103
82 82 0.82707
82 82 0.843103
82 82 0.905305
82 82 0.935954
82 82 0.905305
82 82 0.935954
82 82 0.905305
82 82 0.935954
82 82 0.905305
82 82 0.935954
82 82 0.777745
82 82 0.823113
82 82 0.777745
82 82 0.823113
82 82 0.777745
82 82 0.823113
82 82 0.777745
82 82 0.823113
82 82 0.66022
82 82 0.684019
82 82 0.66022
82 82 0.684019
82 82 0.66022
82 82 0.684019
82 82 0.66022
82 82 0.684019
82 82 0.734854
82 82 0.74709
82 82 0.734854
82 82 0.74709
82 82 0.734854
82 82 0.74709
82 82 0.734854
82 82 0.74709
82 82 0.640375
82 82 0.66844
82 82 0.640375
82 82 0.66844
82 82 0.640375
82 82 0.66844
82 82 0.640375
82 82 0.66844
82 82 0.820962
82 82 0.85372
82 82 0.820962
82 82 0.85372
82 82 0.820962
82 82 0.85372
82 82 0.820962
82 82 0.85372
82 82 0.672477
82 82 0.730393
82 82 0.672477
82 82 0.730393
82 82 0.672477
82 82 0.730393
82 82 0.672477
82 82 0.730393
82 82 0.64457
82 82 0.684584
82 82 0.64457
82 82 0.684584
82 82 0.64457
82 82 0.684584
82 82 0.64457
82 82 0.684584
82 82 0.605004
82 82 0.648209
82 82 0.605004
82 82 0.648209
82 82 0.605004
82 82 0.648209
82 82 0.605004
82 82 0.648209
82 82 0.816985
82 82 0.825293
82 82 0.816985
82 82 0.825293
82 82 0.816985
82 82 0.825293
82 82 0.816985
82 82 0.825293
82 82 0.824735
82 82 0.806874
82 82 0.824735
82 82 0.806874
82 82 0.824735
82 82 0.806874
82 82 0.824735
82 82 0.806874
82 82 0.838756
82 82 0.856897
82 82 0.838756
82 82 0.856897
82 82 0.838756
82 82 0.856897
82 82 0.838756
82 82 0.856897
82 82 0.776681
82 82 0.763299
82 82 0.776681
82 82 0.763299
82 82 0.776681
82 82 0.763299
82 82 0.776681
82 82 0.763299
82 82 0.686612
82 82 0.721615
82 82 0.686612
82 82 0.721615
82 82 0.686612
82 82 0.721615
82 82 0.686612
82 82 0.721615
83 83 0.82748
83 83 0.849136
83 83 0.82748
83 83 0.849136
83 83 0.82748
83 83 0.849136
83 83 0.82748
83 83 0.849136
83 83 0.781304
83 83 0.785852
83 83 0.781304
83 83 0.785852
83 83 0.781304
83 83 0.785852
83 83 0.781304
83 83 0.785852
83 83 0.596923
83 83 0.665247
83 83 0.596923
83 83 0.665247
83 83 0.596923
83 83 0.665247
83 83 0.596923
83 83 0.665247
83 83 0.749573
83 83 0.756015
83 83 0.749573
83 83 0.756015
83 83 0.749573
83 83 0.756015
83 83 0.749573
83 83 0.756015
83 83 0.584827
83 83 0.629677
83 83 0.584827
83 83 0.629677
83 83 0.584827
83 83 0.629677
83 83 0.584827
83 83 0.629677
83 83 0.813115
83 83 0.835918
83 83 0.813115
83 83 0.835918
83 83 0.813115
83 83 0.835918
83 83 0.813115
83 83 0.835918
83 83 0.921929
83 83 0.866544
83 83 0.921929
83 83 0.866544
83 83 0.921929
83 83 0.866544
83 83 0.921929
83 83 0.866544
83 83 0.84967
83 83 0.904456
83 83 0.84967
83 83 0.904456
83 83 0.84967
83 83 0.904456
83 83 0.84967
83 83 0.904456
83 83 0.869241
83 83 0.850281
83 83 0.869241
83 83 0.850281
83 83 0.869241
83 83 0.850281
83 83 0.869241
83 83 0.850281
83 83 0.588555
83 83 0.62277
83 83 0.588555
83 83 0.62277
83 83 0.588555
83 83 0.62277
83 83 0.588555
83 83 0.62277
83 83 0.705631
83 83 0.702218
83 83 0.705631
83 83 0.702218
83 83 0.705631
83 83 0.702218
83 83 0.705631
83 83 0.702218
83 83 0.847835
83 83 0.839692
83 83 0.847835
83 83 0.839692
83 83 0.847835
83 83 0.839692
83 83 0.847835
83 83 0.839692
83 83 0.456652
83 83 0.452699
83 83 0.456652
83 83 0.452699
83 83 0.456652
83 83 0.452699
83 83 0.456652
83 83 0.452699
83 83 0.616547
83 83 0.706509
83 83 0.616547
83 83 0.706509
83 83 0.616547
83 83 0.706509
83 83 0.616547
83 83 0.706509
83 83 0.655956
83 83 0.670533
83 83 0.655956
83 83 0.670533
83 83 0.655956
83 83 0.670533
83 83 0.655956
83 83 0.670533
83 83 0.83074
83 83 0.860572
83 83 0.83074
83 83 0.860572
83 83 0.83074
83 83 0.860572
83 83 0.83074
83 83 0.860572
83 83 0.562857
83 83 0.599838
83 83 0.562857
83 83 0.599838
83 83 0.562857
83 83 0.599838
83 83 0.562857
83 83 0.599838
83 83 0.452689
83 83 0.481625
83 83 0.452689
83 83 0.481625
83 83 0.452689
83 83 0.481625
83 83 0.452689
83 83 0.481625
83 83 0.830066
83 83 0.825147
83 83 0.830066
83 83 0.825147
83 83 0.830066
83 83 0.825147
83 83 0.830066
83 83 0.825147
83 83 0.879173
83 83 0.854839
83 83 0.879173
83 83 0.854839
83 83 0.879173
83 83 0.854839
83 83 0.879173
83 83 0.854839
83 83 0.865925
83 83 0.866656
83 83 0.865925
83 83 0.866656
83 83 0.865925
83 83 0.866656
83 83 0.865925
83 83 0.866656
83 83 0.821792
83 83 0.766042
83 83 0.821792
83 83 0.766042
83 83 0.821792
83 83 0.766042
83 83 0.821792
83 83 0.766042
83 83 0.794775
83 83 0.744291
83 83 0.794775
83 83 0.744291
83 83 0.794775
83 83 0.744291
83 83 0.794775
83 83 0.744291
83 83 0.858717
83 83 0.898381
83 83 0.858717
83 83 0.898381
83 83 0.858717
83 83 0.898381
83 83 0.858717
83 83 0.898381
83 83 0.603129
83 83 0.615778
83 83 0.603129
83 83 0.615778
83 83 0.603129
83 83 0.615778
83 83 0.603129
83 83 0.615778
83 83 0.569635
83 83 0.637283
83 83 0.569635
83 83 0.637283
83 83 0.569635
83 83 0.637283
83 83 0.569635
83 83 0.637283
83 83 0.868988
83 83 0.862913
83 83 0.868988
83 83 0.862913
83 83 0.868988
83 83 0.862913
83 83 0.868988
83 83 0.862913
83 83 0.895432
83 83 0.872068
83 83 0.895432
83 83 0.872068
83 83 0.895432
83 83 0.872068
83 83 0.895432
83 83 0.872068
84 84 0.831977
84 84 0.905167
84 84 0.831977
84 84 0.905167
84 84 0.831977
84 84 0.905167
84 84 0.831977
84 84 0.905167
84 84 0.455578
84 84 0.449781
84 84 0.455578
84 84 0.449781
84 84 0.455578
84 84 0.449781
84 84 0.455578
84 84 0.449781
84 84 0.558582
84 84 0.538236
84 84 0.558582
84 84 0.538236
84 84 0.558582
84 84 0.538236
84 84 0.558582
84 84 0.538236
84 84 0.798203
84 84 0.815287
84 84 0.798203
84 84 0.815287
84 84 0.798203
84 84 0.815287
84 84 0.798203
84 84 0.815287
84 84 0.813312
84 84 0.841965
84 84 0.813312
84 84 0.841965
84 84 0.813312
84 84 0.841965
84 84 0.813312
84 84 0.841965
84 84 0.808242
84 84 0.845082
84 84 0.808242
84 84 0.845082
84 84 0.808242
84 84 0.845082
84 84 0.808242
84 84 0.845082
84 84 0.649415
84 84 0.695361
84 84 0.649415
84 84 0.695361
84 84 0.649415
84 84 0.695361
84 84 0.649415
84 84 0.695361
84 84 0.619473
84 84 0.668538
84 84 0.619473
84 84 0.668538
84 84 0.619473
84 84 0.668538
84 84 0.619473
84 84 0.668538
84 84 0.66188
84 84 0.722892
84 84 0.66188
84 84 0.722892
84 84 0.66188
84 84 0.722892
84 84 0.66188
84 84 0.722892
84 84 0.833494
84 84 0.799864
84 84 0.833494
84 84 0.799864
84 84 0.833494
84 84 0.799864
84 84 0.833494
84 84 0.799864
84 84 0.860339
84 84 0.912372
84 84 0.860339
84 84 0.912372
84 84 0.860339
84 84 0.912372
84 84 0.860339
84 84 0.912372
84 84 0.901504
84 84 0.932991
84 84 0.901504
84 84 0.932991
84 84 0.901504
84 84 0.932991
84 84 0.901504
84 84 0.932991
84 84 0.833592
84 84 0.895999
84 84 0.833592
84 84 0.895999
84 84 0.833592
84 84 0.895999
84 84 0.833592
84 84 0.895999
84 84 0.788764
84 84 0.820657
84 84 0.788764
84 84 0.820657
84 84 0.788764
84 84 0.820657
84 84 0.788764
84 84 0.820657
84 84 0.843286
84 84 0.890495
84 84 0.843286
84 84 0.890495
84 84 0.843286
84 84 0.890495
84 84 0.843286
84 84 0.890495
84 84 0.527393
84 84 0.571545
84 84 0.527393
84 84 0.571545
84 84 0.527393
84 84 0.571545
84 84 0.527393
84 84 0.571545
84 84 0.656883
84 84 0.747007
84 84 0.656883
84 84 0.747007
84 84 0.656883
84 84 0.747007
84 84 0.656883
84 84 0.747007
84 84 0.577565
84 84 0.605297
84 84 0.577565
84 84 0.605297
84 84 0.577565
84 84 0.605297
84 84 0.577565
84 84 0.605297
84 84 0.650802
84 84 0.682639
84 84 0.650802
84 84 0.682639
84 84 0.650802
84 84 0.682639
84 84 0.650802
84 84 0.682639
84 84 0.692288
84 84 0.705895
84 84 0.692288
84 84 0.705895
84 84 0.692288
84 84 0.705895
84 84 0.692288
84 84 0.705895
84 84 0.736104
84 84 0.78261
84 84 0.736104
84 84 0.78261
84 84 0.736104
84 84 0.78261
84 84 0.736104
84 84 0.78261
84 84 0.775486
84 84 0.87529
84 84 0.775486
84 84 0.87529
84 84 0.775486
84 84 0.87529
84 84 0.775486
84 84 0.87529
84 84 0.550654
84 84 0.579081
84 84 0.550654
84 84 0.579081
84 84 0.550654
84 84 0.579081
84 84 0.550654
84 84 0.579081
84 84 0.827776
84 84 0.824903
84 84 0.827776
84 84 0.824903
84 84 0.827776
84 84 0.824903
84 84 0.827776
84 84 0.824903
84 84 0.805928
84 84 0.887872
84 84 0.805928
84 84 0.887872
84 84 0.805928
84 84 0.887872
84 84 0.805928
84 84 0.887872
84 84 0.619962
84 84 0.677329
84 84 0.619962
84 84 0.677329
84 84 0.619962
84 84 0.677329
84 84 0.619962
84 84 0.677329
84 84 0.751156
84 84 0.743721
84 84 0.751156
84 84 0.743721
84 84 0.751156
84 84 0.743721
84 84 0.751156
84 84 0.743721
84 84 0.802951
84 84 0.841858
84 84 0.802951
84 84 0.841858
84 84 0.802951
84 84 0.841858
84 84 0.802951
84 84 0.841858
