83 83 0.416891
83 83 0.478424
41 41 0.416237
41 41 0.444285
82 82 0.405803
82 82 0.415733
81 81 0.522649
81 81 0.602774
81 81 0.63238
81 81 0.737581
42 42 0.466758
42 42 0.4701
82 82 0.477987
82 82 0.490297
82 82 0.414957
82 82 0.425822
81 81 0.546887
81 81 0.621336
82 82 0.431079
82 82 0.441955
81 81 0.522655
81 81 0.597147
83 83 0.414758
83 83 0.483324
81 81 0.516196
81 81 0.596362
41 41 0.426065
41 41 0.456017
83 83 0.425442
83 83 0.489442
84 84 0.417204
84 84 0.417716
81 81 0.847191
81 81 0.996001
82 82 0.43005
82 82 0.440076
41 41 0.415919
41 41 0.445334
42 42 0.417326
42 42 0.423467
41 41 0.433787
41 41 0.464051
42 42 0.437418
42 42 0.443283
83 83 0.442704
83 83 0.507278
81 81 0.526455
81 81 0.603168
84 84 0.409705
84 84 0.409755
44 44 0.501278
44 44 0.509277
84 84 0.432931
84 84 0.43344
82 82 0.410168
82 82 0.418218
82 82 0.416687
82 82 0.426426
81 81 0.519508
81 81 0.592248
43 43 0.442676
43 43 0.455354
41 41 0.457876
41 41 0.489055
43 43 0.346591
43 43 0.354939
43 43 0.403973
43 43 0.414731
42 42 0.425565
42 42 0.4304
82 82 0.412489
82 82 0.423097
44 44 0.447143
44 44 0.453413
41 41 0.432806
41 41 0.462503
42 42 0.456818
42 42 0.466179
82 82 0.399452
82 82 0.40943
82 82 0.412596
82 82 0.421983
84 84 0.409787
84 84 0.410548
83 83 0.444647
83 83 0.50996
81 81 0.523601
81 81 0.599281
84 84 0.437128
84 84 0.437412
44 44 0.419388
44 44 0.42518
44 44 0.409751
44 44 0.415605
43 43 0.413175
43 43 0.424671
81 81 0.522655
81 81 0.597147
84 84 0.40378
84 84 0.404199
83 83 0.444647
83 83 0.50996
83 83 0.454804
83 83 0.522576
84 84 0.435749
84 84 0.435892
44 44 0.423784
44 44 0.429903
83 83 0.398888
83 83 0.460634
82 82 0.393279
82 82 0.402546
83 83 0.443727
83 83 0.506244
81 81 0.535044
81 81 0.612533
82 82 0.477987
82 82 0.490297
41 41 0.455421
41 41 0.48449
44 44 0.389807
44 44 0.396006
81 81 0.596948
81 81 0.690355
82 82 0.442491
82 82 0.452944
84 84 0.44968
84 84 0.450365
81 81 0.83817
81 81 0.982215
84 84 0.479993
84 84 0.480087
83 83 0.421645
83 83 0.482203
43 43 0.419123
43 43 0.431561
81 81 0.531469
81 81 0.611353
82 82 0.427632
82 82 0.436337
84 84 0.399276
84 84 0.399425
82 82 0.399292
82 82 0.408184
43 43 0.417257
43 43 0.428926
82 82 0.403253
82 82 0.413352
41 41 0.402849
41 41 0.432933
44 44 0.491418
44 44 0.500658
82 82 0.412596
82 82 0.421983
83 83 0.454804
83 83 0.522576
82 82 0.404998
82 82 0.415279
43 43 0.39764
43 43 0.407874
83 83 0.43045
83 83 0.492141
44 44 0.438233
44 44 0.445171
43 43 0.443681
43 43 0.456151
83 83 0.398888
83 83 0.460634
81 81 0.522655
81 81 0.597147
42 42 0.448035
42 42 0.450975
81 81 0.546887
81 81 0.621336
42 42 0.437418
42 42 0.443283
84 84 0.42698
84 84 0.427221
84 84 0.431874
84 84 0.432296
82 82 0.431079
82 82 0.441955
82 82 0.475335
82 82 0.487466
81 81 0.516245
81 81 0.592543
82 82 0.424033
82 82 0.434791
83 83 0.421645
83 83 0.482203
83 83 0.442673
83 83 0.505245
44 44 0.42287
44 44 0.428498
84 84 0.432931
84 84 0.43344
81 81 0.546887
81 81 0.621336
42 42 0.607808
42 42 0.614666
83 83 0.463369
83 83 0.535325
42 42 0.425565
42 42 0.4304
84 84 0.432931
84 84 0.43344
83 83 0.40266
83 83 0.463813
83 83 0.421222
83 83 0.477515
84 84 0.419802
84 84 0.420137
82 82 0.416687
82 82 0.426426
84 84 0.437128
84 84 0.437412
41 41 0.471202
41 41 0.50345
82 82 0.410168
82 82 0.418218
84 84 0.42698
84 84 0.427221
82 82 0.414957
82 82 0.425822
42 42 0.433432
42 42 0.436205
81 81 0.533617
81 81 0.601519
41 41 0.441597
41 41 0.472885
43 43 0.407627
43 43 0.418881
83 83 0.442704
83 83 0.507278
44 44 0.414314
44 44 0.420356
44 44 0.424911
44 44 0.431283
83 83 0.40266
83 83 0.463813
82 82 0.4131
82 82 0.422201
82 82 0.442626
82 82 0.453927
84 84 0.479993
84 84 0.480087
44 44 0.42287
44 44 0.428498
81 81 0.503941
81 81 0.572447
84 84 0.429271
84 84 0.429333
84 84 0.420878
84 84 0.421339
83 83 0.43045
83 83 0.492141
81 81 0.533617
81 81 0.601519
81 81 0.83817
81 81 0.982215
42 42 0.462125
42 42 0.466095
81 81 0.578342
81 81 0.665364
83 83 0.409991
83 83 0.475204
42 42 0.490336
42 42 0.49871
84 84 0.430521
84 84 0.431325
81 81 0.516196
81 81 0.596362
42 42 0.451564
42 42 0.456398
84 84 0.371422
84 84 0.371703
81 81 0.522655
81 81 0.597147
43 43 0.41078
43 43 0.422756
83 83 0.421222
83 83 0.477515
41 41 0.469559
41 41 0.500864
84 84 0.431874
84 84 0.432296
41 41 0.47655
41 41 0.510146
82 82 0.413919
82 82 0.423524
81 81 0.511359
81 81 0.589524
83 83 0.43045
83 83 0.492141
82 82 0.399292
82 82 0.408184
82 82 0.446467
82 82 0.455135
84 84 0.44968
84 84 0.450365
41 41 0.416237
41 41 0.444285
44 44 0.419388
44 44 0.42518
81 81 0.83817
81 81 0.982215
83 83 0.449932
83 83 0.51752
83 83 0.398888
83 83 0.460634
82 82 0.428028
82 82 0.438705
44 44 0.409751
44 44 0.415605
81 81 0.501338
81 81 0.574745
41 41 0.463616
41 41 0.4952
42 42 0.47189
42 42 0.477037
82 82 0.399292
82 82 0.408184
83 83 0.449932
83 83 0.51752
82 82 0.4131
82 82 0.422201
43 43 0.41274
43 43 0.424557
84 84 0.417204
84 84 0.417716
81 81 0.53001
81 81 0.603091
82 82 0.399452
82 82 0.40943
81 81 0.63238
81 81 0.737581
44 44 0.480136
44 44 0.485947
43 43 0.419123
43 43 0.431561
82 82 0.405803
82 82 0.415733
43 43 0.401337
43 43 0.411508
41 41 0.495767
41 41 0.529638
84 84 0.415599
84 84 0.415966
81 81 0.501338
81 81 0.574745
84 84 0.415599
84 84 0.415966
84 84 0.418727
84 84 0.419293
44 44 0.659605
44 44 0.672985
84 84 0.429776
84 84 0.430215
84 84 0.429776
84 84 0.430215
82 82 0.413919
82 82 0.423524
44 44 0.438233
44 44 0.445171
81 81 0.801898
81 81 0.940181
83 83 0.40266
83 83 0.463813
82 82 0.431079
82 82 0.441955
44 44 0.41913
44 44 0.424541
81 81 0.507944
81 81 0.580415
82 82 0.4131
82 82 0.422201
44 44 0.398085
44 44 0.403429
82 82 0.399452
82 82 0.40943
81 81 0.516196
81 81 0.596362
84 84 0.417204
84 84 0.417716
83 83 0.432313
83 83 0.493314
84 84 0.417128
84 84 0.417599
81 81 0.507944
81 81 0.580415
83 83 0.442673
83 83 0.505245
81 81 0.578342
81 81 0.665364
84 84 0.415599
84 84 0.415966
41 41 0.426065
41 41 0.456017
82 82 0.414957
82 82 0.425822
84 84 0.429797
84 84 0.429926
81 81 0.53001
81 81 0.603091
44 44 0.426668
44 44 0.432979
83 83 0.423113
83 83 0.492812
83 83 0.407428
83 83 0.467302
83 83 0.409991
83 83 0.475204
84 84 0.419802
84 84 0.420137
84 84 0.409705
84 84 0.409755
84 84 0.409787
84 84 0.410548
44 44 0.393245
44 44 0.398794
81 81 0.531469
81 81 0.611353
44 44 0.717748
44 44 0.733061
43 43 0.439492
43 43 0.452863
82 82 0.43538
82 82 0.445055
41 41 0.451086
41 41 0.482914
83 83 0.441793
83 83 0.505764
42 42 0.453725
42 42 0.457998
82 82 0.399292
82 82 0.408184
84 84 0.428379
84 84 0.428899
44 44 0.717748
44 44 0.733061
82 82 0.412596
82 82 0.421983
83 83 0.426559
83 83 0.483774
84 84 0.429776
84 84 0.430215
82 82 0.399452
82 82 0.40943
44 44 0.428908
44 44 0.434852
81 81 0.521983
81 81 0.599625
84 84 0.418727
84 84 0.419293
84 84 0.409069
84 84 0.409381
42 42 0.426808
42 42 0.430392
81 81 0.501338
81 81 0.574745
83 83 0.43045
83 83 0.492141
83 83 0.449932
83 83 0.51752
81 81 0.69814
81 81 0.814703
44 44 0.60008
44 44 0.60803
41 41 0.455421
41 41 0.48449
84 84 0.416426
84 84 0.416559
84 84 0.432931
84 84 0.43344
84 84 0.44968
84 84 0.450365
84 84 0.409069
84 84 0.409381
43 43 0.431147
43 43 0.442863
42 42 0.423993
42 42 0.425044
42 42 0.485841
42 42 0.487474
84 84 0.419802
84 84 0.420137
81 81 0.519508
81 81 0.592248
81 81 0.517414
81 81 0.587142
42 42 0.446859
42 42 0.450359
84 84 0.422005
84 84 0.422102
81 81 0.53001
81 81 0.603091
84 84 0.430521
84 84 0.431325
84 84 0.409069
84 84 0.409381
83 83 0.463369
83 83 0.535325
82 82 0.431657
82 82 0.442245
82 82 0.43005
82 82 0.440076
41 41 0.471202
41 41 0.50345
83 83 0.46006
83 83 0.526507
83 83 0.441793
83 83 0.505764
41 41 0.432591
41 41 0.463376
84 84 0.418727
84 84 0.419293
44 44 0.454987
44 44 0.461655
83 83 0.463369
83 83 0.535325
43 43 0.387807
43 43 0.398574
42 42 0.508996
42 42 0.521573
82 82 0.393279
82 82 0.402546
44 44 0.401871
44 44 0.407371
83 83 0.447163
83 83 0.512068
83 83 0.442673
83 83 0.505245
83 83 0.463369
83 83 0.535325
44 44 0.422027
44 44 0.427899
42 42 0.428678
42 42 0.433533
42 42 0.475296
42 42 0.480896
84 84 0.408294
84 84 0.408575
81 81 0.83817
81 81 0.982215
83 83 0.447163
83 83 0.512068
41 41 0.445246
41 41 0.475857
42 42 0.490336
42 42 0.49871
83 83 0.423113
83 83 0.492812
83 83 0.406374
83 83 0.472344
43 43 0.413175
43 43 0.424671
82 82 0.428028
82 82 0.438705
83 83 0.447163
83 83 0.512068
81 81 0.516245
81 81 0.592543
81 81 0.533617
81 81 0.601519
81 81 0.596948
81 81 0.690355
43 43 0.387807
43 43 0.398574
83 83 0.439495
83 83 0.504027
41 41 0.437607
41 41 0.467448
83 83 0.46006
83 83 0.526507
42 42 0.455962
42 42 0.458424
83 83 0.430741
83 83 0.491478
44 44 0.400675
44 44 0.406387
82 82 0.415474
82 82 0.425292
82 82 0.421206
82 82 0.43143
41 41 0.439711
41 41 0.470344
81 81 0.522649
81 81 0.602774
42 42 0.451564
42 42 0.456398
81 81 0.847191
81 81 0.996001
42 42 0.47189
42 42 0.477037
43 43 0.41078
43 43 0.422756
82 82 0.442491
82 82 0.452944
81 81 0.511359
81 81 0.589524
83 83 0.426559
83 83 0.483774
84 84 0.437128
84 84 0.437412
81 81 0.847191
81 81 0.996001
42 42 0.426808
42 42 0.430392
82 82 0.410168
82 82 0.418218
81 81 0.69814
81 81 0.814703
81 81 0.521983
81 81 0.599625
84 84 0.405596
84 84 0.405632
84 84 0.417128
84 84 0.417599
84 84 0.422005
84 84 0.422102
84 84 0.399276
84 84 0.399425
81 81 0.847191
81 81 0.996001
42 42 0.420515
42 42 0.422758
84 84 0.371422
84 84 0.371703
42 42 0.413819
42 42 0.418831
81 81 0.516196
81 81 0.596362
42 42 0.448035
42 42 0.450975
42 42 0.559396
42 42 0.564147
41 41 0.415919
41 41 0.445334
42 42 0.456818
42 42 0.466179
81 81 0.507944
81 81 0.580415
82 82 0.410168
82 82 0.418218
41 41 0.433787
41 41 0.464051
81 81 0.63238
81 81 0.737581
82 82 0.416687
82 82 0.426426
81 81 0.596948
81 81 0.690355
41 41 0.441597
41 41 0.472885
83 83 0.442673
83 83 0.505245
84 84 0.428379
84 84 0.428899
84 84 0.416426
84 84 0.416559
42 42 0.485841
42 42 0.487474
82 82 0.446467
82 82 0.455135
83 83 0.444647
83 83 0.50996
82 82 0.424033
82 82 0.434791
43 43 0.438559
43 43 0.451846
84 84 0.417204
84 84 0.417716
42 42 0.559396
42 42 0.564147
82 82 0.475335
82 82 0.487466
41 41 0.451086
41 41 0.482914
83 83 0.454804
83 83 0.522576
44 44 0.445722
44 44 0.451984
83 83 0.430741
83 83 0.491478
81 81 0.801898
81 81 0.940181
83 83 0.46639
83 83 0.53206
43 43 0.38699
43 43 0.397425
81 81 0.801898
81 81 0.940181
84 84 0.418727
84 84 0.419293
81 81 0.53001
81 81 0.603091
82 82 0.431657
82 82 0.442245
83 83 0.433567
83 83 0.496617
42 42 0.433214
42 42 0.436041
41 41 0.424489
41 41 0.453104
44 44 0.424911
44 44 0.431283
83 83 0.432313
83 83 0.493314
43 43 0.427269
43 43 0.438986
81 81 0.535044
81 81 0.612533
82 82 0.475335
82 82 0.487466
82 82 0.424033
82 82 0.434791
44 44 0.411962
44 44 0.418113
84 84 0.420878
84 84 0.421339
43 43 0.410486
43 43 0.42172
83 83 0.441793
83 83 0.505764
43 43 0.416155
43 43 0.427937
84 84 0.420878
84 84 0.421339
44 44 0.414314
44 44 0.420356
82 82 0.412489
82 82 0.423097
84 84 0.416426
84 84 0.416559
84 84 0.409069
84 84 0.409381
81 81 0.568543
81 81 0.645206
82 82 0.393279
82 82 0.402546
82 82 0.413919
82 82 0.423524
83 83 0.414758
83 83 0.483324
82 82 0.442491
82 82 0.452944
44 44 0.434988
44 44 0.440932
44 44 0.454987
44 44 0.461655
84 84 0.435749
84 84 0.435892
81 81 0.516245
81 81 0.592543
83 83 0.425442
83 83 0.489442
82 82 0.428028
82 82 0.438705
83 83 0.442704
83 83 0.507278
82 82 0.412489
82 82 0.423097
81 81 0.522649
81 81 0.602774
83 83 0.406374
83 83 0.472344
43 43 0.427825
43 43 0.440893
84 84 0.422005
84 84 0.422102
83 83 0.414758
83 83 0.483324
81 81 0.522649
81 81 0.602774
84 84 0.408294
84 84 0.408575
43 43 0.396485
43 43 0.4069
82 82 0.427632
82 82 0.436337
43 43 0.413127
43 43 0.425765
82 82 0.405803
82 82 0.415733
43 43 0.407627
43 43 0.418881
44 44 0.501278
44 44 0.509277
41 41 0.442377
41 41 0.473245
82 82 0.421206
82 82 0.43143
44 44 0.398085
44 44 0.403429
84 84 0.409787
84 84 0.410548
84 84 0.430521
84 84 0.431325
44 44 0.389807
44 44 0.396006
83 83 0.423113
83 83 0.492812
44 44 0.400675
44 44 0.406387
82 82 0.477987
82 82 0.490297
81 81 0.65133
81 81 0.741927
82 82 0.393279
82 82 0.402546
84 84 0.405596
84 84 0.405632
83 83 0.433567
83 83 0.496617
84 84 0.417128
84 84 0.417599
81 81 0.516245
81 81 0.592543
84 84 0.371422
84 84 0.371703
83 83 0.443727
83 83 0.506244
81 81 0.568543
81 81 0.645206
84 84 0.399276
84 84 0.399425
84 84 0.428379
84 84 0.428899
83 83 0.447163
83 83 0.512068
83 83 0.425442
83 83 0.489442
42 42 0.433432
42 42 0.436205
43 43 0.409998
43 43 0.420671
43 43 0.411599
43 43 0.423156
82 82 0.403253
82 82 0.413352
84 84 0.479993
84 84 0.480087
43 43 0.411599
43 43 0.423156
83 83 0.444647
83 83 0.50996
81 81 0.503941
81 81 0.572447
81 81 0.526455
81 81 0.603168
42 42 0.508996
42 42 0.521573
82 82 0.412489
82 82 0.423097
82 82 0.414957
82 82 0.425822
82 82 0.403253
82 82 0.413352
84 84 0.435749
84 84 0.435892
83 83 0.423113
83 83 0.492812
42 42 0.423993
42 42 0.425044
44 44 0.491418
44 44 0.500658
41 41 0.402849
41 41 0.432933
83 83 0.409991
83 83 0.475204
44 44 0.426668
44 44 0.432979
43 43 0.438559
43 43 0.451846
84 84 0.429776
84 84 0.430215
83 83 0.406374
83 83 0.472344
83 83 0.46006
83 83 0.526507
84 84 0.429797
84 84 0.429926
81 81 0.578342
81 81 0.665364
81 81 0.546887
81 81 0.621336
44 44 0.659605
44 44 0.672985
42 42 0.422517
42 42 0.42551
83 83 0.416891
83 83 0.478424
84 84 0.429271
84 84 0.429333
83 83 0.46006
83 83 0.526507
83 83 0.421645
83 83 0.482203
83 83 0.426559
83 83 0.483774
83 83 0.414758
83 83 0.483324
81 81 0.507944
81 81 0.580415
82 82 0.446467
82 82 0.455135
81 81 0.521983
81 81 0.599625
43 43 0.402156
43 43 0.413181
41 41 0.432591
41 41 0.463376
83 83 0.449932
83 83 0.51752
42 42 0.446859
42 42 0.450359
84 84 0.430521
84 84 0.431325
42 42 0.607808
42 42 0.614666
44 44 0.393245
44 44 0.398794
81 81 0.517414
81 81 0.587142
81 81 0.526455
81 81 0.603168
44 44 0.447143
44 44 0.453413
83 83 0.421222
83 83 0.477515
81 81 0.63238
81 81 0.737581
82 82 0.431079
82 82 0.441955
82 82 0.415474
82 82 0.425292
83 83 0.425442
83 83 0.489442
81 81 0.517979
81 81 0.596019
44 44 0.428908
44 44 0.434852
41 41 0.443719
41 41 0.473306
83 83 0.407428
83 83 0.467302
81 81 0.596948
81 81 0.690355
43 43 0.383193
43 43 0.39284
81 81 0.69814
81 81 0.814703
81 81 0.65133
81 81 0.741927
44 44 0.445722
44 44 0.451984
83 83 0.416891
83 83 0.478424
41 41 0.445246
41 41 0.475857
83 83 0.443727
83 83 0.506244
81 81 0.511359
81 81 0.589524
43 43 0.346591
43 43 0.354939
83 83 0.439495
83 83 0.504027
43 43 0.38699
43 43 0.397425
81 81 0.535044
81 81 0.612533
43 43 0.383193
43 43 0.39284
83 83 0.442704
83 83 0.507278
44 44 0.401871
44 44 0.407371
83 83 0.409991
83 83 0.475204
44 44 0.423784
44 44 0.429903
82 82 0.416687
82 82 0.426426
81 81 0.531469
81 81 0.611353
81 81 0.578342
81 81 0.665364
44 44 0.443446
44 44 0.449917
83 83 0.430741
83 83 0.491478
81 81 0.65133
81 81 0.741927
84 84 0.431874
84 84 0.432296
43 43 0.393002
43 43 0.403816
81 81 0.526455
81 81 0.603168
42 42 0.420515
42 42 0.422758
43 43 0.429779
43 43 0.443101
81 81 0.517979
81 81 0.596019
43 43 0.403973
43 43 0.414731
82 82 0.404998
82 82 0.415279
84 84 0.371422
84 84 0.371703
43 43 0.416155
43 43 0.427937
82 82 0.477987
82 82 0.490297
84 84 0.405596
84 84 0.405632
41 41 0.450136
41 41 0.481044
43 43 0.41274
43 43 0.424557
84 84 0.435749
84 84 0.435892
82 82 0.43005
82 82 0.440076
84 84 0.422005
84 84 0.422102
41 41 0.392732
41 41 0.420641
81 81 0.517979
81 81 0.596019
84 84 0.428379
84 84 0.428899
44 44 0.422027
44 44 0.427899
84 84 0.417128
84 84 0.417599
83 83 0.432313
83 83 0.493314
41 41 0.431115
41 41 0.460502
83 83 0.426559
83 83 0.483774
82 82 0.442491
82 82 0.452944
83 83 0.407428
83 83 0.467302
83 83 0.433567
83 83 0.496617
41 41 0.427949
41 41 0.458117
44 44 0.411962
44 44 0.418113
83 83 0.432313
83 83 0.493314
41 41 0.450136
41 41 0.481044
82 82 0.4131
82 82 0.422201
43 43 0.410486
43 43 0.42172
81 81 0.521983
81 81 0.599625
81 81 0.801898
81 81 0.940181
82 82 0.428028
82 82 0.438705
84 84 0.429797
84 84 0.429926
82 82 0.427632
82 82 0.436337
84 84 0.429271
84 84 0.429333
82 82 0.446467
82 82 0.455135
43 43 0.443681
43 43 0.456151
84 84 0.42698
84 84 0.427221
42 42 0.466758
42 42 0.4701
81 81 0.568543
81 81 0.645206
81 81 0.503941
81 81 0.572447
41 41 0.709036
41 41 0.753822
41 41 0.392732
41 41 0.420641
81 81 0.523601
81 81 0.599281
81 81 0.503941
81 81 0.572447
83 83 0.40266
83 83 0.463813
83 83 0.398888
83 83 0.460634
81 81 0.523601
81 81 0.599281
43 43 0.427269
43 43 0.438986
43 43 0.393002
43 43 0.403816
43 43 0.413127
43 43 0.425765
84 84 0.479993
84 84 0.480087
41 41 0.439711
41 41 0.470344
43 43 0.442676
43 43 0.455354
43 43 0.417257
43 43 0.428926
82 82 0.404998
82 82 0.415279
84 84 0.40378
84 84 0.404199
83 83 0.46639
83 83 0.53206
41 41 0.437607
41 41 0.467448
43 43 0.409998
43 43 0.420671
82 82 0.43538
82 82 0.445055
41 41 0.463616
41 41 0.4952
43 43 0.39764
43 43 0.407874
44 44 0.443446
44 44 0.449917
42 42 0.455962
42 42 0.458424
81 81 0.517979
81 81 0.596019
84 84 0.416426
84 84 0.416559
42 42 0.428678
42 42 0.433533
83 83 0.407428
83 83 0.467302
82 82 0.424033
82 82 0.434791
82 82 0.431657
82 82 0.442245
41 41 0.442377
41 41 0.473245
44 44 0.434988
44 44 0.440932
41 41 0.47655
41 41 0.510146
42 42 0.456151
42 42 0.460597
84 84 0.419802
84 84 0.420137
83 83 0.439495
83 83 0.504027
83 83 0.443727
83 83 0.506244
84 84 0.409705
84 84 0.409755
82 82 0.431657
82 82 0.442245
43 43 0.401337
43 43 0.411508
81 81 0.517414
81 81 0.587142
42 42 0.433214
42 42 0.436041
81 81 0.531469
81 81 0.611353
82 82 0.442626
82 82 0.453927
41 41 0.483555
41 41 0.51521
81 81 0.533617
81 81 0.601519
84 84 0.409787
84 84 0.410548
84 84 0.408294
84 84 0.408575
41 41 0.469559
41 41 0.500864
42 42 0.462125
42 42 0.466095
83 83 0.439495
83 83 0.504027
84 84 0.408294
84 84 0.408575
82 82 0.442626
82 82 0.453927
83 83 0.441793
83 83 0.505764
83 83 0.430741
83 83 0.491478
82 82 0.403253
82 82 0.413352
81 81 0.501338
81 81 0.574745
84 84 0.409705
84 84 0.409755
82 82 0.43005
82 82 0.440076
81 81 0.517414
81 81 0.587142
42 42 0.475296
42 42 0.480896
44 44 0.480136
44 44 0.485947
82 82 0.415474
82 82 0.425292
83 83 0.433567
83 83 0.496617
82 82 0.421206
82 82 0.43143
43 43 0.427825
43 43 0.440893
82 82 0.413919
82 82 0.423524
41 41 0.431115
41 41 0.460502
42 42 0.456151
42 42 0.460597
81 81 0.535044
81 81 0.612533
84 84 0.399276
84 84 0.399425
83 83 0.46639
83 83 0.53206
82 82 0.412596
82 82 0.421983
83 83 0.416891
83 83 0.478424
43 43 0.396485
43 43 0.4069
41 41 0.483555
41 41 0.51521
44 44 0.41913
44 44 0.424541
84 84 0.415599
84 84 0.415966
82 82 0.43538
82 82 0.445055
82 82 0.415474
82 82 0.425292
83 83 0.406374
83 83 0.472344
81 81 0.65133
81 81 0.741927
82 82 0.43538
82 82 0.445055
41 41 0.443719
41 41 0.473306
84 84 0.429271
84 84 0.429333
83 83 0.421222
83 83 0.477515
43 43 0.439492
43 43 0.452863
83 83 0.46639
83 83 0.53206
84 84 0.405596
84 84 0.405632
84 84 0.42698
84 84 0.427221
43 43 0.431147
43 43 0.442863
84 84 0.437128
84 84 0.437412
84 84 0.429797
84 84 0.429926
82 82 0.421206
82 82 0.43143
41 41 0.495767
41 41 0.529638
82 82 0.405803
82 82 0.415733
41 41 0.432806
41 41 0.462503
81 81 0.568543
81 81 0.645206
82 82 0.427632
82 82 0.436337
81 81 0.519508
81 81 0.592248
42 42 0.422517
42 42 0.42551
83 83 0.421645
83 83 0.482203
82 82 0.404998
82 82 0.415279
81 81 0.69814
81 81 0.814703
84 84 0.44968
84 84 0.450365
41 41 0.427949
41 41 0.458117
84 84 0.40378
84 84 0.404199
42 42 0.413819
42 42 0.418831
84 84 0.40378
84 84 0.404199
82 82 0.442626
82 82 0.453927
42 42 0.453725
42 42 0.457998
43 43 0.402156
43 43 0.413181
81 81 0.523601
81 81 0.599281
84 84 0.431874
84 84 0.432296
84 84 0.420878
84 84 0.421339
81 81 0.511359
81 81 0.589524
82 82 0.475335
82 82 0.487466
41 41 0.424489
41 41 0.453104
41 41 0.709036
41 41 0.753822
44 44 0.60008
44 44 0.60803
81 81 0.519508
81 81 0.592248
41 41 0.457876
41 41 0.489055
43 43 0.429779
43 43 0.443101
83 83 0.454804
83 83 0.522576
42 42 0.417326
42 42 0.423467
