78 78 -47.6644
78 78 -42.7945
78 78 -47.6644
78 78 -41.2634
78 78 -51.9431
78 78 -44.3436
78 78 -48.3974
78 78 -37.8672
78 78 -30.9969
78 78 -52.8348
78 78 -29.3009
78 78 -54.1246
78 78 -30.9969
78 78 -51.4312
78 78 -26.6315
78 78 -57.0556
78 78 -54.8048
78 78 -51.9983
78 78 -51.0886
78 78 -51.1937
78 78 -51.2605
78 78 -52.4695
78 78 -49.0867
78 78 -51.1937
78 78 -53.4023
78 78 -49.7719
78 78 -53.8363
78 78 -49.7322
78 78 -52.8277
78 78 -48.5808
78 78 -53.1664
78 78 -47.8364
78 78 -53.8383
78 78 -54.7055
78 78 -54.568
78 78 -58.0776
78 78 -53.8734
78 78 -56.5722
78 78 -53.3188
78 78 -56.6872
78 78 -48.7628
78 78 -56.5723
78 78 -49.9894
78 78 -57.072
78 78 -46.1323
78 78 -54.0092
78 78 -48.6266
78 78 -55.2729
78 78 -20.0882
78 78 -42.6973
78 78 -22.0462
78 78 -44.9069
78 78 -25.4618
78 78 -38.343
78 78 -25.9474
78 78 -42.6973
79 79 -31.4562
79 79 -25.7384
79 79 -32.1926
79 79 -24.671
79 79 -33.1323
79 79 -25.9351
79 79 -31.7579
79 79 -26.3307
79 79 -27.559
79 79 -32.6314
79 79 -26.021
79 79 -32.0188
79 79 -26.8359
79 79 -32.5493
79 79 -27.559
79 79 -32.5693
79 79 -30.6117
79 79 -33.8027
79 79 -32.3834
79 79 -33.8027
79 79 -31.2921
79 79 -37.1342
79 79 -32.3834
79 79 -35.8682
79 79 -28
79 79 -40.9608
79 79 -33.5935
79 79 -39.3958
79 79 -30.9083
79 79 -36.1528
79 79 -25.6656
79 79 -38.7385
79 79 -59.313
79 79 -56.6489
79 79 -57.6744
79 79 -57.7119
79 79 -57.4878
79 79 -57.6194
79 79 -57.9525
79 79 -56.8969
79 79 -31.2674
79 79 -28.0318
79 79 -29.1601
79 79 -29.7689
79 79 -30.7774
79 79 -25.4459
79 79 -31.7655
79 79 -27.248
79 79 -31.4775
79 79 -28.3261
79 79 -28.0695
79 79 -28.4943
79 79 -31.1516
79 79 -26.6705
79 79 -31.8656
79 79 -25.8488
80 80 -44.8712
80 80 -54.3812
80 80 -44.027
80 80 -54.2336
80 80 -42.9745
80 80 -54.3812
80 80 -44.2979
80 80 -54.2343
80 80 -40.9036
80 80 -30.4938
80 80 -41.1169
80 80 -28.7158
80 80 -41.213
80 80 -29.5987
80 80 -41.006
80 80 -29.2871
80 80 -55.8529
80 80 -56.443
80 80 -54.96
80 80 -55.6852
80 80 -55.6259
80 80 -56.1844
80 80 -55.3617
80 80 -56.3448
80 80 -40.9425
80 80 -30.483
80 80 -41.6437
80 80 -29.8813
80 80 -41.9924
80 80 -30.5998
80 80 -42.4156
80 80 -30.4674
80 80 -34.7549
80 80 -31.3499
80 80 -36.1322
80 80 -35.7932
80 80 -34.9098
80 80 -31.5298
80 80 -36.8379
80 80 -30.679
80 80 -47.7339
80 80 -29.8795
80 80 -51.5184
80 80 -35.263
80 80 -52.3079
80 80 -35.263
80 80 -49.9983
80 80 -33.9217
80 80 -27.5263
80 80 -37.9761
80 80 -28.9461
80 80 -36.0874
80 80 -28.9461
80 80 -31.8718
80 80 -27.5263
80 80 -37.9761
81 81 -24.1857
81 81 -41.8904
81 81 -22.5997
81 81 -42.4848
81 81 -22.5357
81 81 -43.3493
81 81 -25.786
81 81 -42.52
81 81 -48.1581
81 81 -48.7642
81 81 -45.0666
81 81 -51.2065
81 81 -44.1534
81 81 -49.4746
81 81 -47.4799
81 81 -49.7821
81 81 -22.4449
81 81 -44.2771
81 81 -21.1595
81 81 -46.7131
81 81 -22.7654
81 81 -46.7096
81 81 -21.7372
81 81 -44.6351
81 81 -18.9843
81 81 -41.0032
81 81 -20.0866
81 81 -42.1629
81 81 -19.2325
81 81 -41.1772
81 81 -16.9685
81 81 -41.5293
81 81 -23.7203
81 81 -40.6767
81 81 -22.5888
81 81 -41.6971
81 81 -22.3339
81 81 -41.9363
81 81 -20.8697
81 81 -40.9043
81 81 -68.3105
81 81 -67.6996
81 81 -67.2802
81 81 -68.8083
81 81 -67.2802
81 81 -67.9513
81 81 -67.8858
81 81 -67.3478
81 81 -26.5696
81 81 -48.7829
81 81 -24.6413
81 81 -48.6806
81 81 -26.7259
81 81 -50.5388
81 81 -30.7314
81 81 -48.8858
81 81 -22.9296
81 81 -39.8086
81 81 -20.395
81 81 -39.5421
81 81 -21.7381
81 81 -40.2592
81 81 -18.39
81 81 -41.2717
81 81 -38.702
81 81 -43.3365
81 81 -40.551
81 81 -41.8535
81 81 -40.1034
81 81 -43.0492
81 81 -42.578
81 81 -41.5248
81 81 -13.9551
81 81 -40.9135
81 81 -15.5005
81 81 -41.3286
81 81 -16.9131
81 81 -40.4497
81 81 -16.0211
81 81 -41.3167
81 81 -29.9783
81 81 -51.732
81 81 -38.5243
81 81 -52.4968
81 81 -31.2147
81 81 -51.5917
81 81 -27.0857
81 81 -49.1722
81 81 -41.2802
81 81 -15.7514
81 81 -41.2128
81 81 -16.2897
81 81 -41.308
81 81 -14.8546
81 81 -41.2802
81 81 -14.8546
81 81 -24.0293
81 81 -56.0625
81 81 -25.4027
81 81 -53.5432
81 81 -23.9585
81 81 -52.178
81 81 -24.2967
81 81 -53.4837
81 81 -23.8076
81 81 -43.7195
81 81 -23.8899
81 81 -43.7195
81 81 -21.8804
81 81 -45.1648
81 81 -23.8845
81 81 -44.1475
81 81 -17.1903
81 81 -40.2666
81 81 -20.157
81 81 -40.5333
81 81 -20.157
81 81 -39.9762
81 81 -18.2118
81 81 -40.0876
81 81 -17.5629
81 81 -42.1755
81 81 -17.7495
81 81 -41.4448
81 81 -17.9352
81 81 -41.427
81 81 -16.4006
81 81 -40.216
81 81 -22.108
81 81 -48.8195
81 81 -22.108
81 81 -48.8195
81 81 -20.0579
81 81 -48.3064
81 81 -20.2504
81 81 -47.7349
81 81 -15.3933
81 81 -41.3643
81 81 -14.2142
81 81 -41.6874
81 81 -12.6906
81 81 -40.4465
81 81 -16.2564
81 81 -40.8183
81 81 -51.6976
81 81 -51.8739
81 81 -53.4287
81 81 -51.8739
81 81 -49.6749
81 81 -52.5395
81 81 -53.2228
81 81 -52.7701
81 81 -18.4828
81 81 -41.2039
81 81 -20.8141
81 81 -41.2945
81 81 -19.9209
81 81 -41.2039
81 81 -18.1861
81 81 -39.7904
81 81 -26.5727
81 81 -53.4316
81 81 -26.2352
81 81 -58.5869
81 81 -27.2904
81 81 -58.7528
81 81 -27.9995
81 81 -55.7513
81 81 -17.2657
81 81 -40.7922
81 81 -18.034
81 81 -39.1884
81 81 -16.6567
81 81 -39.4677
81 81 -15.7723
81 81 -38.954
81 81 -16.8465
81 81 -41.0696
81 81 -15.7043
81 81 -39.5269
81 81 -17.7489
81 81 -40.8205
81 81 -15.4008
81 81 -40.575
81 81 -31.8831
81 81 -45.1643
81 81 -31.3949
81 81 -43.3637
81 81 -29.4132
81 81 -42.3999
81 81 -31.6157
81 81 -42.9849
81 81 -55.041
81 81 -58.9072
81 81 -52.5122
81 81 -58.1003
81 81 -54.507
81 81 -58.3085
81 81 -55.9935
81 81 -57.0434
81 81 -18.0452
81 81 -40.1197
81 81 -20.1874
81 81 -40.6618
81 81 -20.1874
81 81 -40.1666
81 81 -17.7126
81 81 -40.1197
81 81 -21.3735
81 81 -49.5824
81 81 -24.6539
81 81 -49.5824
81 81 -25.2731
81 81 -48.5144
81 81 -25.0159
81 81 -49.3652
81 81 -21.6409
81 81 -43.5624
81 81 -19.8423
81 81 -43.9689
81 81 -21.6409
81 81 -46.1477
81 81 -18.6623
81 81 -44.4469
82 82 -43.7997
82 82 -47.0853
82 82 -43.7997
82 82 -44.0386
82 82 -44.7718
82 82 -44.8355
82 82 -44.5928
82 82 -46.008
82 82 -36.4625
82 82 -46.2579
82 82 -39.2416
82 82 -44.9705
82 82 -37.9574
82 82 -43.8506
82 82 -36.8657
82 82 -46.1761
82 82 -32.881
82 82 -40.2548
82 82 -33.7237
82 82 -38.9052
82 82 -31.7001
82 82 -38.7116
82 82 -28.6497
82 82 -41.6175
82 82 -30.1735
82 82 -45.1273
82 82 -33.1915
82 82 -44.5463
82 82 -31.9166
82 82 -45.2529
82 82 -30.1082
82 82 -44.5769
82 82 -35.8579
82 82 -34.1066
82 82 -37.1991
82 82 -33.7383
82 82 -36.1183
82 82 -31.7972
82 82 -35.7533
82 82 -33.6217
82 82 -37.31
82 82 -46.1383
82 82 -37.31
82 82 -45.1265
82 82 -37.368
82 82 -45.9183
82 82 -37.26
82 82 -45.8276
82 82 -32.3015
82 82 -43.0215
82 82 -32.8083
82 82 -42.7022
82 82 -30.3127
82 82 -43.5532
82 82 -30.0562
82 82 -42.608
82 82 -38.6205
82 82 -44.3882
82 82 -42.0984
82 82 -43.0325
82 82 -39.8949
82 82 -43.0284
82 82 -38.1883
82 82 -43.797
82 82 -39.2019
82 82 -43.3393
82 82 -39.1788
82 82 -44.3784
82 82 -40.001
82 82 -43.6068
82 82 -38.6734
82 82 -44.0882
82 82 -27.2746
82 82 -33.4638
82 82 -30.6201
82 82 -34.3879
82 82 -30.4741
82 82 -34.4256
82 82 -28.0258
82 82 -30.5005
82 82 -35.0069
82 82 -39.5389
82 82 -35.0089
82 82 -41.0616
82 82 -34.2555
82 82 -40.4693
82 82 -32.3438
82 82 -41.5324
82 82 -51.9929
82 82 -43.5488
82 82 -53.064
82 82 -44.9586
82 82 -52.6845
82 82 -43.528
82 82 -53.3601
82 82 -43.8064
82 82 -44.365
82 82 -43.266
82 82 -43.6769
82 82 -41.5402
82 82 -43.8819
82 82 -42.1158
82 82 -44.5312
82 82 -42.5667
82 82 -32.4914
82 82 -41.6212
82 82 -32.7988
82 82 -45.6192
82 82 -32.4914
82 82 -41.0813
82 82 -27.8784
82 82 -42.4963
82 82 -31.1001
82 82 -40.2503
82 82 -31.4128
82 82 -38.6815
82 82 -31.3588
82 82 -40.29
82 82 -31.7461
82 82 -39.1644
82 82 -48.2876
82 82 -41.5025
82 82 -43.1775
82 82 -42.2655
82 82 -48.8082
82 82 -43.3518
82 82 -45.69
82 82 -38.2329
82 82 -40.0125
82 82 -42.895
82 82 -38.2654
82 82 -41.5305
82 82 -35.1742
82 82 -43.9391
82 82 -37.3793
82 82 -43.1191
82 82 -35.1684
82 82 -45.0723
82 82 -38.449
82 82 -42.5069
82 82 -39.3344
82 82 -44.424
82 82 -38.6067
82 82 -44.4418
82 82 -31.005
82 82 -28.9245
82 82 -31.0393
82 82 -30.6885
82 82 -31.1991
82 82 -31.5642
82 82 -30.4662
82 82 -30.5619
82 82 -34.097
82 82 -37.9023
82 82 -33.4109
82 82 -39.2635
82 82 -34.1166
82 82 -38.6779
82 82 -35.0454
82 82 -39.1646
82 82 -34.1583
82 82 -32.3198
82 82 -31.5396
82 82 -32.3198
82 82 -35.0435
82 82 -32.3198
82 82 -34.1583
82 82 -30.0879
82 82 -40.063
82 82 -44.9322
82 82 -39.2921
82 82 -54.7717
82 82 -38.574
82 82 -47.6198
82 82 -40.0858
82 82 -49.9063
82 82 -26.5899
82 82 -44.5925
82 82 -23.3786
82 82 -42.2958
82 82 -22.152
82 82 -42.8514
82 82 -26.5899
82 82 -43.1297
82 82 -50.3955
82 82 -55.3601
82 82 -43.6941
82 82 -54.0967
82 82 -44.3978
82 82 -50.6129
82 82 -46.5492
82 82 -53.7251
82 82 -45.0946
82 82 -45.0955
82 82 -42.7379
82 82 -46.278
82 82 -42.0542
82 82 -48.7509
82 82 -45.0946
82 82 -46.2241
82 82 -28.0849
82 82 -46.4279
82 82 -27.744
82 82 -44.6765
82 82 -28.0849
82 82 -46.4279
82 82 -23.23
82 82 -44.5545
82 82 -18.6174
82 82 -42.078
82 82 -20.9117
82 82 -41.5673
82 82 -20.7716
82 82 -41.7318
82 82 -27.1606
82 82 -40.2312
83 83 -26.9718
83 83 -38.2134
83 83 -29.1528
83 83 -38.9797
83 83 -29.7789
83 83 -38.9797
83 83 -29.7789
83 83 -38.73
83 83 -56.3961
83 83 -53.621
83 83 -56.3961
83 83 -54.1059
83 83 -58.4713
83 83 -54.0539
83 83 -58.7837
83 83 -54.1059
83 83 -44.8322
83 83 -42.2856
83 83 -41.8343
83 83 -36.4895
83 83 -40.453
83 83 -37.8478
83 83 -41.3484
83 83 -37.1791
83 83 -31.7439
83 83 -31.8332
83 83 -25.2108
83 83 -31.1328
83 83 -33.1998
83 83 -30.4304
83 83 -31.7439
83 83 -32.0057
83 83 -38.6161
83 83 -34.8809
83 83 -33.3252
83 83 -35.0229
83 83 -33.9036
83 83 -32.2287
83 83 -33.8136
83 83 -31.874
83 83 -25.0445
83 83 -33.3136
83 83 -27.7224
83 83 -33.337
83 83 -22.9181
83 83 -32.8457
83 83 -26.2327
83 83 -33.6982
83 83 -51.9029
83 83 -34.4512
83 83 -47.5703
83 83 -32.5589
83 83 -46.8887
83 83 -30.0813
83 83 -51.5856
83 83 -32.5589
83 83 -58.0821
83 83 -42.711
83 83 -58.8681
83 83 -41.8106
83 83 -57.7505
83 83 -43.0225
83 83 -59.7804
83 83 -40.1634
83 83 -39.6262
83 83 -31.8947
83 83 -43.1062
83 83 -31.4825
83 83 -45.8742
83 83 -32.3007
83 83 -39.6262
83 83 -33.3647
83 83 -34.8141
83 83 -36.6642
83 83 -29.7915
83 83 -39.6459
83 83 -33.8902
83 83 -37.5589
83 83 -35.5279
83 83 -35.7887
83 83 -27.7504
83 83 -31.7815
83 83 -27.3742
83 83 -33.8099
83 83 -26.6027
83 83 -33.5794
83 83 -23.6917
83 83 -31.5895
83 83 -58.0692
83 83 -25.3876
83 83 -53.4775
83 83 -29.3848
83 83 -54.625
83 83 -30.5133
83 83 -58.557
83 83 -29.3848
83 83 -32.5898
83 83 -38.6451
83 83 -31.6293
83 83 -33.313
83 83 -31.6293
83 83 -38.7757
83 83 -31.6293
83 83 -38.7757
83 83 -52.6495
83 83 -47.9474
83 83 -51.8243
83 83 -50.4822
83 83 -54.4143
83 83 -49.8801
83 83 -50.528
83 83 -47.3512
83 83 -46.2143
83 83 -31.8723
83 83 -46.4269
83 83 -30.9756
83 83 -42.991
83 83 -35.4293
83 83 -46.4885
83 83 -31.5392
83 83 -55.3921
83 83 -46.1848
83 83 -55.7644
83 83 -46.5922
83 83 -55.7312
83 83 -46.1831
83 83 -52.2178
83 83 -45.4629
83 83 -43.3906
83 83 -30.8171
83 83 -50.0102
83 83 -30.9732
83 83 -49.1346
83 83 -30.9161
83 83 -44.7051
83 83 -29.704
83 83 -64.1637
83 83 -37.9301
83 83 -61.6426
83 83 -41.9279
83 83 -65.0223
83 83 -41.1479
83 83 -64.9998
83 83 -37.0284
83 83 -54.7563
83 83 -50.4362
83 83 -54.9346
83 83 -47.9301
83 83 -53.2117
83 83 -50.0072
83 83 -55.4212
83 83 -54.0547
83 83 -31.7101
83 83 -43.5152
83 83 -35.8216
83 83 -41.1844
83 83 -31.7101
83 83 -41.2924
83 83 -30.9376
83 83 -41.2924
83 83 -27.3194
83 83 -33.0503
83 83 -26.707
83 83 -33.0503
83 83 -26.288
83 83 -30.5461
83 83 -26.489
83 83 -32.0516
83 83 -38.6314
83 83 -44.2885
83 83 -39.1376
83 83 -44.7355
83 83 -37.3738
83 83 -44.1773
83 83 -36.289
83 83 -44.1754
83 83 -51.3696
83 83 -51.1124
83 83 -53.5874
83 83 -49.6405
83 83 -52.0389
83 83 -49.1866
83 83 -52.4414
83 83 -48.466
83 83 -55.5202
83 83 -45.8448
83 83 -55.9873
83 83 -38.2343
83 83 -53.9801
83 83 -47.4755
83 83 -56.7359
83 83 -38.2343
83 83 -36.0893
83 83 -33.4511
83 83 -33.2946
83 83 -33.9586
83 83 -34.3584
83 83 -34.889
83 83 -34.2938
83 83 -33.3875
83 83 -29.6297
83 83 -33.1546
83 83 -32.1085
83 83 -30.3105
83 83 -32.7231
83 83 -29.4554
83 83 -31.9003
83 83 -31.127
83 83 -47.1683
83 83 -35.8963
83 83 -49.4998
83 83 -37.4358
83 83 -41.6713
83 83 -34.6939
83 83 -47.1683
83 83 -33.7163
83 83 -40.1886
83 83 -27.7572
83 83 -33.5174
83 83 -28.2486
83 83 -44.1105
83 83 -28.9517
83 83 -40.1886
83 83 -28.9517
84 84 -35.9858
84 84 -45.137
84 84 -35.1441
84 84 -44.9321
84 84 -36.1864
84 84 -44.9144
84 84 -25.1203
84 84 -44.6842
84 84 -37.1665
84 84 -38.5045
84 84 -29.1485
84 84 -38.6824
84 84 -37.4221
84 84 -38.5005
84 84 -37.0938
84 84 -38.6824
84 84 -40.4542
84 84 -40.7323
84 84 -39.0447
84 84 -41.1353
84 84 -40.0852
84 84 -40.6319
84 84 -37.3482
84 84 -42.3845
84 84 -23.2001
84 84 -46.3077
84 84 -25.3499
84 84 -44.93
84 84 -25.7984
84 84 -44.93
84 84 -24.5061
84 84 -49.6204
84 84 -25.1908
84 84 -47.8374
84 84 -30.7872
84 84 -46.6622
84 84 -30.9626
84 84 -48.3686
84 84 -26.4886
84 84 -50.8787
84 84 -30.3422
84 84 -53.8422
84 84 -30.4431
84 84 -53.2811
84 84 -28.0398
84 84 -53.7577
84 84 -30.4431
84 84 -53.7319
84 84 -18.259
84 84 -47.2288
84 84 -23.4773
84 84 -49.7057
84 84 -17.3064
84 84 -45.7285
84 84 -18.0226
84 84 -46.7733
84 84 -45.5121
84 84 -30.6259
84 84 -44.4453
84 84 -27.247
84 84 -45.6782
84 84 -30.6867
84 84 -45.0991
84 84 -32.7817
84 84 -45.72
84 84 -37.0825
84 84 -44.474
84 84 -40.3277
84 84 -45.5816
84 84 -40.0084
84 84 -44.5044
84 84 -40.0084
84 84 -22.3474
84 84 -46.8621
84 84 -19.9868
84 84 -49.322
84 84 -19.2962
84 84 -48.8871
84 84 -26.2001
84 84 -47.5178
84 84 -24.0181
84 84 -36.0846
84 84 -27.5156
84 84 -45.7921
84 84 -29.3641
84 84 -42.6366
84 84 -26.5573
84 84 -45.7434
84 84 -21.6267
84 84 -35.4562
84 84 -22.4902
84 84 -37.993
84 84 -20.7244
84 84 -35.188
84 84 -20.9856
84 84 -37.482
84 84 -19.8932
84 84 -39.2465
84 84 -21.763
84 84 -38.1556
84 84 -19.3549
84 84 -38.1556
84 84 -19.618
84 84 -36.3477
84 84 -31.3289
84 84 -46.9587
84 84 -35.4549
84 84 -46.0648
84 84 -34.7499
84 84 -44.193
84 84 -34.8704
84 84 -45.8944
84 84 -35.621
84 84 -44.7332
84 84 -36.1328
84 84 -44.7332
84 84 -37.3273
84 84 -45.5901
84 84 -35.8484
84 84 -44.9673
84 84 -21.0899
84 84 -36.9129
84 84 -21.7834
84 84 -34.4743
84 84 -19.8343
84 84 -38.6677
84 84 -18.6282
84 84 -38.6677
84 84 -44.1551
84 84 -35.3034
84 84 -44.1111
84 84 -35.2932
84 84 -44.1111
84 84 -35.3647
84 84 -43.7654
84 84 -36.2015
84 84 -33.3177
84 84 -21.2734
84 84 -34.4045
84 84 -30.3837
84 84 -33.3728
84 84 -28.6776
84 84 -33.3018
84 84 -24.8171
84 84 -38.4636
84 84 -47.5534
84 84 -33.842
84 84 -47.9488
84 84 -29.1689
84 84 -48.7509
84 84 -36.7598
84 84 -48.5174
84 84 -36.4949
84 84 -52.3182
84 84 -37.2707
84 84 -49.7977
84 84 -40.4733
84 84 -51.42
84 84 -38.9222
84 84 -50.6345
84 84 -37.3884
84 84 -47.5302
84 84 -38.7979
84 84 -47.5302
84 84 -34.5566
84 84 -47.5285
84 84 -39.0124
84 84 -47.5302
84 84 -41.2616
84 84 -40.3826
84 84 -41.4701
84 84 -39.6138
84 84 -35.0853
84 84 -37.2839
84 84 -38.8267
84 84 -39.164
84 84 -32.3046
84 84 -35.037
84 84 -32.9661
84 84 -38.8257
84 84 -43.8392
84 84 -37.7634
84 84 -35.8913
84 84 -35.4224
84 84 -20.8947
84 84 -47.6248
84 84 -31.8481
84 84 -48.0419
84 84 -20.8947
84 84 -50.1829
84 84 -24.6709
84 84 -49.036
84 84 -32.3882
84 84 -44.3
84 84 -32.2305
84 84 -44.1856
84 84 -28.4249
84 84 -45.2132
84 84 -33.4507
84 84 -44.6077
84 84 -21.3096
84 84 -42.9769
84 84 -19.3611
84 84 -42.3214
84 84 -22.1478
84 84 -42.3452
84 84 -22.8305
84 84 -38.8268
84 84 -32.2941
84 84 -46.0105
84 84 -33.071
84 84 -45.4462
84 84 -30.5223
84 84 -44.9778
84 84 -24.0364
84 84 -44.9778
84 84 -25.9338
84 84 -40.7485
84 84 -26.2242
84 84 -35.0522
84 84 -22.407
84 84 -38.1185
84 84 -22.1363
84 84 -37.0892
85 85 -17.4977
85 85 -32.7991
85 85 -19.2739
85 85 -27.8286
85 85 -17.4977
85 85 -31.3416
85 85 -16.8742
85 85 -30.1141
85 85 -25.3761
85 85 -26.8476
85 85 -25.7769
85 85 -27.8323
85 85 -25.0516
85 85 -26.9418
85 85 -25.5836
85 85 -27.0864
85 85 -25.2749
85 85 -49.3296
85 85 -25.1465
85 85 -50.3278
85 85 -25.947
85 85 -49.3762
85 85 -24.6747
85 85 -50.9883
85 85 -14.8309
85 85 -30.0249
85 85 -16.263
85 85 -24.4971
85 85 -14.8336
85 85 -30.0409
85 85 -19.0356
85 85 -27.6463
85 85 -37.1633
85 85 -41.576
85 85 -39.2824
85 85 -42.9019
85 85 -43.0975
85 85 -39.4691
85 85 -35.3082
85 85 -40.0219
85 85 -21.0727
85 85 -23.4324
85 85 -20.6817
85 85 -23.4324
85 85 -15.3688
85 85 -24.6135
85 85 -15.3688
85 85 -23.4324
85 85 -26.3462
85 85 -46.0667
85 85 -24.2161
85 85 -45.7452
85 85 -24.8347
85 85 -45.2714
85 85 -24.2161
85 85 -45.3076
85 85 -23.3361
85 85 -38.1062
85 85 -23.5153
85 85 -39.5095
85 85 -23.0728
85 85 -39.5095
85 85 -23.3483
85 85 -38.117
85 85 -43.4226
85 85 -57.7838
85 85 -36.0206
85 85 -57.5691
85 85 -36.0206
85 85 -57.2064
85 85 -39.6793
85 85 -57.5397
85 85 -23.7894
85 85 -22.8032
85 85 -22.3093
85 85 -23.0386
85 85 -24.5626
85 85 -23.0386
85 85 -23.7894
85 85 -22.427
85 85 -30.587
85 85 -38.6187
85 85 -31.4315
85 85 -40.3268
85 85 -30.3648
85 85 -44.2855
85 85 -27.2961
85 85 -41.2002
85 85 -25.4831
85 85 -26.6761
85 85 -23.8437
85 85 -26.6921
85 85 -25.6838
85 85 -25.4647
85 85 -25.4831
85 85 -25.3593
85 85 -25.5426
85 85 -54.0465
85 85 -23.1633
85 85 -53.6304
85 85 -25.7584
85 85 -54.3367
85 85 -24.9669
85 85 -50.2395
85 85 -24.2257
85 85 -31.2707
85 85 -24.7826
85 85 -31.2429
85 85 -24.9715
85 85 -33.5058
85 85 -24.2331
85 85 -31.1674
85 85 -28.2661
85 85 -47.8309
85 85 -29.1049
85 85 -46.3895
85 85 -32.4294
85 85 -46.3895
85 85 -33.1789
85 85 -45.2918
85 85 -20.8306
85 85 -35.7335
85 85 -21.2641
85 85 -37.5586
85 85 -21.5808
85 85 -37.1526
85 85 -21.2352
85 85 -35.7335
85 85 -19.5805
85 85 -46.8249
85 85 -20.2198
85 85 -45.3628
85 85 -20.3241
85 85 -46.2537
85 85 -21.9391
85 85 -48.8797
85 85 -25.1974
85 85 -49.8916
85 85 -24.961
85 85 -45.2207
85 85 -25.8891
85 85 -48.9897
85 85 -24.7717
85 85 -45.2161
85 85 -28.2675
85 85 -39.6507
85 85 -30.8981
85 85 -40.9544
85 85 -29.4241
85 85 -39.5121
85 85 -32.1214
85 85 -40.8469
85 85 -29.2241
85 85 -28.5611
85 85 -30.0541
85 85 -28.1817
85 85 -27.9857
85 85 -29.2124
85 85 -31.1314
85 85 -28.1951
85 85 -27.1448
85 85 -46.5366
85 85 -26.4793
85 85 -47.7861
85 85 -28.0505
85 85 -47.7861
85 85 -28.077
85 85 -46.1068
85 85 -24.5811
85 85 -57.0471
85 85 -24.9595
85 85 -56.5049
85 85 -25.7536
85 85 -57.7081
85 85 -24.2793
85 85 -56.4956
85 85 -22.4666
85 85 -31.0853
85 85 -22.9185
85 85 -28.8825
85 85 -23.8506
85 85 -28.6265
85 85 -23.8506
85 85 -31.1705
85 85 -15.6796
85 85 -30.6694
85 85 -17.5153
85 85 -28.7716
85 85 -17.2274
85 85 -28.4319
85 85 -16.599
85 85 -28.9028
85 85 -49.5597
85 85 -48.9557
85 85 -49.5597
85 85 -47.8074
85 85 -51.8204
85 85 -49.1314
85 85 -50.4138
85 85 -49.0874
85 85 -49.3953
85 85 -54.5769
85 85 -50.6005
85 85 -54.4407
85 85 -51.564
85 85 -55.2121
85 85 -51.7796
85 85 -54.7493
85 85 -23.9742
85 85 -56.796
85 85 -25.0854
85 85 -55.2618
85 85 -25.0902
85 85 -57.1595
85 85 -24.5789
85 85 -57.3597
85 85 -26.4961
85 85 -40.1716
85 85 -29.5529
85 85 -42.802
85 85 -27.4156
85 85 -40.349
85 85 -29.9294
85 85 -41.4143
86 86 -33.2799
86 86 -44.3451
86 86 -40.5625
86 86 -41.51
86 86 -40.5625
86 86 -43.3432
86 86 -41.6897
86 86 -39.0299
86 86 -43.83
86 86 -43.2254
86 86 -44.2053
86 86 -42.9751
86 86 -42.8146
86 86 -42.7065
86 86 -42.4183
86 86 -43.2866
86 86 -28.0156
86 86 -52.0747
86 86 -29.5734
86 86 -50.605
86 86 -35.3047
86 86 -48.8908
86 86 -28.8837
86 86 -50.6063
86 86 -24.0612
86 86 -51.553
86 86 -24.6052
86 86 -49.7254
86 86 -25.2226
86 86 -48.7413
86 86 -26.3833
86 86 -50.3651
86 86 -38.0917
86 86 -47.082
86 86 -37.9187
86 86 -48.0788
86 86 -32.6982
86 86 -48.4931
86 86 -31.9314
86 86 -48.216
86 86 -42.6271
86 86 -47.6508
86 86 -32.9347
86 86 -45.6096
86 86 -42.5681
86 86 -47.4829
86 86 -37.9826
86 86 -48.9906
86 86 -41.2176
86 86 -52.5674
86 86 -44.2561
86 86 -51.6753
86 86 -44.4229
86 86 -51.8738
86 86 -45.888
86 86 -53.3974
86 86 -49.8779
86 86 -50.7484
86 86 -50.2909
86 86 -52.7117
86 86 -50.5854
86 86 -51.877
86 86 -49.8874
86 86 -51.6323
86 86 -47.2166
86 86 -50.9052
86 86 -49.1966
86 86 -51.5861
86 86 -45.2765
86 86 -50.6848
86 86 -47.2166
86 86 -52.1163
86 86 -50.4147
86 86 -52.158
86 86 -50.6307
86 86 -51.3014
86 86 -50.5242
86 86 -50.536
86 86 -50.5242
86 86 -52.0022
86 86 -48.0184
86 86 -50.3464
86 86 -48.5314
86 86 -50.1825
86 86 -48.5314
86 86 -51.8316
86 86 -50.6334
86 86 -51.4802
86 86 -19.7376
86 86 -52.2873
86 86 -19.7376
86 86 -49.5106
86 86 -24.2695
86 86 -50.5158
86 86 -19.7376
86 86 -50.9682
86 86 -35.5164
86 86 -50.1161
86 86 -40.1645
86 86 -50.1236
86 86 -26.6778
86 86 -51.0361
86 86 -41.1152
86 86 -50.1236
86 86 -27.9295
86 86 -37.9597
86 86 -29.2043
86 86 -37.0237
86 86 -28.7891
86 86 -37.2171
86 86 -28.7453
86 86 -33.4725
86 86 -27.9247
86 86 -51.8007
86 86 -25.3732
86 86 -52.3553
86 86 -25.9171
86 86 -52.1068
86 86 -27.4582
86 86 -52.7616
86 86 -27.8843
86 86 -47.7689
86 86 -26.9863
86 86 -45.1427
86 86 -23.3213
86 86 -48.4605
86 86 -23.3282
86 86 -48.4292
86 86 -27.3217
86 86 -41.0932
86 86 -26.1269
86 86 -38.4695
86 86 -27.5637
86 86 -39.0845
86 86 -29.4411
86 86 -40.4858
86 86 -51.3906
86 86 -50.2204
86 86 -50.5724
86 86 -51.8128
86 86 -49.9353
86 86 -52.0033
86 86 -50.3708
86 86 -51.9286
86 86 -24.4314
86 86 -46.8876
86 86 -41.2718
86 86 -46.3058
86 86 -25.0546
86 86 -46.8876
86 86 -32.8051
86 86 -47.6506
86 86 -48.3632
86 86 -49.0421
86 86 -48.5328
86 86 -48.1205
86 86 -46.8843
86 86 -48.3993
86 86 -48.5328
86 86 -48.3993
86 86 -49.6964
86 86 -51.4978
86 86 -50.3228
86 86 -51.5456
86 86 -49.6964
86 86 -52.1219
86 86 -49.9155
86 86 -51.4978
86 86 -47.1655
86 86 -53.0216
86 86 -48.3674
86 86 -52.2528
86 86 -49.7548
86 86 -52.2542
86 86 -48.6894
86 86 -52.2061
86 86 -39.6452
86 86 -44.9693
86 86 -36.535
86 86 -44.9693
86 86 -43.7257
86 86 -45.1749
86 86 -29.4901
86 86 -43.0051
86 86 -19.9168
86 86 -47.9267
86 86 -23.6709
86 86 -49.5598
86 86 -21.2276
86 86 -45.8967
86 86 -28.1249
86 86 -49.2727
86 86 -29.5833
86 86 -49.8804
86 86 -28.5441
86 86 -49.1797
86 86 -29.4872
86 86 -49.8857
86 86 -29.3372
86 86 -49.8804
86 86 -25.7133
86 86 -41.2169
86 86 -27.7504
86 86 -43.69
86 86 -25.8418
86 86 -44.1655
86 86 -25.7013
86 86 -44.1655
86 86 -21.834
86 86 -45.5386
86 86 -23.6494
86 86 -48.6623
86 86 -23.4569
86 86 -46.2349
86 86 -25.5858
86 86 -47.342
86 86 -17.5565
86 86 -44.0375
86 86 -20.671
86 86 -44.4867
86 86 -18.6155
86 86 -44.7676
86 86 -17.5565
86 86 -45.7383
87 87 -62.9918
87 87 -26.9816
87 87 -62.6579
87 87 -26.9816
87 87 -62.7601
87 87 -34.7814
87 87 -62.6904
87 87 -27.2131
87 87 -61.4713
87 87 -45.1308
87 87 -62.0823
87 87 -48.0595
87 87 -60.1274
87 87 -46.9573
87 87 -63.0204
87 87 -43.9538
87 87 -58.1989
87 87 -55.2974
87 87 -57.7097
87 87 -55.2974
87 87 -58.918
87 87 -54.3874
87 87 -58.0205
87 87 -54.3868
87 87 -32.5357
87 87 -43.4308
87 87 -32.4155
87 87 -46.4438
87 87 -31.5806
87 87 -40.2235
87 87 -31.5806
87 87 -42.3654
87 87 -58.1573
87 87 -58.9361
87 87 -55.2446
87 87 -59.0939
87 87 -57.2398
87 87 -58.5992
87 87 -55.7353
87 87 -59.3101
87 87 -55.5357
87 87 -59.5226
87 87 -56.9247
87 87 -60.2779
87 87 -55.7887
87 87 -58.4713
87 87 -56.7398
87 87 -61.1719
87 87 -59.9718
87 87 -60.0629
87 87 -59.9732
87 87 -59.7434
87 87 -60.7188
87 87 -59.6932
87 87 -60.3257
87 87 -59.5249
87 87 -31.0823
87 87 -51.4906
87 87 -32.6169
87 87 -47.3674
87 87 -30.6601
87 87 -50.6444
87 87 -37.274
87 87 -47.261
87 87 -55.7364
87 87 -57.4197
87 87 -53.0896
87 87 -57.4184
87 87 -55.7364
87 87 -58.7717
87 87 -53.0396
87 87 -57.9277
87 87 -37.5334
87 87 -59.6996
87 87 -35.0364
87 87 -65.8348
87 87 -40.9749
87 87 -59.5478
87 87 -31.615
87 87 -62.5264
87 87 -47.8009
87 87 -66.0308
87 87 -44.8741
87 87 -66.4854
87 87 -48.0423
87 87 -65.3831
87 87 -44.8385
87 87 -66.4489
87 87 -56.5944
87 87 -60.2441
87 87 -53.7115
87 87 -62.8899
87 87 -54.7495
87 87 -62.9144
87 87 -56.3708
87 87 -61.3887
87 87 -60.2659
87 87 -58.6266
87 87 -59.2695
87 87 -58.4854
87 87 -56.3078
87 87 -58.4693
87 87 -44.8093
87 87 -58.1676
87 87 -58.5068
87 87 -48.3703
87 87 -58.5068
87 87 -48.3703
87 87 -58.0663
87 87 -47.5948
87 87 -58.2129
87 87 -47.5526
87 87 -37.3114
87 87 -44.5639
87 87 -44.3013
87 87 -46.228
87 87 -42.1821
87 87 -45.8415
87 87 -37.7236
87 87 -46.7721
87 87 -61.044
87 87 -61.5319
87 87 -59.2868
87 87 -59.6817
87 87 -58.8834
87 87 -61.551
87 87 -60.7789
87 87 -59.9353
87 87 -63.7757
87 87 -56.7008
87 87 -62.7884
87 87 -56.645
87 87 -65.5923
87 87 -55.8166
87 87 -62.7884
87 87 -56.7008
87 87 -62.7768
87 87 -60.42
87 87 -58.9938
87 87 -60.3859
87 87 -58.9008
87 87 -59.4993
87 87 -62.3954
87 87 -58.8809
87 87 -56.4459
87 87 -62.7483
87 87 -56.4529
87 87 -64.2793
87 87 -53.952
87 87 -64.2793
87 87 -52.9668
87 87 -62.8803
87 87 -43.5985
87 87 -50.1355
87 87 -40.979
87 87 -49.039
87 87 -45.6997
87 87 -48.6717
87 87 -41.1639
87 87 -49.8421
87 87 -55.2683
87 87 -33.2933
87 87 -53.4855
87 87 -35.336
87 87 -52.5009
87 87 -38.0727
87 87 -54.1068
87 87 -34.0816
87 87 -51.9647
87 87 -49.6093
87 87 -51.9164
87 87 -44.2335
87 87 -51.8124
87 87 -46.2606
87 87 -51.3782
87 87 -45.6054
87 87 -46.5896
87 87 -43.2893
87 87 -42.3352
87 87 -45.4524
87 87 -47.692
87 87 -51.7423
87 87 -40.9917
87 87 -38.8873
87 87 -58.2724
87 87 -60.4576
87 87 -60.4168
87 87 -57.8247
87 87 -58.6379
87 87 -60.7571
87 87 -57.6599
87 87 -61.8999
87 87 -27.0277
87 87 -34.195
87 87 -26.8228
87 87 -30.9608
87 87 -24.8399
87 87 -29.4172
87 87 -25.1711
87 87 -38.8148
87 87 -57.5254
87 87 -53.7954
87 87 -57.7983
87 87 -51.1382
87 87 -58.3266
87 87 -52.6312
87 87 -58.2306
87 87 -46.7242
87 87 -25.073
87 87 -35.5648
87 87 -26.8499
87 87 -39.1346
87 87 -25.8276
87 87 -39.1342
87 87 -27.3676
87 87 -33.8583
87 87 -27.922
87 87 -45.5825
87 87 -29.4873
87 87 -44.6687
87 87 -29.507
87 87 -44.9649
87 87 -28.16
87 87 -44.2703
88 88 -20.8669
88 88 -40.8861
88 88 -21.6205
88 88 -39.7459
88 88 -28.2436
88 88 -40.452
88 88 -21.1064
88 88 -40.9897
88 88 -25.99
88 88 -40.1121
88 88 -26.2283
88 88 -39.5002
88 88 -25.032
88 88 -38.9855
88 88 -25.5276
88 88 -40.6316
88 88 -24.2403
88 88 -25.901
88 88 -24.0229
88 88 -30.1525
88 88 -24.3511
88 88 -24.9271
88 88 -24.0229
88 88 -25.901
88 88 -31.4439
88 88 -41.0246
88 88 -32.3799
88 88 -41.0987
88 88 -32.6704
88 88 -39.645
88 88 -31.3751
88 88 -40.0774
88 88 -27.6367
88 88 -27.745
88 88 -25.978
88 88 -27.9068
88 88 -26.4756
88 88 -27.7371
88 88 -27.3822
88 88 -25.7797
88 88 -25.4273
88 88 -38.4193
88 88 -23.4743
88 88 -37.9648
88 88 -23.7738
88 88 -37.9144
88 88 -23.9687
88 88 -37.9144
88 88 -21.8206
88 88 -23.3792
88 88 -21.8206
88 88 -23.3792
88 88 -22.6745
88 88 -24.4847
88 88 -20.8757
88 88 -24.1107
88 88 -24.2762
88 88 -39.7682
88 88 -27.8842
88 88 -39.7036
88 88 -27.1964
88 88 -39.8269
88 88 -27.3062
88 88 -40.4609
88 88 -24.9482
88 88 -32.5686
88 88 -24.1981
88 88 -32.5686
88 88 -22.9649
88 88 -30.1457
88 88 -24.6559
88 88 -34.719
88 88 -29.2019
88 88 -40.304
88 88 -28.0402
88 88 -39.2349
88 88 -29.3527
88 88 -39.9188
88 88 -27.9477
88 88 -41.1341
88 88 -27.0603
88 88 -39.079
88 88 -29.1882
88 88 -39.1356
88 88 -28.3981
88 88 -39.3037
88 88 -27.7271
88 88 -39.1761
88 88 -26.1054
88 88 -38.178
88 88 -28.6579
88 88 -38.7171
88 88 -27.8385
88 88 -38.7171
88 88 -26.1054
88 88 -38.7171
88 88 -23.3872
88 88 -21.3974
88 88 -24.0433
88 88 -20.5013
88 88 -23.9799
88 88 -22.2426
88 88 -23.3443
88 88 -21.535
88 88 -24.5364
88 88 -27.4869
88 88 -26.2547
88 88 -26.8548
88 88 -26.6562
88 88 -26.8279
88 88 -22.7816
88 88 -27.7577
88 88 -24.2656
88 88 -35.1895
88 88 -24.9849
88 88 -35.1895
88 88 -24.7634
88 88 -35.1386
88 88 -25.533
88 88 -30.0681
88 88 -43.2066
88 88 -44.1992
88 88 -43.2066
88 88 -46.0025
88 88 -42.6452
88 88 -42.71
88 88 -41.7564
88 88 -42.1001
88 88 -26.7526
88 88 -37.6875
88 88 -27.7111
88 88 -37.2226
88 88 -27.4007
88 88 -39.6273
88 88 -28.3878
88 88 -38.8015
88 88 -60.5854
88 88 -50.3749
88 88 -56.9253
88 88 -51.2605
88 88 -58.0264
88 88 -50.8568
88 88 -60.6358
88 88 -53.2188
88 88 -48.2607
88 88 -50.3348
88 88 -48.0941
88 88 -50.1219
88 88 -47.7316
88 88 -49.5523
88 88 -45.7035
88 88 -49.5523
88 88 -47.3953
88 88 -50.2699
88 88 -44.4339
88 88 -51.2614
88 88 -42.196
88 88 -48.6046
88 88 -51.6259
88 88 -50.0247
88 88 -26.1611
88 88 -39.6044
88 88 -24.7394
88 88 -40.1011
88 88 -24.3863
88 88 -39.4903
88 88 -24.3863
88 88 -40.1716
88 88 -27.218
88 88 -39.01
88 88 -28.8866
88 88 -39.01
88 88 -28.8267
88 88 -39.4659
88 88 -28.3343
88 88 -39.5855
88 88 -29.4525
88 88 -40.0801
88 88 -29.0585
88 88 -40.9483
88 88 -28.7362
88 88 -39.7376
88 88 -29.1659
88 88 -40.3458
88 88 -22.5254
88 88 -34.313
88 88 -23.3687
88 88 -35.9545
88 88 -21.0868
88 88 -36.3383
88 88 -21.8585
88 88 -31.8854
88 88 -26.1405
88 88 -40.4225
88 88 -26.1405
88 88 -40.8956
88 88 -25.8902
88 88 -40.7605
88 88 -25.7925
88 88 -39.3968
88 88 -26.6558
88 88 -25.0351
88 88 -25.8093
88 88 -26.5783
88 88 -24.7619
88 88 -26.6051
88 88 -25.4465
88 88 -26.0631
88 88 -22.2235
88 88 -31.4353
88 88 -21.2897
88 88 -36.0963
88 88 -22.5051
88 88 -33.59
88 88 -22.5051
88 88 -36.2278
89 89 -31.3074
89 89 -44.0424
89 89 -32.4509
89 89 -43.7798
89 89 -32.5468
89 89 -40.2021
89 89 -33.1782
89 89 -42.6151
89 89 -24.5589
89 89 -39.0638
89 89 -24.3798
89 89 -39.9303
89 89 -25.2928
89 89 -40.3078
89 89 -24.0492
89 89 -40.1149
89 89 -22.7708
89 89 -33.1406
89 89 -25.1832
89 89 -32.5862
89 89 -23.2836
89 89 -31.8196
89 89 -27.0477
89 89 -33.1406
89 89 -22.8875
89 89 -29.0721
89 89 -24.915
89 89 -29.4545
89 89 -29.2699
89 89 -27.9937
89 89 -29.1126
89 89 -28.3068
89 89 -25.7516
89 89 -38.5688
89 89 -23.9112
89 89 -38.5688
89 89 -30.9415
89 89 -39.7004
89 89 -24.4849
89 89 -33.7901
89 89 -27.9672
89 89 -28.9821
89 89 -24.6746
89 89 -27.7084
89 89 -26.8466
89 89 -25.9186
89 89 -26.2126
89 89 -26.84
89 89 -39.0219
89 89 -38.7395
89 89 -33.8324
89 89 -37.779
89 89 -35.382
89 89 -33.3395
89 89 -30.5244
89 89 -35.2939
89 89 -35.9572
89 89 -44.1396
89 89 -36.2101
89 89 -46.172
89 89 -40.2316
89 89 -44.4798
89 89 -34.8783
89 89 -44.4201
89 89 -33.1454
89 89 -35.7203
89 89 -34.0305
89 89 -36.0408
89 89 -26.8705
89 89 -32.7945
89 89 -30.8547
89 89 -32.0046
89 89 -21.035
89 89 -27.9985
89 89 -20.8774
89 89 -27.1903
89 89 -20.8774
89 89 -30.3681
89 89 -17.5875
89 89 -28.5683
89 89 -46.1739
89 89 -38.7462
89 89 -43.9245
89 89 -41.642
89 89 -44.1767
89 89 -41.642
89 89 -47.3208
89 89 -47.0822
89 89 -18.8132
89 89 -33.649
89 89 -21.735
89 89 -32.4058
89 89 -20.6561
89 89 -30.4592
89 89 -22.442
89 89 -33.4598
89 89 -25.5311
89 89 -43.9917
89 89 -26.4271
89 89 -43.3711
89 89 -27.3548
89 89 -42.5998
89 89 -25.2126
89 89 -41.3967
89 89 -38.3334
89 89 -45.3577
89 89 -38.3334
89 89 -45.1267
89 89 -37.1048
89 89 -46.597
89 89 -39.5216
89 89 -45.6805
89 89 -33.0413
89 89 -25.3394
89 89 -27.7521
89 89 -27.4253
89 89 -28.6777
89 89 -24.7378
89 89 -31.819
89 89 -25.4501
89 89 -22.3884
89 89 -30.1461
89 89 -23.2582
89 89 -28.5259
89 89 -23.1489
89 89 -31.935
89 89 -22.7257
89 89 -24.8435
89 89 -38.3264
89 89 -30.5952
89 89 -38.215
89 89 -30.1287
89 89 -40.6289
89 89 -31.6185
89 89 -39.3454
89 89 -30.5952
89 89 -20.4353
89 89 -29.264
89 89 -18.3742
89 89 -29.5987
89 89 -20.9917
89 89 -29.7859
89 89 -19.6551
89 89 -28.4194
89 89 -29.6754
89 89 -29.1651
89 89 -29.5589
89 89 -33.5099
89 89 -27.8245
89 89 -32.234
89 89 -27.9776
89 89 -32.8695
89 89 -36.1212
89 89 -46.5615
89 89 -36.3998
89 89 -47.2594
89 89 -33.8536
89 89 -48.5832
89 89 -33.6485
89 89 -47.0843
89 89 -23.6166
89 89 -26.8469
89 89 -22.433
89 89 -26.237
89 89 -26.2478
89 89 -26.7442
89 89 -22.6829
89 89 -26.7442
89 89 -24.258
89 89 -29.1286
89 89 -23.4277
89 89 -30.4887
89 89 -23.437
89 89 -29.9091
89 89 -23.6767
89 89 -26.8469
89 89 -18.0695
89 89 -32.4734
89 89 -22.8338
89 89 -33.4972
89 89 -17.4237
89 89 -33.4972
89 89 -19.8585
89 89 -30.6336
89 89 -29.9061
89 89 -30.3116
89 89 -27.767
89 89 -30.6451
89 89 -29.5443
89 89 -28.3465
89 89 -30.789
89 89 -28.4154
89 89 -26.1578
89 89 -29.3922
89 89 -26.8322
89 89 -29.8542
89 89 -26.4819
89 89 -28.1668
89 89 -25.8114
89 89 -27.9095
89 89 -25.2523
89 89 -31.3762
89 89 -26.6955
89 89 -29.8771
89 89 -26.084
89 89 -29.3758
89 89 -26.9974
89 89 -31.2644
89 89 -27.6532
89 89 -25.8887
89 89 -27.4707
89 89 -23.9746
89 89 -28.0465
89 89 -23.9154
89 89 -23.8192
89 89 -26.1416
89 89 -19.4468
89 89 -45.7374
89 89 -19.1189
89 89 -45.7374
89 89 -18.8453
89 89 -47.2941
89 89 -20.026
89 89 -45.731
90 90 -38.3182
90 90 -29.7426
90 90 -37.8248
90 90 -33.1076
90 90 -36.2668
90 90 -32.0159
90 90 -36.9662
90 90 -32.3435
90 90 -32.4965
90 90 -30.595
90 90 -34.0497
90 90 -30.1665
90 90 -31.0168
90 90 -29.5677
90 90 -35.9985
90 90 -30.0129
90 90 -32.902
90 90 -19.9997
90 90 -36.118
90 90 -19.3844
90 90 -28.4582
90 90 -17.73
90 90 -28.1257
90 90 -19.3643
90 90 -29.2672
90 90 -23.4427
90 90 -33.8364
90 90 -23.4663
90 90 -27.2742
90 90 -19.9788
90 90 -28.4231
90 90 -19.0753
90 90 -29.0585
90 90 -28.8229
90 90 -28.999
90 90 -29.8624
90 90 -28.9962
90 90 -28.715
90 90 -27.6373
90 90 -28.7054
90 90 -31.6242
90 90 -37.1812
90 90 -31.6242
90 90 -37.3316
90 90 -30.2977
90 90 -37.4306
90 90 -30.2977
90 90 -38.1576
90 90 -28.9266
90 90 -24.488
90 90 -28.7858
90 90 -24.488
90 90 -29.4728
90 90 -25.8257
90 90 -27.5515
90 90 -25.9816
90 90 -24.6127
90 90 -28.5664
90 90 -25.4936
90 90 -34.6798
90 90 -26.4704
90 90 -32.6355
90 90 -26.2629
90 90 -33.1843
90 90 -35.8337
90 90 -37.331
90 90 -37.2747
90 90 -37.283
90 90 -35.6944
90 90 -38.2261
90 90 -33.7202
90 90 -37.7708
90 90 -33.5428
90 90 -38.8147
90 90 -34.6076
90 90 -36.5847
90 90 -37.3538
90 90 -35.9638
90 90 -34.6856
90 90 -37.8099
90 90 -29.5583
90 90 -29.8495
90 90 -32.5686
90 90 -21.6766
90 90 -30.6598
90 90 -22.4588
90 90 -30.6598
90 90 -27.4726
90 90 -22.2443
90 90 -33.8812
90 90 -18.5221
90 90 -37.6704
90 90 -24.8495
90 90 -36.5705
90 90 -20.8045
90 90 -37.6704
90 90 -32.9165
90 90 -37.7211
90 90 -28.1697
90 90 -36.7753
90 90 -36.4325
90 90 -35.2508
90 90 -31.5567
90 90 -35.943
90 90 -28.1355
90 90 -27.9052
90 90 -30.9159
90 90 -32.7162
90 90 -30.8619
90 90 -32.9435
90 90 -30.9159
90 90 -34.0173
90 90 -28.2815
90 90 -39.6845
90 90 -25.082
90 90 -39.007
90 90 -29.9283
90 90 -40.5586
90 90 -23.4243
90 90 -40.4953
90 90 -29.4516
90 90 -39.2956
90 90 -33.0671
90 90 -38.4002
90 90 -35.3569
90 90 -39.6449
90 90 -32.0986
90 90 -38.5141
90 90 -20.7049
90 90 -35.5253
90 90 -25.2489
90 90 -34.4899
90 90 -25.3473
90 90 -35.7401
90 90 -25.2489
90 90 -37.7534
90 90 -28.1293
90 90 -37.736
90 90 -30.0108
90 90 -39.4553
90 90 -27.3959
90 90 -37.6106
90 90 -28.8869
90 90 -37.8126
90 90 -19.829
90 90 -36.3822
90 90 -19.9197
90 90 -38.41
90 90 -21.7553
90 90 -37.4498
90 90 -19.3299
90 90 -38.9567
90 90 -25.321
90 90 -31.8381
90 90 -26.7894
90 90 -28.1644
90 90 -25.0765
90 90 -30.163
90 90 -24.8308
90 90 -28.8031
90 90 -38.7755
90 90 -28.0071
90 90 -38.8993
90 90 -32.3348
90 90 -39.0078
90 90 -32.3809
90 90 -38.0556
90 90 -31.7493
90 90 -30.2092
90 90 -36.5271
90 90 -18.613
90 90 -36.1198
90 90 -22.1246
90 90 -33.4205
90 90 -19.8949
90 90 -35.2518
90 90 -19.3803
90 90 -39.0111
90 90 -27.9772
90 90 -39.1273
90 90 -28.6713
90 90 -39.6144
90 90 -27.9772
90 90 -40.6927
90 90 -30.6609
90 90 -30.5382
90 90 -29.2165
90 90 -30.6198
90 90 -29.8014
90 90 -31.1831
90 90 -28.392
90 90 -32.699
90 90 -24.5205
90 90 -37.4725
90 90 -15.4505
90 90 -37.6164
90 90 -20.2991
90 90 -35.3914
90 90 -21.5087
90 90 -36.9217
90 90 -26.752
90 90 -25.8171
90 90 -26.752
90 90 -26.0486
90 90 -20.5607
90 90 -27.5283
90 90 -27.9348
90 90 -25.0951
90 90 -28.5836
90 90 -32.8369
90 90 -29.0692
90 90 -34.5879
90 90 -30.1732
90 90 -33.2536
90 90 -28.0968
90 90 -34.5879
90 90 -43.2907
90 90 -52.8094
90 90 -40.2343
90 90 -53.8026
90 90 -39.8
90 90 -53.5672
90 90 -39.0344
90 90 -52.8094
91 91 -56.5452
91 91 -61.127
91 91 -55.8903
91 91 -61.2546
91 91 -55.3301
91 91 -61.3777
91 91 -56.6555
91 91 -61.2344
91 91 -32.2588
91 91 -41.248
91 91 -35.2945
91 91 -42.0269
91 91 -35.696
91 91 -41.8918
91 91 -33.7255
91 91 -42.0851
91 91 -19.2256
91 91 -27.5181
91 91 -20.3055
91 91 -29.6784
91 91 -19.3272
91 91 -31.0877
91 91 -17.5825
91 91 -36.2322
91 91 -29.5737
91 91 -42.9512
91 91 -30.0063
91 91 -44.2484
91 91 -25.0634
91 91 -41.9031
91 91 -27.9806
91 91 -42.3062
91 91 -27.4629
91 91 -38.4984
91 91 -26.9578
91 91 -39.8243
91 91 -26.289
91 91 -39.1446
91 91 -26.3569
91 91 -38.4984
91 91 -41.591
91 91 -41.6937
91 91 -41.8445
91 91 -41.7333
91 91 -39.6354
91 91 -43.3409
91 91 -40.001
91 91 -43.3594
91 91 -56.4691
91 91 -44.5554
91 91 -57.5489
91 91 -44.266
91 91 -57.1869
91 91 -44.2353
91 91 -57.3828
91 91 -44.3076
91 91 -39.8551
91 91 -42.6309
91 91 -38.9332
91 91 -42.7891
91 91 -43.3278
91 91 -42.0718
91 91 -39.5681
91 91 -43.4211
91 91 -35.2139
91 91 -41.7774
91 91 -36.8315
91 91 -41.0738
91 91 -38.0094
91 91 -40.7532
91 91 -36.9486
91 91 -40.5227
91 91 -30.5676
91 91 -36.6053
91 91 -30.0834
91 91 -36.1439
91 91 -29.0977
91 91 -35.0015
91 91 -32.7832
91 91 -37.1148
91 91 -43.2326
91 91 -45.2214
91 91 -42.784
91 91 -45.1133
91 91 -42.9781
91 91 -44.0321
91 91 -43.7031
91 91 -45.2214
91 91 -42.9788
91 91 -39.3254
91 91 -42.7878
91 91 -36.2028
91 91 -42.9788
91 91 -36.8098
91 91 -45.606
91 91 -37.2828
91 91 -30.2481
91 91 -39.1466
91 91 -28.9515
91 91 -38.1514
91 91 -28.5123
91 91 -38.1514
91 91 -29.1899
91 91 -39.0099
91 91 -39.4068
91 91 -44.6345
91 91 -39.9405
91 91 -45.3859
91 91 -38.9277
91 91 -44.5782
91 91 -39.1628
91 91 -44.606
91 91 -34.3442
91 91 -42.0888
91 91 -34.116
91 91 -41.9865
91 91 -33.0997
91 91 -41.8004
91 91 -33.8775
91 91 -38.4014
91 91 -50.0127
91 91 -50.0855
91 91 -50.3345
91 91 -49.247
91 91 -49.8508
91 91 -48.4803
91 91 -49.1558
91 91 -48.9296
91 91 -38.2789
91 91 -32.056
91 91 -38.809
91 91 -34.61
91 91 -36.5897
91 91 -32.275
91 91 -39.2114
91 91 -32.8649
91 91 -44.6603
91 91 -42.8021
91 91 -45.4358
91 91 -45.1384
91 91 -49.0445
91 91 -44.1453
91 91 -44.1882
91 91 -44.0315
91 91 -40.616
91 91 -41.3793
91 91 -39.3589
91 91 -42.2642
91 91 -39.0902
91 91 -41.9144
91 91 -39.3529
91 91 -40.0419
91 91 -33.7148
91 91 -44.5704
91 91 -35.6561
91 91 -43.2494
91 91 -32.6325
91 91 -45.0287
91 91 -33.9286
91 91 -45.7171
91 91 -32.4652
91 91 -43.7302
91 91 -27.5683
91 91 -44.0438
91 91 -30.2785
91 91 -44.9218
91 91 -31.3265
91 91 -44.0611
91 91 -42.2987
91 91 -42.264
91 91 -45.1625
91 91 -45.0524
91 91 -43.1437
91 91 -41.9515
91 91 -42.9165
91 91 -42.7256
91 91 -43.3737
91 91 -39.8225
91 91 -43.5426
91 91 -39.4616
91 91 -44.1261
91 91 -41.2042
91 91 -43.5426
91 91 -39.3491
91 91 -26.0178
91 91 -43.0864
91 91 -24.4109
91 91 -42.3705
91 91 -25.3768
91 91 -41.1181
91 91 -26.1489
91 91 -44.3612
91 91 -33.1321
91 91 -23.9556
91 91 -33.4339
91 91 -26.0312
91 91 -33.1321
91 91 -26.0481
91 91 -34.4527
91 91 -25.4988
91 91 -20.257
91 91 -34.4234
91 91 -19.2402
91 91 -28.4663
91 91 -19.4373
91 91 -29.3112
91 91 -21.0344
91 91 -31.2542
91 91 -36.1947
91 91 -42.2747
91 91 -37.5679
91 91 -42.6257
91 91 -38.9633
91 91 -42.0225
91 91 -37.9694
91 91 -42.7628
91 91 -46.6534
91 91 -54.469
91 91 -46.6534
91 91 -54.6038
91 91 -44.9122
91 91 -55.5109
91 91 -46.6534
91 91 -57.0159
92 92 -41.8623
92 92 -36.889
92 92 -40.0329
92 92 -38.1332
92 92 -42.9787
92 92 -38.2514
92 92 -41.3837
92 92 -38.1332
92 92 -29.1267
92 92 -40.6818
92 92 -33.8532
92 92 -40.6735
92 92 -31.2328
92 92 -39.132
92 92 -26.7298
92 92 -40.6735
92 92 -36.0291
92 92 -39.7002
92 92 -27.9515
92 92 -37.8627
92 92 -34.4125
92 92 -39.4553
92 92 -36.687
92 92 -42.4179
92 92 -34.6803
92 92 -41.5489
92 92 -35.3325
92 92 -40.8761
92 92 -39.6296
92 92 -40.9454
92 92 -36.7032
92 92 -41.5618
92 92 -31.9972
92 92 -43.3312
92 92 -32.1473
92 92 -43.2848
92 92 -34.5385
92 92 -42.9387
92 92 -30.5004
92 92 -42.7761
92 92 -29.6746
92 92 -40.3997
92 92 -30.8269
92 92 -40.3701
92 92 -29.9733
92 92 -40.8547
92 92 -29.5542
92 92 -40.2709
92 92 -38.1914
92 92 -41.2803
92 92 -38.808
92 92 -41.2361
92 92 -40.7035
92 92 -39.2041
92 92 -39.652
92 92 -38.188
92 92 -37.9627
92 92 -39.7565
92 92 -39.0337
92 92 -39.6821
92 92 -37.9489
92 92 -37.818
92 92 -37.5546
92 92 -38.8429
92 92 -42.2823
92 92 -48.5317
92 92 -43.7881
92 92 -49.5591
92 92 -42.2908
92 92 -49.5591
92 92 -42.7552
92 92 -48.9027
92 92 -33.6718
92 92 -39.1479
92 92 -34.2178
92 92 -37.5584
92 92 -33.1006
92 92 -39.1603
92 92 -33.1006
92 92 -37.4696
92 92 -37.0756
92 92 -45.8372
92 92 -36.4606
92 92 -47.2349
92 92 -36.7388
92 92 -47.2349
92 92 -36.3608
92 92 -46.6525
92 92 -31.2284
92 92 -39.366
92 92 -28.0138
92 92 -39.828
92 92 -30.4892
92 92 -39.9313
92 92 -30.4892
92 92 -40.1221
92 92 -37.4269
92 92 -37.4236
92 92 -37.9453
92 92 -37.5982
92 92 -34.5099
92 92 -37.0211
92 92 -37.4269
92 92 -37.4291
92 92 -37.8598
92 92 -43.5435
92 92 -38.3618
92 92 -42.8273
92 92 -38.2461
92 92 -42.335
92 92 -38.374
92 92 -42.2836
92 92 -37.337
92 92 -37.9732
92 92 -34.5862
92 92 -39.0418
92 92 -34.68
92 92 -38.859
92 92 -39.0023
92 92 -40.3257
92 92 -37.3405
92 92 -37.1493
92 92 -35.01
92 92 -37.394
92 92 -34.443
92 92 -37.2454
92 92 -36.0051
92 92 -36.3207
92 92 -33.5242
92 92 -41.7107
92 92 -32.902
92 92 -40.174
92 92 -33.0751
92 92 -40.182
92 92 -34.3158
92 92 -40.182
92 92 -36.2505
92 92 -38.0368
92 92 -36.7096
92 92 -38.146
92 92 -40.1494
92 92 -35.9776
92 92 -40.1494
92 92 -36.3076
92 92 -39.4603
92 92 -42.2116
92 92 -39.4603
92 92 -43.6227
92 92 -37.7094
92 92 -43.643
92 92 -40.3266
92 92 -42.4777
92 92 -36.9703
92 92 -40.3173
92 92 -35.8641
92 92 -40.4248
92 92 -30.9433
92 92 -40.848
92 92 -32.1762
92 92 -41.0114
92 92 -37.1832
92 92 -39.498
92 92 -35.3855
92 92 -39.9132
92 92 -35.7501
92 92 -37.0459
92 92 -34.5306
92 92 -37.0459
92 92 -39.0584
92 92 -42.3914
92 92 -38.4231
92 92 -42.3914
92 92 -39.4387
92 92 -41.9199
92 92 -38.789
92 92 -41.9199
92 92 -34.5707
92 92 -42.1146
92 92 -30.1678
92 92 -41.99
92 92 -33.2068
92 92 -41.6362
92 92 -32.898
92 92 -41.2373
92 92 -35.167
92 92 -42.9395
92 92 -32.4463
92 92 -43.4238
92 92 -34.891
92 92 -43.402
92 92 -31.7542
92 92 -43.9508
92 92 -38.0698
92 92 -41.0189
92 92 -38.0698
92 92 -40.2187
92 92 -36.9449
92 92 -41.3587
92 92 -36.8789
92 92 -41.2861
92 92 -42.8443
92 92 -35.7245
92 92 -42.5993
92 92 -36.0294
92 92 -41.6609
92 92 -36.1344
92 92 -42.194
92 92 -36.0294
93 93 -46.183
93 93 -42.3408
93 93 -46.6768
93 93 -40.2664
93 93 -49.4546
93 93 -42.3408
93 93 -47.6087
93 93 -39.9363
93 93 -43.7408
93 93 -40.6951
93 93 -42.7994
93 93 -41.0461
93 93 -38.4362
93 93 -42.9013
93 93 -37.8441
93 93 -41.0461
93 93 -31.8074
93 93 -41.9946
93 93 -27.0329
93 93 -39.9706
93 93 -27.4962
93 93 -40.3528
93 93 -27.4968
93 93 -40.2896
93 93 -19.4275
93 93 -50.3957
93 93 -21.7793
93 93 -46.8375
93 93 -19.4382
93 93 -46.8375
93 93 -22.0987
93 93 -48.7359
93 93 -36.2843
93 93 -41.2513
93 93 -30.17
93 93 -40.0217
93 93 -36.607
93 93 -41.1733
93 93 -27.9841
93 93 -37.6239
93 93 -39.7019
93 93 -38.7367
93 93 -39.7019
93 93 -38.8727
93 93 -36.9869
93 93 -39.3125
93 93 -36.9869
93 93 -40.4393
93 93 -41.0613
93 93 -47.9756
93 93 -39.9239
93 93 -48.0375
93 93 -40.1175
93 93 -51.9
93 93 -39.53
93 93 -52.6899
93 93 -24.2023
93 93 -27.803
93 93 -22.1683
93 93 -29.3988
93 93 -28.5229
93 93 -26.9211
93 93 -26.9421
93 93 -27.637
93 93 -33.8175
93 93 -51.9102
93 93 -31.4613
93 93 -51.8774
93 93 -33.4232
93 93 -51.8774
93 93 -33.3928
93 93 -48.9343
93 93 -27.9036
93 93 -40.6216
93 93 -33.4764
93 93 -38.7855
93 93 -34.4687
93 93 -38.7855
93 93 -33.1787
93 93 -37.7238
93 93 -41.4095
93 93 -37.2155
93 93 -39.0068
93 93 -38.1788
93 93 -41.5943
93 93 -34.7476
93 93 -44.4175
93 93 -32.3644
93 93 -37.1155
93 93 -38.23
93 93 -38.2681
93 93 -37.2259
93 93 -37.4441
93 93 -36.6413
93 93 -38.278
93 93 -33.507
93 93 -31.0377
93 93 -43.8617
93 93 -25.3408
93 93 -44.3442
93 93 -29.693
93 93 -43.654
93 93 -29.4503
93 93 -43.5514
93 93 -33.8222
93 93 -29.1248
93 93 -37.7354
93 93 -27.6278
93 93 -36.7783
93 93 -31.9443
93 93 -37.381
93 93 -28.6079
93 93 -31.6343
93 93 -46.5781
93 93 -31.8604
93 93 -46.8053
93 93 -30.962
93 93 -48.8449
93 93 -29.397
93 93 -46.6211
93 93 -23.6439
93 93 -46.381
93 93 -25.1031
93 93 -46.832
93 93 -26.6536
93 93 -47.4269
93 93 -21.0137
93 93 -46.9069
93 93 -34.2255
93 93 -48.9101
93 93 -34.7028
93 93 -51.7491
93 93 -34.5203
93 93 -51.6399
93 93 -33.8086
93 93 -45.2731
93 93 -23.436
93 93 -40.9926
93 93 -24.7277
93 93 -41.558
93 93 -24.7277
93 93 -39.9792
93 93 -25.8869
93 93 -42.349
93 93 -45.5611
93 93 -40.9116
93 93 -47.1882
93 93 -41.2426
93 93 -43.6174
93 93 -41.9687
93 93 -46.0817
93 93 -41.1144
93 93 -21.3129
93 93 -34.6662
93 93 -21.3129
93 93 -33.9352
93 93 -20.7294
93 93 -34.8447
93 93 -24.5573
93 93 -30.8546
93 93 -45.1827
93 93 -42.405
93 93 -38.8383
93 93 -42.048
93 93 -43.8164
93 93 -40.1591
93 93 -40.1894
93 93 -41.358
93 93 -37.549
93 93 -43.962
93 93 -41.105
93 93 -44.4815
93 93 -39.3152
93 93 -43.4574
93 93 -41.8474
93 93 -44.6513
93 93 -27.9892
93 93 -51.361
93 93 -27.9892
93 93 -49.6346
93 93 -30.6477
93 93 -52.4359
93 93 -26.5738
93 93 -53.66
93 93 -42.2431
93 93 -50.1854
93 93 -42.0228
93 93 -48.9378
93 93 -40.3147
93 93 -48.7534
93 93 -41.1176
93 93 -50.6003
93 93 -25.4525
93 93 -43.9422
93 93 -20.1179
93 93 -43.9422
93 93 -23.2628
93 93 -43.4428
93 93 -23.3043
93 93 -43.9876
93 93 -24.5366
93 93 -40.8208
93 93 -24.5366
93 93 -39.71
93 93 -27.2994
93 93 -39.4567
93 93 -30.3364
93 93 -39.71
93 93 -40.0612
93 93 -31.9395
93 93 -41.4745
93 93 -30.0086
93 93 -39.6164
93 93 -36.6616
93 93 -39.6164
93 93 -32.74
93 93 -28.1779
93 93 -36.2633
93 93 -27.9141
93 93 -34.9562
93 93 -25.229
93 93 -36.5674
93 93 -33.3622
93 93 -33.7714
94 94 -41.3621
94 94 -44.9564
94 94 -40.529
94 94 -44.9564
94 94 -37.1076
94 94 -47.7389
94 94 -33.1339
94 94 -45.5669
94 94 -51.6701
94 94 -49.6267
94 94 -54.1867
94 94 -49.6267
94 94 -52.9327
94 94 -50.8987
94 94 -53.0473
94 94 -51.4947
94 94 -50.2495
94 94 -50.3996
94 94 -51.6119
94 94 -52.3315
94 94 -48.9333
94 94 -51.9194
94 94 -50.7362
94 94 -50.8253
94 94 -31.1739
94 94 -25.4118
94 94 -30.3401
94 94 -26.4876
94 94 -32.5296
94 94 -23.3523
94 94 -34.4782
94 94 -21.6519
94 94 -61.3293
94 94 -47.8202
94 94 -56.666
94 94 -52.7245
94 94 -55.5429
94 94 -50.2681
94 94 -57.0549
94 94 -48.0216
94 94 -47.6003
94 94 -48.5793
94 94 -47.888
94 94 -47.8728
94 94 -48.0618
94 94 -50.0107
94 94 -48.8597
94 94 -47.8728
94 94 -41.6208
94 94 -39.5112
94 94 -39.6432
94 94 -39.4477
94 94 -39.66
94 94 -39.6015
94 94 -40.0365
94 94 -41.1092
94 94 -54.724
94 94 -51.5755
94 94 -55.1139
94 94 -49.0642
94 94 -54.7267
94 94 -47.299
94 94 -56.062
94 94 -44.6515
94 94 -45.2327
94 94 -52.8615
94 94 -45.4846
94 94 -55.0411
94 94 -39.0539
94 94 -53.4897
94 94 -39.0539
94 94 -53.8199
94 94 -54.6785
94 94 -48.7971
94 94 -55.7905
94 94 -49.0911
94 94 -54.6386
94 94 -50.3051
94 94 -54.6386
94 94 -47.6222
94 94 -38.0958
94 94 -44.9701
94 94 -39.5035
94 94 -47.2622
94 94 -39.1953
94 94 -44.3204
94 94 -40.0256
94 94 -45.9644
94 94 -26.9394
94 94 -46.1279
94 94 -27.6326
94 94 -47.1326
94 94 -24.6402
94 94 -46.9917
94 94 -24.6402
94 94 -46.8261
94 94 -51.5493
94 94 -44.6447
94 94 -50.5084
94 94 -46.97
94 94 -51.9248
94 94 -44.9775
94 94 -51.024
94 94 -45.7376
94 94 -33.3809
94 94 -49.9051
94 94 -32.8175
94 94 -50.6623
94 94 -31.0753
94 94 -50.6767
94 94 -33.2098
94 94 -50.8788
94 94 -35.2822
94 94 -44.8097
94 94 -36.9621
94 94 -44.7998
94 94 -35.63
94 94 -46.0379
94 94 -36.4193
94 94 -46.0379
94 94 -35.0124
94 94 -22.3705
94 94 -33.8473
94 94 -22.3705
94 94 -34.5338
94 94 -22.4214
94 94 -35.9301
94 94 -28.3126
94 94 -36.1942
94 94 -28.4164
94 94 -35.1922
94 94 -28.0034
94 94 -37.8554
94 94 -24.1798
94 94 -39.5188
94 94 -29.0156
94 94 -31.6781
94 94 -33.1502
94 94 -31.4533
94 94 -36.683
94 94 -38.1534
94 94 -35.7959
94 94 -35.1081
94 94 -36.1722
94 94 -55.0052
94 94 -47.6539
94 94 -55.6018
94 94 -49.8704
94 94 -53.4007
94 94 -48.0535
94 94 -54.9631
94 94 -47.7532
94 94 -55.0466
94 94 -46.2178
94 94 -55.2629
94 94 -46.0643
94 94 -54.9348
94 94 -47.0775
94 94 -54.5951
94 94 -47.586
94 94 -37.1812
94 94 -47.6923
94 94 -35.8444
94 94 -49.8129
94 94 -35.9074
94 94 -48.2195
94 94 -41.9692
94 94 -45.7359
94 94 -41.3684
94 94 -45.9799
94 94 -41.0851
94 94 -47.0291
94 94 -41.3684
94 94 -47.0291
94 94 -39.7691
94 94 -48.1446
94 94 -40.104
94 94 -48.8846
94 94 -42.5195
94 94 -48.1889
94 94 -43.2097
94 94 -46.0072
94 94 -47.4671
94 94 -48.1889
94 94 -33.5418
94 94 -35.9628
94 94 -35.4248
94 94 -36.3352
94 94 -33.5418
94 94 -34.7769
94 94 -34.3564
94 94 -35.3227
94 94 -34.6459
94 94 -33.0027
94 94 -36.2702
94 94 -33.7418
94 94 -36.3102
94 94 -33.7574
94 94 -36.5014
94 94 -31.1762
94 94 -45.5945
94 94 -44.763
94 94 -45.5945
94 94 -48.6364
94 94 -44.9391
94 94 -42.4098
94 94 -44.9774
94 94 -42.0584
94 94 -38.6637
94 94 -51.0684
94 94 -41.0022
94 94 -51.0913
94 94 -35.1233
94 94 -51.3021
94 94 -39.6019
94 94 -52.5094
94 94 -49.5584
94 94 -48.3213
94 94 -50.5974
94 94 -46.1998
94 94 -50.2097
94 94 -48.0259
94 94 -50.3475
94 94 -48.1958
95 95 -29.4465
95 95 -36.1048
95 95 -27.6957
95 95 -34.8367
95 95 -29.4465
95 95 -37.1061
95 95 -31.3821
95 95 -36.5334
95 95 -38.373
95 95 -37.7517
95 95 -37.4529
95 95 -38.5216
95 95 -40.9648
95 95 -39.3479
95 95 -37.4843
95 95 -39.3785
95 95 -37.1071
95 95 -37.4863
95 95 -36.476
95 95 -37.5671
95 95 -36.3957
95 95 -36.7862
95 95 -37.1071
95 95 -35.7595
95 95 -34.7314
95 95 -37.3704
95 95 -34.1462
95 95 -38.3079
95 95 -34.6277
95 95 -38.3079
95 95 -34.6277
95 95 -38.0437
95 95 -35.8105
95 95 -31.4718
95 95 -33.568
95 95 -25.2257
95 95 -35.2705
95 95 -33.6155
95 95 -35.5795
95 95 -31.2666
95 95 -29.9219
95 95 -29.555
95 95 -35.3082
95 95 -33.63
95 95 -32.9955
95 95 -33.2524
95 95 -31.813
95 95 -33.5118
95 95 -42.7582
95 95 -40.8033
95 95 -40.0175
95 95 -40.7132
95 95 -41.0537
95 95 -40.665
95 95 -38.6736
95 95 -40.8033
95 95 -33.5967
95 95 -39.6946
95 95 -36.5599
95 95 -39.2493
95 95 -36.5916
95 95 -39.6946
95 95 -31.8552
95 95 -40.6617
95 95 -29.9786
95 95 -33.4566
95 95 -34.4648
95 95 -32.4866
95 95 -31.2312
95 95 -32.2516
95 95 -30.3147
95 95 -34.2044
95 95 -39.1211
95 95 -38.0667
95 95 -39.0576
95 95 -39.5545
95 95 -42.2198
95 95 -38.885
95 95 -39.333
95 95 -38.2063
95 95 -34.5762
95 95 -38.7748
95 95 -31.9816
95 95 -40.0222
95 95 -33.6006
95 95 -39.6885
95 95 -34.3405
95 95 -40.7659
95 95 -37.1889
95 95 -39.639
95 95 -36.3204
95 95 -39.7275
95 95 -39.0649
95 95 -39.712
95 95 -34.6476
95 95 -39.6466
95 95 -33.7032
95 95 -30.4867
95 95 -33.8626
95 95 -31.0785
95 95 -33.7032
95 95 -30.6104
95 95 -38.012
95 95 -30.6104
95 95 -40.3936
95 95 -42.4539
95 95 -36.3126
95 95 -41.4504
95 95 -37.7863
95 95 -42.0623
95 95 -40.2291
95 95 -40.5111
95 95 -38.4728
95 95 -39.2337
95 95 -38.919
95 95 -39.2337
95 95 -39.0945
95 95 -41.6425
95 95 -39.0945
95 95 -41.8021
95 95 -34.7351
95 95 -34.8125
95 95 -32.7823
95 95 -35.8064
95 95 -32.1434
95 95 -36.2277
95 95 -34.2052
95 95 -30.1172
95 95 -24.4996
95 95 -42.181
95 95 -31.1647
95 95 -40.2007
95 95 -26.4631
95 95 -41.2611
95 95 -26.9528
95 95 -41.8056
95 95 -41.9139
95 95 -41.7848
95 95 -41.5629
95 95 -41.1715
95 95 -40.7604
95 95 -39.3698
95 95 -42.8274
95 95 -39.6107
95 95 -36.3609
95 95 -42.688
95 95 -38.0522
95 95 -41.6299
95 95 -36.3789
95 95 -42.6905
95 95 -39.4173
95 95 -42.9821
95 95 -33.0079
95 95 -41.154
95 95 -33.1051
95 95 -37.756
95 95 -33.2976
95 95 -40.5408
95 95 -34.8346
95 95 -40.4762
95 95 -23.897
95 95 -30.5794
95 95 -27.5841
95 95 -30.5794
95 95 -31.3594
95 95 -20.1416
95 95 -27.0068
95 95 -28.9699
95 95 -48.0343
95 95 -50.514
95 95 -48.0013
95 95 -49.3146
95 95 -47.6151
95 95 -49.5453
95 95 -46.9807
95 95 -49.5453
95 95 -31.7912
95 95 -33.1424
95 95 -30.2596
95 95 -33.7149
95 95 -32.1892
95 95 -33.9515
95 95 -31.2614
95 95 -29.0471
95 95 -21.7758
95 95 -22.9948
95 95 -24.5977
95 95 -18.1084
95 95 -27.1986
95 95 -23.1026
95 95 -29.2547
95 95 -19.9039
95 95 -35.078
95 95 -37.8908
95 95 -34.8415
95 95 -38.2674
95 95 -35.6731
95 95 -36.252
95 95 -35.0729
95 95 -37.508
95 95 -50.8545
95 95 -37.4208
95 95 -49.816
95 95 -34.0302
95 95 -51.4656
95 95 -36.4839
95 95 -51.3765
95 95 -36.2806
95 95 -32.5984
95 95 -35.7852
95 95 -32.7727
95 95 -36.1218
95 95 -33.7553
95 95 -35.6525
95 95 -33.1522
95 95 -36.2508
95 95 -41.3087
95 95 -40.6793
95 95 -37.5953
95 95 -40.7247
95 95 -39.5234
95 95 -40.6793
95 95 -39.0394
95 95 -41.5213
96 96 -46.1601
96 96 -48.545
96 96 -52.7148
96 96 -49.2552
96 96 -52.5359
96 96 -46.9153
96 96 -48.3262
96 96 -47.4533
96 96 -51.1142
96 96 -39.1263
96 96 -52.1198
96 96 -41.5969
96 96 -48.4469
96 96 -39.0223
96 96 -50.2619
96 96 -41.5492
96 96 -59.2315
96 96 -56.5635
96 96 -62.7518
96 96 -52.6782
96 96 -63.1691
96 96 -56.5635
96 96 -59.2315
96 96 -53.1701
96 96 -51.0874
96 96 -60.7065
96 96 -54.4493
96 96 -60.1168
96 96 -49.2691
96 96 -59.0649
96 96 -52.6068
96 96 -60.8806
96 96 -58.2893
96 96 -48.7384
96 96 -63.2396
96 96 -48.3893
96 96 -60.534
96 96 -48.3893
96 96 -59.9705
96 96 -47.2019
96 96 -39.5659
96 96 -41.7413
96 96 -38.4427
96 96 -42.4905
96 96 -37.9456
96 96 -42.16
96 96 -41.4716
96 96 -43.2616
96 96 -37.1352
96 96 -46.9516
96 96 -36.2088
96 96 -48.1573
96 96 -37.3608
96 96 -47.3964
96 96 -36.2088
96 96 -47.5237
96 96 -30.224
96 96 -23.4773
96 96 -30.7377
96 96 -24.6278
96 96 -33.0485
96 96 -26.0213
96 96 -29.3071
96 96 -27.3668
96 96 -40.0331
96 96 -53.0361
96 96 -47.045
96 96 -60.9247
96 96 -43.4893
96 96 -60.9247
96 96 -40.0331
96 96 -52.3707
96 96 -20.2501
96 96 -24.1788
96 96 -21.8142
96 96 -24.486
96 96 -21.8142
96 96 -26.6756
96 96 -29.4631
96 96 -22.8613
96 96 -42.462
96 96 -39.007
96 96 -43.2497
96 96 -41.1236
96 96 -42.3572
96 96 -38.7584
96 96 -43.5172
96 96 -41.3768
96 96 -44.2141
96 96 -52.904
96 96 -46.808
96 96 -51.6108
96 96 -47.262
96 96 -51.6108
96 96 -44.9694
96 96 -50.289
96 96 -51.623
96 96 -37.0851
96 96 -48.2565
96 96 -36.9738
96 96 -48.8311
96 96 -37.3318
96 96 -51.6052
96 96 -37.3089
96 96 -29.1734
96 96 -30.8011
96 96 -28.9884
96 96 -28.8305
96 96 -29.5891
96 96 -26.2964
96 96 -30.0072
96 96 -25.3644
96 96 -20.6472
96 96 -40.8632
96 96 -21.0243
96 96 -40.6066
96 96 -19.7706
96 96 -39.836
96 96 -18.0882
96 96 -40.6066
96 96 -30.2951
96 96 -31.4646
96 96 -31.711
96 96 -25.3808
96 96 -32.1274
96 96 -23.2238
96 96 -30.2951
96 96 -31.2722
96 96 -40.7681
96 96 -52.4506
96 96 -44.6546
96 96 -49.2543
96 96 -44.6546
96 96 -51.9804
96 96 -41.3924
96 96 -46.8285
96 96 -34.6963
96 96 -38.7731
96 96 -36.3382
96 96 -35.8359
96 96 -33.7257
96 96 -38.4155
96 96 -35.3933
96 96 -38.7731
96 96 -30.2317
96 96 -39.9944
96 96 -34.3194
96 96 -32.0278
96 96 -34.9238
96 96 -39.157
96 96 -34.9722
96 96 -35.1767
96 96 -40.7911
96 96 -44.9084
96 96 -40.9829
96 96 -45.6674
96 96 -37.4521
96 96 -45.1313
96 96 -41.3418
96 96 -45.1387
96 96 -37.5181
96 96 -31.9393
96 96 -37.067
96 96 -35.9112
96 96 -36.2789
96 96 -37.309
96 96 -36.9274
96 96 -32.4608
96 96 -31.5807
96 96 -34.8545
96 96 -30.8106
96 96 -31.6786
96 96 -30.9793
96 96 -29.9535
96 96 -31.5807
96 96 -34.8545
96 96 -44.6843
96 96 -56.1071
96 96 -43.5373
96 96 -53.2491
96 96 -44.9542
96 96 -53.9901
96 96 -45.9276
96 96 -55.1578
96 96 -30.6288
96 96 -22.4285
96 96 -32.0264
96 96 -23.5279
96 96 -32.5072
96 96 -27.4992
96 96 -32.0264
96 96 -26.0936
96 96 -47.3811
96 96 -30.8697
96 96 -44.5441
96 96 -27.9791
96 96 -43.9339
96 96 -26.8596
96 96 -44.2162
96 96 -26.8596
96 96 -48.1718
96 96 -31.8246
96 96 -48.1718
96 96 -30.8351
96 96 -55.0112
96 96 -28.9911
96 96 -48.1718
96 96 -34.1691
96 96 -53.7436
96 96 -43.6351
96 96 -54.0307
96 96 -48.9705
96 96 -48.8188
96 96 -42.2995
96 96 -56.0291
96 96 -45.024
96 96 -46.1384
96 96 -37.346
96 96 -46.8318
96 96 -32.5215
96 96 -46.2338
96 96 -32.8653
96 96 -46.8318
96 96 -36.7995
97 97 -20.3464
97 97 -43.0937
97 97 -22.4912
97 97 -43.1823
97 97 -15.0365
97 97 -43.4456
97 97 -23.6619
97 97 -43.7767
97 97 -31.5434
97 97 -44.3605
97 97 -31.3391
97 97 -43.0728
97 97 -31.2677
97 97 -43.4778
97 97 -31.3633
97 97 -43.683
97 97 -20.5905
97 97 -43.0755
97 97 -18.4694
97 97 -44.3625
97 97 -19.1113
97 97 -43.3945
97 97 -18.4694
97 97 -44.1887
97 97 -31.0684
97 97 -43.4166
97 97 -34.6648
97 97 -42.9047
97 97 -29.7353
97 97 -42.5213
97 97 -34.818
97 97 -43.6082
97 97 -31.5469
97 97 -42.4768
97 97 -32.1594
97 97 -42.9411
97 97 -32.0483
97 97 -42.9411
97 97 -32.0483
97 97 -43.4522
97 97 -33.2631
97 97 -46.5519
97 97 -33.2631
97 97 -49.4596
97 97 -33.0642
97 97 -48.1921
97 97 -33.4468
97 97 -44.4343
97 97 -25.7533
97 97 -40.2599
97 97 -26.6342
97 97 -34.9673
97 97 -28.8525
97 97 -35.8369
97 97 -23.7207
97 97 -34.7617
97 97 -30.9566
97 97 -42.9403
97 97 -31.5774
97 97 -42.6075
97 97 -31.5309
97 97 -42.911
97 97 -31.5774
97 97 -43.7432
97 97 -24.3865
97 97 -43.2123
97 97 -22.822
97 97 -43.3747
97 97 -24.0634
97 97 -43.5511
97 97 -23.8324
97 97 -43.5092
97 97 -41.923
97 97 -44.2239
97 97 -36.6069
97 97 -44.05
97 97 -38.2146
97 97 -44.6521
97 97 -37.9764
97 97 -44.6546
97 97 -25.4023
97 97 -42.4744
97 97 -22.8508
97 97 -42.4744
97 97 -24.8228
97 97 -43.1762
97 97 -28.3181
97 97 -43.4195
97 97 -22.011
97 97 -44.1878
97 97 -23.2489
97 97 -43.9222
97 97 -23.2489
97 97 -43.9589
97 97 -24.4862
97 97 -43.5783
97 97 -26.6777
97 97 -43.2717
97 97 -20.0037
97 97 -43.2717
97 97 -20.5759
97 97 -43.3905
97 97 -19.7147
97 97 -43.8531
97 97 -53.2566
97 97 -51.6533
97 97 -53.7698
97 97 -52.5874
97 97 -52.4826
97 97 -51.3424
97 97 -51.3821
97 97 -54.0593
97 97 -40.2225
97 97 -29.1547
97 97 -41.1723
97 97 -28.6968
97 97 -42.5639
97 97 -28.5431
97 97 -40.2225
97 97 -28.303
97 97 -61.0794
97 97 -55.3333
97 97 -61.8309
97 97 -56.4339
97 97 -59.904
97 97 -55.9064
97 97 -60.2699
97 97 -55.0426
97 97 -44.1572
97 97 -39.74
97 97 -44.0719
97 97 -40.9263
97 97 -44.0534
97 97 -40.4624
97 97 -45.7638
97 97 -38.9712
97 97 -27.3833
97 97 -42.6172
97 97 -26.2403
97 97 -42.5501
97 97 -27.4581
97 97 -42.6229
97 97 -27.5273
97 97 -43.09
97 97 -19.8506
97 97 -43.1404
97 97 -21.1553
97 97 -43.436
97 97 -21.4116
97 97 -43.3957
97 97 -17.5936
97 97 -43.5088
97 97 -40.9758
97 97 -42.8871
97 97 -44.1028
97 97 -43.0716
97 97 -40.2939
97 97 -43.1069
97 97 -45.0306
97 97 -43.46
97 97 -19.142
97 97 -42.9723
97 97 -20.1456
97 97 -43.5796
97 97 -20.5083
97 97 -43.5796
97 97 -20.1605
97 97 -43.5796
97 97 -38.788
97 97 -39.2695
97 97 -38.788
97 97 -38.2148
97 97 -39.6409
97 97 -37.5506
97 97 -39.511
97 97 -37.6348
97 97 -25.2375
97 97 -44.688
97 97 -24.7627
97 97 -43.9247
97 97 -23.8849
97 97 -43.422
97 97 -25.2375
97 97 -44.6074
97 97 -51.266
97 97 -47.0367
97 97 -51.8159
97 97 -46.5906
97 97 -46.924
97 97 -47.3538
97 97 -49.6848
97 97 -49.8445
97 97 -18.2516
97 97 -41.8279
97 97 -19.3554
97 97 -40.6102
97 97 -17.0636
97 97 -40.429
97 97 -18.068
97 97 -39.8665
97 97 -25.773
97 97 -42.4146
97 97 -28.4777
97 97 -41.7446
97 97 -27.8516
97 97 -41.921
97 97 -25.7946
97 97 -41.9182
97 97 -17.8007
97 97 -36.3864
97 97 -19.5372
97 97 -36.2159
97 97 -18.3909
97 97 -39.3489
97 97 -17.59
97 97 -40.1197
97 97 -21.6983
97 97 -43.3115
97 97 -23.6884
97 97 -42.1278
97 97 -22.2048
97 97 -42.9172
97 97 -22.2048
97 97 -43.1232
98 98 -17.9137
98 98 -30.664
98 98 -18.7602
98 98 -30.5863
98 98 -18.8848
98 98 -30.664
98 98 -18.0137
98 98 -32.9271
98 98 -20.4148
98 98 -40.616
98 98 -19.2253
98 98 -40.616
98 98 -18.313
98 98 -41.356
98 98 -19.8013
98 98 -43.8516
98 98 -17.1794
98 98 -42.1372
98 98 -19.3586
98 98 -41.0369
98 98 -19.3608
98 98 -44.6336
98 98 -17.1851
98 98 -42.1372
98 98 -16.1656
98 98 -44.0834
98 98 -17.2688
98 98 -46.0071
98 98 -16.9813
98 98 -44.614
98 98 -16.1656
98 98 -45.6586
98 98 -16.8621
98 98 -43.2456
98 98 -14.7742
98 98 -42.7223
98 98 -16.1231
98 98 -43.1901
98 98 -15.4936
98 98 -43.2894
98 98 -19.9434
98 98 -36.2407
98 98 -16.6228
98 98 -40.8618
98 98 -19.178
98 98 -40.8398
98 98 -17.9104
98 98 -40.0595
98 98 -36.429
98 98 -34.2236
98 98 -30.2283
98 98 -36.3342
98 98 -33.9468
98 98 -35.9162
98 98 -34.9885
98 98 -36.8291
98 98 -15.4965
98 98 -33.8417
98 98 -15.1188
98 98 -34.5875
98 98 -15.5929
98 98 -36.5468
98 98 -15.9678
98 98 -36.4098
98 98 -14.1001
98 98 -42.7
98 98 -15.6858
98 98 -36.4944
98 98 -15.2552
98 98 -42.7
98 98 -14.1001
98 98 -39.5014
98 98 -40.1875
98 98 -46.2964
98 98 -23.5818
98 98 -46.2964
98 98 -28.5986
98 98 -46.2964
98 98 -30.3143
98 98 -46.4806
98 98 -44.612
98 98 -45.7116
98 98 -42.7931
98 98 -46.4881
98 98 -42.2797
98 98 -45.8619
98 98 -44.2431
98 98 -45.826
98 98 -17.5155
98 98 -33.6654
98 98 -15.946
98 98 -35.561
98 98 -16.2822
98 98 -33.6654
98 98 -15.8198
98 98 -34.8302
98 98 -20.904
98 98 -41.2605
98 98 -19.883
98 98 -43.4969
98 98 -19.4555
98 98 -42.1375
98 98 -19.1813
98 98 -41.4342
98 98 -22.5742
98 98 -46.2088
98 98 -24.6089
98 98 -46.2386
98 98 -20.6634
98 98 -46.0159
98 98 -19.742
98 98 -48.3209
98 98 -18.3362
98 98 -42.9726
98 98 -22.9022
98 98 -46.9962
98 98 -15.7661
98 98 -44.0346
98 98 -19.4407
98 98 -42.9726
98 98 -14.253
98 98 -43.3606
98 98 -14.0852
98 98 -43.7066
98 98 -14.253
98 98 -44.168
98 98 -13.6984
98 98 -43.3505
98 98 -14.4974
98 98 -30.1133
98 98 -15.5739
98 98 -30.8985
98 98 -15.5739
98 98 -30.1133
98 98 -15.3811
98 98 -30.084
98 98 -29.6781
98 98 -45.3587
98 98 -24.7179
98 98 -44.5049
98 98 -29.6781
98 98 -44.8123
98 98 -30.6876
98 98 -44.3473
98 98 -17.0273
98 98 -37.365
98 98 -17.0273
98 98 -38.4929
98 98 -15.1959
98 98 -39.0882
98 98 -15.9799
98 98 -41.7458
98 98 -19.8133
98 98 -41.2232
98 98 -19.0065
98 98 -42.8363
98 98 -20.7195
98 98 -43.7153
98 98 -19.4248
98 98 -43.7153
98 98 -14.7582
98 98 -30.3813
98 98 -16.468
98 98 -30.5935
98 98 -16.2181
98 98 -30.6198
98 98 -16.7052
98 98 -30.8344
98 98 -18.056
98 98 -41.6613
98 98 -15.7517
98 98 -42.3147
98 98 -16.7122
98 98 -41.6681
98 98 -16.7122
98 98 -38.7379
98 98 -21.3475
98 98 -37.1771
98 98 -20.1278
98 98 -35.317
98 98 -21.4045
98 98 -37.942
98 98 -21.179
98 98 -35.2175
98 98 -30.61
98 98 -42.3461
98 98 -28.909
98 98 -39.5571
98 98 -30.9499
98 98 -41.7669
98 98 -30.7271
98 98 -42.3559
98 98 -15.1416
98 98 -35.7755
98 98 -15.1416
98 98 -33.603
98 98 -16.0147
98 98 -35.2282
98 98 -15.1808
98 98 -34.9608
98 98 -23.7428
98 98 -41.403
98 98 -19.7801
98 98 -40.1329
98 98 -19.9603
98 98 -42.2614
98 98 -21.1776
98 98 -44.4264
98 98 -21.7004
98 98 -41.1546
98 98 -29.0043
98 98 -44.1712
98 98 -25.3077
98 98 -42.2115
98 98 -29.0043
98 98 -43.8631
99 99 -29.0715
99 99 -31.8487
99 99 -29.3418
99 99 -31.3179
99 99 -29.0367
99 99 -30.9688
99 99 -29.0651
99 99 -31.3179
99 99 -17.1536
99 99 -29.0707
99 99 -19.0982
99 99 -28.5733
99 99 -17.5849
99 99 -29.4072
99 99 -17.3574
99 99 -29.0707
99 99 -31.8226
99 99 -43.1516
99 99 -31.8344
99 99 -43.3864
99 99 -34.8922
99 99 -38.2042
99 99 -34.8922
99 99 -46.8648
99 99 -35.6816
99 99 -31.2333
99 99 -37.3469
99 99 -31.9842
99 99 -34.4711
99 99 -32.6007
99 99 -32.7996
99 99 -31.4494
99 99 -29.6838
99 99 -16.858
99 99 -29.6732
99 99 -14.6534
99 99 -29.4365
99 99 -16.4783
99 99 -29.4365
99 99 -13.7445
99 99 -17.0256
99 99 -31.6486
99 99 -16.2463
99 99 -31.3635
99 99 -16.2463
99 99 -31.5719
99 99 -18.2025
99 99 -31.8683
99 99 -35.6886
99 99 -34.3799
99 99 -31.6206
99 99 -31.7996
99 99 -38.0361
99 99 -31.7876
99 99 -33.2823
99 99 -33.1685
99 99 -34.5402
99 99 -33.2077
99 99 -37.0762
99 99 -37.4377
99 99 -33.3845
99 99 -38.31
99 99 -36.9289
99 99 -37.4377
99 99 -29.9949
99 99 -23.6191
99 99 -28.7097
99 99 -19.8403
99 99 -29.771
99 99 -20.2605
99 99 -28.6355
99 99 -17.8841
99 99 -34.3933
99 99 -35.0011
99 99 -34.3933
99 99 -35.5251
99 99 -35.7928
99 99 -37.5906
99 99 -36.5808
99 99 -29.1268
99 99 -24.3855
99 99 -37.9227
99 99 -25.0455
99 99 -38.0151
99 99 -28.779
99 99 -36.0592
99 99 -31.6912
99 99 -37.9662
99 99 -28.6286
99 99 -29.1029
99 99 -28.8599
99 99 -28.5999
99 99 -28.2237
99 99 -29.2349
99 99 -28.2237
99 99 -28.869
99 99 -28.8194
99 99 -24.713
99 99 -30.3797
99 99 -26.2274
99 99 -29.7526
99 99 -24.65
99 99 -28.6384
99 99 -25.449
99 99 -19.2961
99 99 -29.2474
99 99 -21.0544
99 99 -29.764
99 99 -19.734
99 99 -30.4588
99 99 -22.829
99 99 -29.1339
99 99 -26.7934
99 99 -35.9926
99 99 -27.4579
99 99 -38.2132
99 99 -27.2385
99 99 -35.5218
99 99 -27.7814
99 99 -39.8367
99 99 -26.7247
99 99 -30.334
99 99 -27.6735
99 99 -29.705
99 99 -26.492
99 99 -30.3035
99 99 -26.8679
99 99 -28.6999
99 99 -28.937
99 99 -28.2066
99 99 -28.9104
99 99 -28.2066
99 99 -29.0121
99 99 -28.4157
99 99 -29.5393
99 99 -28.3342
99 99 -26.8284
99 99 -27.1075
99 99 -28.1334
99 99 -27.1075
99 99 -27.8181
99 99 -26.427
99 99 -27.655
99 99 -26.5046
99 99 -29.4501
99 99 -29.7062
99 99 -31.2249
99 99 -29.1015
99 99 -28.8274
99 99 -30.2623
99 99 -28.8203
99 99 -28.7098
99 99 -22.3066
99 99 -29.2159
99 99 -25.2936
99 99 -29.2538
99 99 -26.408
99 99 -29.9971
99 99 -23.7672
99 99 -29.9899
99 99 -32.828
99 99 -38.4622
99 99 -41.885
99 99 -38.3102
99 99 -32.828
99 99 -38.5213
99 99 -27.4526
99 99 -38.4622
99 99 -25.9394
99 99 -29.0541
99 99 -27.057
99 99 -29.4004
99 99 -27.057
99 99 -28.134
99 99 -27.1071
99 99 -29.3547
99 99 -27.8016
99 99 -31.9107
99 99 -34.1227
99 99 -34.868
99 99 -24.2244
99 99 -34.5723
99 99 -27.4059
99 99 -34.0313
99 99 -29.7973
99 99 -29.4097
99 99 -29.9564
99 99 -29.4578
99 99 -29.0391
99 99 -29.1425
99 99 -29.1525
99 99 -28.4161
99 99 -30.8947
99 99 -28.1495
99 99 -31.5498
99 99 -28.49
99 99 -31.6151
99 99 -29.4099
99 99 -30.1876
99 99 -29.4343
99 99 -28.7493
99 99 -34.8026
99 99 -28.8942
99 99 -37.8127
99 99 -27.8813
99 99 -34.7931
99 99 -29.0386
99 99 -34.9661
99 99 -34.9472
99 99 -34.4956
99 99 -31.2951
99 99 -34.1287
99 99 -30.768
99 99 -34.4494
99 99 -32.9215
99 99 -37.5038
99 99 -29.5467
99 99 -25.4609
99 99 -29.5506
99 99 -24.6796
99 99 -30.1634
99 99 -26.114
99 99 -29.5906
99 99 -26.114
100 100 -41.9288
100 100 -38.7694
100 100 -42.403
100 100 -37.8264
100 100 -42.3633
100 100 -38.5455
100 100 -43.451
100 100 -37.4099
100 100 -34.4226
100 100 -32.2092
100 100 -37.8191
100 100 -31.8775
100 100 -30.7442
100 100 -33.0043
100 100 -37.8191
100 100 -33.7934
100 100 -28.4537
100 100 -22.5599
100 100 -28.621
100 100 -21.9858
100 100 -31.4505
100 100 -25.6862
100 100 -33.9348
100 100 -25.6862
100 100 -27.4562
100 100 -23.6653
100 100 -29.8529
100 100 -24.1873
100 100 -31.6771
100 100 -23.0136
100 100 -29.1014
100 100 -23.5028
100 100 -38.7872
100 100 -36.3398
100 100 -41.7382
100 100 -34.1826
100 100 -40.3795
100 100 -34.0221
100 100 -40.3795
100 100 -32.124
100 100 -27.6334
100 100 -34.9202
100 100 -23.0868
100 100 -34.2446
100 100 -22.6792
100 100 -35.7438
100 100 -25.9435
100 100 -37.5658
100 100 -42.7792
100 100 -42.2798
100 100 -42.9832
100 100 -43.7314
100 100 -42.5868
100 100 -42.7208
100 100 -41.9186
100 100 -42.3364
100 100 -43.293
100 100 -42.4562
100 100 -42.7628
100 100 -43.324
100 100 -43.4759
100 100 -42.4562
100 100 -43.1997
100 100 -43.6291
100 100 -28.1175
100 100 -27.2781
100 100 -25.9096
100 100 -29.3069
100 100 -27.6565
100 100 -25.3667
100 100 -26.9961
100 100 -24.8534
100 100 -32.39
100 100 -35.3543
100 100 -34.6305
100 100 -35.367
100 100 -34.2212
100 100 -35.5644
100 100 -32.4757
100 100 -36.3271
100 100 -31.0085
100 100 -36.4843
100 100 -33.3674
100 100 -37.8253
100 100 -26.9167
100 100 -36.9864
100 100 -33.3533
100 100 -36.5958
100 100 -38.0114
100 100 -34.3506
100 100 -38.0114
100 100 -34.8214
100 100 -37.682
100 100 -34.5309
100 100 -40.1557
100 100 -34.3393
100 100 -27.0458
100 100 -24.2408
100 100 -24.348
100 100 -21.8233
100 100 -23.8216
100 100 -28.2154
100 100 -23.5589
100 100 -27.4234
100 100 -42.6719
100 100 -40.9678
100 100 -42.2252
100 100 -42.5791
100 100 -43.3586
100 100 -41.0379
100 100 -43.0514
100 100 -42.107
100 100 -42.3279
100 100 -40.6766
100 100 -40.4277
100 100 -39.9041
100 100 -38.0108
100 100 -40.0676
100 100 -40.8593
100 100 -40.3804
100 100 -40.8899
100 100 -39.3816
100 100 -39.7959
100 100 -41.5307
100 100 -39.0255
100 100 -38.5411
100 100 -41.8191
100 100 -38.0292
100 100 -42.0108
100 100 -39.6331
100 100 -41.9823
100 100 -37.4401
100 100 -41.2596
100 100 -39.4504
100 100 -41.9823
100 100 -37.4401
100 100 -41.3636
100 100 -39.0461
100 100 -37.7748
100 100 -39.2495
100 100 -40.7193
100 100 -38.7976
100 100 -37.7748
100 100 -39.3328
100 100 -20.1923
100 100 -42.2696
100 100 -24.6685
100 100 -42.7459
100 100 -20.1923
100 100 -43.7612
100 100 -17.8033
100 100 -43.8629
100 100 -30.2549
100 100 -27.2883
100 100 -25.334
100 100 -28.3974
100 100 -30.6216
100 100 -29.3233
100 100 -27.6781
100 100 -24.5493
100 100 -29.9594
100 100 -39.3125
100 100 -32.8369
100 100 -39.5103
100 100 -31.2183
100 100 -38.8325
100 100 -36.3222
100 100 -39.8375
100 100 -36.6414
100 100 -31.1291
100 100 -26.913
100 100 -30.3205
100 100 -31.0628
100 100 -31.1291
100 100 -29.8047
100 100 -31.7783
100 100 -39.3329
100 100 -39.1458
100 100 -34.5494
100 100 -40.7653
100 100 -33.3825
100 100 -40.2358
100 100 -36.9811
100 100 -39.5103
100 100 -36.5775
100 100 -45.3093
100 100 -34.626
100 100 -44.8167
100 100 -32.1851
100 100 -44.5471
100 100 -34.626
100 100 -41.9789
100 100 -38.3618
100 100 -26.6327
100 100 -40.3039
100 100 -26.9119
100 100 -37.6817
100 100 -29.2787
100 100 -40.4797
100 100 -28.8516
100 100 -39.017
100 100 -33.8665
100 100 -37.3357
100 100 -35.7997
100 100 -41.067
100 100 -37.728
100 100 -39.2222
100 100 -35.6953
101 101 -41.1648
101 101 -42.0809
101 101 -44.4612
101 101 -42.8514
101 101 -39.6253
101 101 -43.5506
101 101 -43.7571
101 101 -41.4613
101 101 -16.719
101 101 -38.7385
101 101 -18.1623
101 101 -39.5545
101 101 -14.4074
101 101 -39.7941
101 101 -15.9346
101 101 -39.7941
101 101 -30.4726
101 101 -37.9507
101 101 -20.0912
101 101 -39.015
101 101 -24.6894
101 101 -38.5883
101 101 -30.4726
101 101 -39.0875
101 101 -30.1051
101 101 -38.1804
101 101 -29.8953
101 101 -39.8393
101 101 -31.4425
101 101 -37.8488
101 101 -31.6235
101 101 -38.035
101 101 -23.441
101 101 -38.7221
101 101 -21.9255
101 101 -37.6299
101 101 -25.2228
101 101 -38.7922
101 101 -32.0029
101 101 -37.565
101 101 -54.941
101 101 -53.3423
101 101 -52.9003
101 101 -56.4426
101 101 -54.2931
101 101 -54.2136
101 101 -52.9003
101 101 -51.6391
101 101 -16.4624
101 101 -38.9609
101 101 -18.2778
101 101 -38.9531
101 101 -17.4075
101 101 -40.5656
101 101 -15.5444
101 101 -39.3473
101 101 -47.2136
101 101 -38.6595
101 101 -48.3889
101 101 -39.2212
101 101 -47.0579
101 101 -38.7648
101 101 -47.0579
101 101 -38.7965
101 101 -36.3349
101 101 -36.362
101 101 -34.032
101 101 -36.362
101 101 -36.1726
101 101 -36.216
101 101 -35.7757
101 101 -36.812
101 101 -38.1833
101 101 -37.1514
101 101 -36.4122
101 101 -38.6171
101 101 -36.0572
101 101 -37.1514
101 101 -37.9723
101 101 -36.3462
101 101 -49.0879
101 101 -53.2875
101 101 -51.3126
101 101 -47.7781
101 101 -50.4448
101 101 -52.751
101 101 -52.0159
101 101 -53.3206
101 101 -52.5924
101 101 -60.0073
101 101 -53.6857
101 101 -59.7798
101 101 -53.0852
101 101 -59.0415
101 101 -55.9788
101 101 -59.0069
101 101 -16.921
101 101 -39.4174
101 101 -16.5299
101 101 -39.9086
101 101 -17.5097
101 101 -39.9086
101 101 -15.3078
101 101 -38.9833
101 101 -16.4967
101 101 -39.5744
101 101 -16.5962
101 101 -39.6268
101 101 -13.86
101 101 -38.8069
101 101 -15.6143
101 101 -38.9073
101 101 -14.9647
101 101 -38.9243
101 101 -17.8238
101 101 -38.8822
101 101 -18.3204
101 101 -39.7233
101 101 -16.6286
101 101 -39.5606
101 101 -28.2353
101 101 -38.9545
101 101 -40.3451
101 101 -39.8579
101 101 -29.8355
101 101 -39.2125
101 101 -30.9704
101 101 -38.6729
101 101 -18.3374
101 101 -37.3355
101 101 -16.3496
101 101 -37.907
101 101 -16.0322
101 101 -37.9319
101 101 -17.4722
101 101 -37.7498
101 101 -49.2591
101 101 -51.0862
101 101 -49.7539
101 101 -51.5765
101 101 -48.4424
101 101 -51.5765
101 101 -48.4354
101 101 -48.9866
101 101 -45.7243
101 101 -41.4946
101 101 -44.1925
101 101 -42.7476
101 101 -46.9054
101 101 -42.7476
101 101 -45.7326
101 101 -40.7056
101 101 -41.2853
101 101 -45.9341
101 101 -43.7402
101 101 -48.1047
101 101 -43.8607
101 101 -47.6296
101 101 -45.6925
101 101 -44.2033
101 101 -23.3084
101 101 -40.7277
101 101 -24.2719
101 101 -40.7318
101 101 -24.2719
101 101 -39.2623
101 101 -24.7733
101 101 -38.8919
101 101 -15.2365
101 101 -39.4255
101 101 -15.722
101 101 -39.1929
101 101 -15.6503
101 101 -39.2594
101 101 -14.4128
101 101 -39.7122
101 101 -16.0446
101 101 -37.3695
101 101 -13.5815
101 101 -38.103
101 101 -17.809
101 101 -37.8633
101 101 -16.1295
101 101 -38.3613
101 101 -37.5892
101 101 -37.1894
101 101 -37.9265
101 101 -37.8656
101 101 -37.0228
101 101 -37.1894
101 101 -37.0228
101 101 -37.7539
101 101 -48.7741
101 101 -40.2738
101 101 -45.5844
101 101 -41.3889
101 101 -44.6066
101 101 -40.6863
101 101 -47.9422
101 101 -39.5979
101 101 -38.1215
101 101 -47.3354
101 101 -40.0496
101 101 -47.416
101 101 -42.8225
101 101 -49.4048
101 101 -36.3589
101 101 -50.576
101 101 -38.4694
101 101 -39.7218
101 101 -41.4233
101 101 -39.4108
101 101 -40.0816
101 101 -38.4957
101 101 -39.4358
101 101 -36.8629
102 102 -34.1009
102 102 -30.812
102 102 -34.9257
102 102 -30.0511
102 102 -37.2437
102 102 -33.0144
102 102 -36.023
102 102 -31.6503
102 102 -37.8095
102 102 -25.4691
102 102 -38.1303
102 102 -28.2906
102 102 -36.3006
102 102 -25.3895
102 102 -36.514
102 102 -26.8526
102 102 -27.0107
102 102 -32.6616
102 102 -24.6944
102 102 -33.9304
102 102 -28.3809
102 102 -28.5638
102 102 -26.2853
102 102 -31.2929
102 102 -38.0034
102 102 -29.1635
102 102 -37.0469
102 102 -34.5414
102 102 -39.0892
102 102 -27.573
102 102 -39.0892
102 102 -31.5616
102 102 -39.1182
102 102 -21.4407
102 102 -37.5791
102 102 -20.6408
102 102 -38.4992
102 102 -20.6408
102 102 -38.4992
102 102 -22.4419
102 102 -39.7741
102 102 -29.049
102 102 -40.8375
102 102 -34.2117
102 102 -38.2707
102 102 -25.7253
102 102 -39.651
102 102 -27.7454
102 102 -27.9762
102 102 -39.1704
102 102 -27.0388
102 102 -39.5326
102 102 -27.8301
102 102 -40.2058
102 102 -28.1912
102 102 -36.4357
102 102 -31.1183
102 102 -33.9009
102 102 -32.5282
102 102 -36.9465
102 102 -31.9806
102 102 -41.3096
102 102 -34.5065
102 102 -35.8079
102 102 -38.0363
102 102 -33.0716
102 102 -40.3321
102 102 -31.3174
102 102 -39.0107
102 102 -32.2205
102 102 -37.0886
102 102 -31.7776
102 102 -27.8362
102 102 -33.9679
102 102 -27.6838
102 102 -33.6112
102 102 -27.5051
102 102 -36.0987
102 102 -28.2302
102 102 -29.8962
102 102 -39.1805
102 102 -34.3257
102 102 -38.1462
102 102 -36.2816
102 102 -39.2444
102 102 -35.0273
102 102 -39.1196
102 102 -34.8099
102 102 -44.8377
102 102 -39.9655
102 102 -40.968
102 102 -41.3091
102 102 -44.8377
102 102 -39.5515
102 102 -39.2786
102 102 -39.6749
102 102 -44.9341
102 102 -32.3381
102 102 -35.4293
102 102 -31.8446
102 102 -37.704
102 102 -32.7262
102 102 -39.7467
102 102 -32.1982
102 102 -35.9702
102 102 -30.4861
102 102 -35.2472
102 102 -31.4558
102 102 -36.3868
102 102 -30.4861
102 102 -35.1083
102 102 -30.9898
102 102 -46.7005
102 102 -47.1058
102 102 -46.8137
102 102 -44.8119
102 102 -45.5503
102 102 -44.8119
102 102 -47.2004
102 102 -44.1427
102 102 -47.2417
102 102 -39.2031
102 102 -47.737
102 102 -36.4758
102 102 -45.2777
102 102 -36.4758
102 102 -49.8235
102 102 -38.7607
102 102 -45.7787
102 102 -29.7405
102 102 -44.956
102 102 -30.6316
102 102 -44.8358
102 102 -31.7179
102 102 -48.1577
102 102 -31.8891
102 102 -29.6193
102 102 -35.0592
102 102 -33.7285
102 102 -34.1191
102 102 -34.3373
102 102 -33.5144
102 102 -32.3982
102 102 -35.0592
102 102 -40.7336
102 102 -30.6717
102 102 -39.5921
102 102 -27.5182
102 102 -36.9193
102 102 -27.4239
102 102 -40.7336
102 102 -33.2282
102 102 -29.2728
102 102 -28.3227
102 102 -31.3206
102 102 -28.9688
102 102 -29.9806
102 102 -28.1133
102 102 -30.012
102 102 -28.8612
102 102 -42.974
102 102 -31.9605
102 102 -42.8347
102 102 -31.5525
102 102 -42.8347
102 102 -31.9605
102 102 -41.0253
102 102 -33.1935
102 102 -27.4057
102 102 -26.0906
102 102 -24.2225
102 102 -28.7503
102 102 -25.324
102 102 -27.3279
102 102 -25.2264
102 102 -27.3279
102 102 -37.8467
102 102 -29.0307
102 102 -40.335
102 102 -27.2216
102 102 -36.3515
102 102 -32.8851
102 102 -36.7269
102 102 -29.4204
102 102 -20.58
102 102 -30.0808
102 102 -26.1299
102 102 -33.7378
102 102 -24.1498
102 102 -32.3888
102 102 -24.314
102 102 -31.1462
102 102 -55.117
102 102 -53.0869
102 102 -57.432
102 102 -53.8154
102 102 -56.0058
102 102 -50.1307
102 102 -55.117
102 102 -53.4152
102 102 -39.4465
102 102 -36.5755
102 102 -33.3149
102 102 -37.1257
102 102 -36.5134
102 102 -31.9893
102 102 -35.9678
102 102 -32.426
102 102 -32.7977
102 102 -39.8717
102 102 -35.5588
102 102 -40.7044
102 102 -37.6322
102 102 -40.7373
102 102 -35.9655
102 102 -38.8919
102 102 -35.8644
102 102 -29.7533
102 102 -31.7752
102 102 -30.9932
102 102 -31.5056
102 102 -30.0248
102 102 -33.0691
102 102 -30.9932
103 103 -29.4373
103 103 -42.3802
103 103 -31.1835
103 103 -42.1044
103 103 -25.4799
103 103 -43.4585
103 103 -25.5332
103 103 -43.7592
103 103 -28.8524
103 103 -43.7327
103 103 -34.6589
103 103 -42.1711
103 103 -29.6787
103 103 -42.363
103 103 -34.6589
103 103 -42.5508
103 103 -34.0765
103 103 -44.1712
103 103 -35.0416
103 103 -42.9065
103 103 -36.2768
103 103 -42.944
103 103 -35.4023
103 103 -43.6299
103 103 -25.6739
103 103 -30.5045
103 103 -24.7187
103 103 -28.5292
103 103 -25.0206
103 103 -32.0051
103 103 -24.2339
103 103 -34.0589
103 103 -40.7594
103 103 -42.2217
103 103 -40.3889
103 103 -41.9461
103 103 -41.5787
103 103 -43.1146
103 103 -36.7275
103 103 -43.8567
103 103 -39.0057
103 103 -40.036
103 103 -37.846
103 103 -41.6148
103 103 -36.3886
103 103 -40.553
103 103 -35.4904
103 103 -41.1286
103 103 -31.3657
103 103 -42.7959
103 103 -32.1095
103 103 -42.6538
103 103 -33.6211
103 103 -42.4914
103 103 -32.4744
103 103 -42.8417
103 103 -31.2185
103 103 -44.841
103 103 -30.1579
103 103 -43.2549
103 103 -32.162
103 103 -46.95
103 103 -30.9136
103 103 -44.841
103 103 -23.8703
103 103 -39.1729
103 103 -20.8792
103 103 -40.6488
103 103 -23.8703
103 103 -40.6488
103 103 -21.692
103 103 -41.4238
103 103 -30.1319
103 103 -37.5911
103 103 -32.2993
103 103 -37.6326
103 103 -26.6901
103 103 -37.2587
103 103 -28.2965
103 103 -35.7927
103 103 -36.7793
103 103 -35.6934
103 103 -36.7793
103 103 -37.2904
103 103 -35.3596
103 103 -36.1885
103 103 -29.568
103 103 -33.3725
103 103 -36.6903
103 103 -43.7078
103 103 -33.1285
103 103 -42.0375
103 103 -31.2106
103 103 -41.8513
103 103 -37.9165
103 103 -42.7457
103 103 -33.0832
103 103 -42.9841
103 103 -34.8922
103 103 -44.2137
103 103 -29.5094
103 103 -41.5537
103 103 -30.9594
103 103 -41.5537
103 103 -35.423
103 103 -39.1098
103 103 -34.9192
103 103 -39.1098
103 103 -35.423
103 103 -40.9334
103 103 -36.8252
103 103 -39.3016
103 103 -28.5098
103 103 -35.8957
103 103 -28.2628
103 103 -39.3349
103 103 -28.137
103 103 -36.0402
103 103 -26.8883
103 103 -39.6014
103 103 -38.2121
103 103 -40.9901
103 103 -35.3939
103 103 -43.6547
103 103 -32.1988
103 103 -44.0084
103 103 -36.6586
103 103 -43.4275
103 103 -32.3078
103 103 -42.9374
103 103 -31.4495
103 103 -42.148
103 103 -30.057
103 103 -44.7994
103 103 -30.9519
103 103 -44.664
103 103 -32.4594
103 103 -40.1172
103 103 -31.5623
103 103 -38.5163
103 103 -32.4594
103 103 -38.666
103 103 -27.6281
103 103 -36.1261
103 103 -32.7664
103 103 -44.0352
103 103 -29.9231
103 103 -44.0778
103 103 -33.7978
103 103 -41.9439
103 103 -33.7978
103 103 -43.5989
103 103 -26.2102
103 103 -33.5073
103 103 -27.9934
103 103 -33.5022
103 103 -27.6331
103 103 -33.6181
103 103 -29.072
103 103 -37.5396
103 103 -35.1572
103 103 -44.6599
103 103 -35.8066
103 103 -44.0534
103 103 -36.6759
103 103 -44.417
103 103 -35.7669
103 103 -45.5432
103 103 -28.6244
103 103 -40.7096
103 103 -28.6244
103 103 -39.7619
103 103 -26.1626
103 103 -42.0239
103 103 -26.1883
103 103 -41.5607
103 103 -27.4901
103 103 -42.4683
103 103 -26.3862
103 103 -42.4683
103 103 -26.3888
103 103 -39.1065
103 103 -27.2667
103 103 -42.5594
103 103 -30.4766
103 103 -40.5904
103 103 -29.3297
103 103 -39.9205
103 103 -31.8162
103 103 -41.2575
103 103 -28.15
103 103 -40.5088
103 103 -29.9399
103 103 -38.7688
103 103 -29.3714
103 103 -41.1912
103 103 -28.7886
103 103 -42.7758
103 103 -31.0614
103 103 -40.5363
103 103 -29.6785
103 103 -39.5643
103 103 -30.8293
103 103 -39.8236
103 103 -29.2348
103 103 -39.4114
103 103 -32.2511
103 103 -39.757
103 103 -38.4871
103 103 -42.5599
103 103 -38.9244
103 103 -42.7097
103 103 -37.7685
103 103 -43.9502
103 103 -35.1382
103 103 -42.5599
104 104 -38.2331
104 104 -23.8292
104 104 -38.7144
104 104 -24.9024
104 104 -39.232
104 104 -23.8292
104 104 -39.232
104 104 -23.8292
104 104 -51.097
104 104 -46.8899
104 104 -53.1462
104 104 -46.8435
104 104 -52.4129
104 104 -46.0242
104 104 -52.4558
104 104 -45.6709
104 104 -40.4891
104 104 -37.348
104 104 -41.1928
104 104 -37.842
104 104 -40.3386
104 104 -36.8955
104 104 -37.6099
104 104 -38.2061
104 104 -23.6723
104 104 -28.6972
104 104 -27.6777
104 104 -32.4123
104 104 -23.8588
104 104 -34.1557
104 104 -25.8659
104 104 -35.2436
104 104 -33.4172
104 104 -42.3562
104 104 -33.2613
104 104 -42.7683
104 104 -33.7603
104 104 -41.5896
104 104 -31.6841
104 104 -40.4764
104 104 -38.7864
104 104 -39.3546
104 104 -36.2705
104 104 -39.3595
104 104 -36.2705
104 104 -37.8886
104 104 -34.7754
104 104 -39.542
104 104 -51.6215
104 104 -49.0713
104 104 -49.1074
104 104 -48.044
104 104 -51.8675
104 104 -46.9036
104 104 -52.7706
104 104 -48.0236
104 104 -36.5197
104 104 -35.6505
104 104 -38.5952
104 104 -36.8472
104 104 -36.5197
104 104 -37.1309
104 104 -36.5197
104 104 -36.2313
104 104 -40.6796
104 104 -39.8654
104 104 -42.1174
104 104 -44.805
104 104 -41.3566
104 104 -47.7958
104 104 -40.677
104 104 -42.1309
104 104 -38.1783
104 104 -39.8018
104 104 -37.2881
104 104 -44.16
104 104 -38.1254
104 104 -40.1853
104 104 -38.1493
104 104 -39.8896
104 104 -35.731
104 104 -36.9323
104 104 -38.7814
104 104 -36.9323
104 104 -37.4438
104 104 -35.784
104 104 -38.0805
104 104 -37.2029
104 104 -36.9998
104 104 -34.5321
104 104 -35.1073
104 104 -34.2679
104 104 -36.4652
104 104 -33.9783
104 104 -35.1073
104 104 -33.6286
104 104 -36.1288
104 104 -35.9415
104 104 -34.8203
104 104 -34.9409
104 104 -34.6789
104 104 -34.8211
104 104 -34.8272
104 104 -35.524
104 104 -34.326
104 104 -36.9115
104 104 -34.7757
104 104 -36.9115
104 104 -36.4539
104 104 -36.3964
104 104 -35.2409
104 104 -37.1448
104 104 -37.8808
104 104 -35.7125
104 104 -39.669
104 104 -35.6974
104 104 -38.8134
104 104 -35.6974
104 104 -39.6474
104 104 -35.6358
104 104 -38.0667
104 104 -35.8181
104 104 -37.2694
104 104 -35.423
104 104 -37.2694
104 104 -34.7406
104 104 -37.6231
104 104 -36.4492
104 104 -37.7303
104 104 -49.9731
104 104 -42.3659
104 104 -49.9977
104 104 -36.8646
104 104 -47.9261
104 104 -39.006
104 104 -47.9209
104 104 -35.9722
104 104 -35.5752
104 104 -36.4925
104 104 -35.9424
104 104 -36.4925
104 104 -34.5341
104 104 -35.5495
104 104 -33.9888
104 104 -36.1107
104 104 -38.5877
104 104 -33.9203
104 104 -37.243
104 104 -36.8228
104 104 -40.5821
104 104 -36.6341
104 104 -43.249
104 104 -47.1033
104 104 -47.0357
104 104 -43.4999
104 104 -43.937
104 104 -47.1033
104 104 -42.5044
104 104 -47.3757
104 104 -39.6512
104 104 -59.2437
104 104 -45.9068
104 104 -57.9799
104 104 -46.0179
104 104 -56.6898
104 104 -47.5972
104 104 -67.6686
104 104 -37.9375
104 104 -31.092
104 104 -22.448
104 104 -30.4826
104 104 -21.8969
104 104 -31.2631
104 104 -21.8781
104 104 -30.4826
104 104 -22.4474
104 104 -45.5532
104 104 -37.2446
104 104 -46.2179
104 104 -39.1623
104 104 -44.2714
104 104 -36.8737
104 104 -44.0907
104 104 -37.4692
104 104 -38.0166
104 104 -35.4246
104 104 -39.0468
104 104 -36.7624
104 104 -40.731
104 104 -35.9125
104 104 -38.4486
104 104 -35.4246
104 104 -37.9797
104 104 -37.2181
104 104 -43.865
104 104 -37.1312
104 104 -39.6291
104 104 -37.1947
104 104 -39.066
104 104 -39.6293
104 104 -38.9519
104 104 -36.1781
104 104 -39.8987
104 104 -34.7304
104 104 -40.8796
104 104 -36.8827
104 104 -39.9944
104 104 -36.1781
104 104 -30.9139
104 104 -37.9049
104 104 -33.7656
104 104 -38.1677
104 104 -30.8103
104 104 -39.4279
104 104 -31.8376
104 104 -39.8805
104 104 -41.8219
104 104 -45.9062
104 104 -41.6618
104 104 -48.8456
104 104 -38.6187
104 104 -44.8214
104 104 -42.309
104 104 -45.7635
