78 78 -1961.68
78 78 -2063.79
78 78 -1961.68
78 78 -2082.4
78 78 -2114.35
78 78 -2491.39
78 78 -1962.71
78 78 -1790.1
78 78 -1442.69
78 78 -3713.68
78 78 -1350.38
78 78 -4621.89
78 78 -1442.69
78 78 -3224.41
78 78 -816.797
78 78 -4612.25
78 78 -2526.03
78 78 -3019.57
78 78 -1999.24
78 78 -3034.36
78 78 -2031.96
78 78 -3206.91
78 78 -1900.14
78 78 -3034.36
78 78 -3936.54
78 78 -3222.03
78 78 -3956.29
78 78 -3355.75
78 78 -3952.01
78 78 -3075.78
78 78 -3927.21
78 78 -3052.21
78 78 -2049.15
78 78 -3430.18
78 78 -2110.14
78 78 -3414.03
78 78 -2064.26
78 78 -3439.37
78 78 -2115.89
78 78 -3429.68
78 78 -3000.94
78 78 -3497.06
78 78 -3182.78
78 78 -3490.28
78 78 -2601.32
78 78 -3268.45
78 78 -2952.01
78 78 -3397.06
78 78 -360.962
78 78 -1945.64
78 78 -464.948
78 78 -2083.99
78 78 -581.239
78 78 -1981.78
78 78 -663.623
78 78 -1945.64
79 79 -2249.8
79 79 -1166.41
79 79 -2231.69
79 79 -703.251
79 79 -2258.16
79 79 -659.745
79 79 -2272.76
79 79 -940.087
79 79 -1323.84
79 79 -2279.7
79 79 -1294.96
79 79 -2339.28
79 79 -1231.77
79 79 -2384.03
79 79 -1323.84
79 79 -2403.64
79 79 -2364.28
79 79 -2041.52
79 79 -2296.7
79 79 -2041.52
79 79 -2387.54
79 79 -2138.8
79 79 -2296.7
79 79 -2187.35
79 79 -706.506
79 79 -2348.62
79 79 -1309.49
79 79 -2163.3
79 79 -1012.82
79 79 -2187.08
79 79 -412.414
79 79 -2128.18
79 79 -2691.95
79 79 -2712.14
79 79 -2706.46
79 79 -2710.85
79 79 -2709.13
79 79 -2718.21
79 79 -2714.67
79 79 -2702.21
79 79 -1243.04
79 79 -1600.81
79 79 -1256.44
79 79 -1926.02
79 79 -1266.27
79 79 -2061.43
79 79 -1283.06
79 79 -1580.97
79 79 -1194.01
79 79 -1944.73
79 79 -1217.62
79 79 -1854.43
79 79 -1188.4
79 79 -1427.61
79 79 -1282.72
79 79 -1533.13
80 80 -3681.74
80 80 -3614.03
80 80 -3619.87
80 80 -3639.14
80 80 -3388.93
80 80 -3614.03
80 80 -3617.11
80 80 -3584.92
80 80 -4031.64
80 80 -537.782
80 80 -4053.28
80 80 -597.008
80 80 -4016.56
80 80 -629.435
80 80 -4028.32
80 80 -623.381
80 80 -3291.31
80 80 -3750.86
80 80 -3337.07
80 80 -3786.43
80 80 -3313.61
80 80 -3773.65
80 80 -3335.76
80 80 -3751.03
80 80 -4083.47
80 80 -669.821
80 80 -4071.97
80 80 -722.84
80 80 -4100.65
80 80 -686.749
80 80 -4109.38
80 80 -679.773
80 80 -3156
80 80 -785.018
80 80 -2958.78
80 80 -1614.47
80 80 -2794.69
80 80 -754.939
80 80 -3227.43
80 80 -718.213
80 80 -3917.19
80 80 -859.838
80 80 -4232.39
80 80 -1611.53
80 80 -4355.35
80 80 -1611.53
80 80 -3980.75
80 80 -1385.14
80 80 -919.781
80 80 -2033.38
80 80 -979.883
80 80 -1986.93
80 80 -979.883
80 80 -1062.71
80 80 -919.781
80 80 -2033.38
81 81 -242.327
81 81 -524.212
81 81 -224.554
81 81 -597.304
81 81 -200.003
81 81 -653.469
81 81 -269.568
81 81 -531.296
81 81 -1615.12
81 81 -888.518
81 81 -1680.95
81 81 -1150.64
81 81 -1458.99
81 81 -994.873
81 81 -2495.39
81 81 -1026.45
81 81 -142.416
81 81 -760.992
81 81 -139.309
81 81 -855.543
81 81 -152.557
81 81 -855.555
81 81 -137.788
81 81 -771.385
81 81 -120.907
81 81 -572.328
81 81 -125.574
81 81 -609.387
81 81 -126.504
81 81 -557.707
81 81 -63.5533
81 81 -564.178
81 81 -336.781
81 81 -405.557
81 81 -331.57
81 81 -413.384
81 81 -323.01
81 81 -452.465
81 81 -237.281
81 81 -403.485
81 81 -4213.97
81 81 -4408.8
81 81 -4290.66
81 81 -4411.71
81 81 -4290.66
81 81 -4420.08
81 81 -4214.89
81 81 -4403.84
81 81 -355.719
81 81 -1009.21
81 81 -275.578
81 81 -964.454
81 81 -362.169
81 81 -1114.53
81 81 -496.305
81 81 -1056.95
81 81 -123.446
81 81 -531.699
81 81 -115.811
81 81 -527.599
81 81 -115.134
81 81 -565.515
81 81 -83.0247
81 81 -584.701
81 81 -1070.54
81 81 -601.564
81 81 -1240.03
81 81 -465.696
81 81 -1098.65
81 81 -564.532
81 81 -1311.08
81 81 -447.409
81 81 -42.0461
81 81 -553.633
81 81 -54.6336
81 81 -523.735
81 81 -64.9118
81 81 -524.23
81 81 -50.3511
81 81 -523.737
81 81 -647.867
81 81 -1732.2
81 81 -1244.52
81 81 -1762.38
81 81 -631.452
81 81 -1716.09
81 81 -437.196
81 81 -1529.27
81 81 -434.832
81 81 -51.9813
81 81 -477.038
81 81 -135.326
81 81 -442.379
81 81 -59.9531
81 81 -434.832
81 81 -59.9531
81 81 -258.78
81 81 -2004.61
81 81 -302.168
81 81 -1710.26
81 81 -291.081
81 81 -1449.51
81 81 -286.081
81 81 -1438.65
81 81 -239.546
81 81 -678.17
81 81 -258.314
81 81 -678.17
81 81 -200.033
81 81 -752.96
81 81 -225.836
81 81 -700.506
81 81 -102.455
81 81 -508.478
81 81 -146.197
81 81 -505.355
81 81 -146.197
81 81 -502.491
81 81 -99.5354
81 81 -476.918
81 81 -160.963
81 81 -431.476
81 81 -122.338
81 81 -438.525
81 81 -158.071
81 81 -438.777
81 81 -79.5388
81 81 -451.285
81 81 -236.28
81 81 -1124.34
81 81 -236.28
81 81 -1124.34
81 81 -199.678
81 81 -981.181
81 81 -196.859
81 81 -903.003
81 81 -61.8392
81 81 -522.951
81 81 -45.5821
81 81 -498.792
81 81 -38.0421
81 81 -531.547
81 81 -63.5803
81 81 -489.998
81 81 -1757.54
81 81 -1266.31
81 81 -1877.38
81 81 -1266.31
81 81 -1673.22
81 81 -1169.64
81 81 -1858.11
81 81 -1208.13
81 81 -158.334
81 81 -387.391
81 81 -212.116
81 81 -400.25
81 81 -177.702
81 81 -387.391
81 81 -74.0048
81 81 -444.089
81 81 -548.409
81 81 -1682.89
81 81 -543.795
81 81 -1996.97
81 81 -569.32
81 81 -1936.13
81 81 -665.182
81 81 -1864.14
81 81 -81.1659
81 81 -388.043
81 81 -178.881
81 81 -378.891
81 81 -91.4165
81 81 -378.587
81 81 -64.6108
81 81 -366.515
81 81 -115.663
81 81 -419.271
81 81 -126.628
81 81 -409.631
81 81 -178.001
81 81 -396.716
81 81 -76.9955
81 81 -424.013
81 81 -722.827
81 81 -866.925
81 81 -695.405
81 81 -746.831
81 81 -546.345
81 81 -589.686
81 81 -630.082
81 81 -661.894
81 81 -2002.48
81 81 -2830.3
81 81 -1841.93
81 81 -2878.89
81 81 -1977.21
81 81 -2827.46
81 81 -2060.06
81 81 -2912.14
81 81 -135.636
81 81 -455.477
81 81 -184.284
81 81 -429.701
81 81 -184.284
81 81 -406.415
81 81 -131.018
81 81 -455.477
81 81 -190.793
81 81 -1032.17
81 81 -270.068
81 81 -1032.17
81 81 -299.092
81 81 -1068.16
81 81 -278.963
81 81 -1156.6
81 81 -238.382
81 81 -719.798
81 81 -220.138
81 81 -716.383
81 81 -238.382
81 81 -874.206
81 81 -135.245
81 81 -746.755
82 82 -2336.77
82 82 -2361.79
82 82 -2336.77
82 82 -2328.02
82 82 -2396.96
82 82 -2376.88
82 82 -2320.64
82 82 -2377.22
82 82 -1779.47
82 82 -2455.96
82 82 -2221.41
82 82 -2425.54
82 82 -2306.46
82 82 -2480.29
82 82 -1941.79
82 82 -2361.57
82 82 -1719.5
82 82 -2301.22
82 82 -1898.46
82 82 -2243.71
82 82 -1567.52
82 82 -2271.17
82 82 -1316.76
82 82 -2343.57
82 82 -1379.94
82 82 -2206.05
82 82 -1683.94
82 82 -2266.17
82 82 -1061.66
82 82 -2294.86
82 82 -1178.13
82 82 -2266.14
82 82 -1829.16
82 82 -1270.85
82 82 -1865.36
82 82 -1075.85
82 82 -1827.71
82 82 -1116.37
82 82 -1882.52
82 82 -1088.65
82 82 -1698.03
82 82 -2374.83
82 82 -1698.03
82 82 -2383.15
82 82 -1798.53
82 82 -2349.71
82 82 -1865.76
82 82 -2374.22
82 82 -1714.01
82 82 -2296.15
82 82 -1632.6
82 82 -2326.22
82 82 -1396.63
82 82 -2317.81
82 82 -1344.8
82 82 -2395.31
82 82 -1768.41
82 82 -2288.17
82 82 -1930.91
82 82 -2231.22
82 82 -1871.21
82 82 -2231.22
82 82 -1820.82
82 82 -2170.08
82 82 -1596.71
82 82 -2121.98
82 82 -1623.95
82 82 -2070.01
82 82 -1575.41
82 82 -2049
82 82 -1593.13
82 82 -2074.34
82 82 -1147.92
82 82 -1607.61
82 82 -1350.33
82 82 -1681.43
82 82 -1291.07
82 82 -1595.16
82 82 -1212.88
82 82 -1309.41
82 82 -1836.79
82 82 -2386.37
82 82 -1836.79
82 82 -2393.04
82 82 -1745.18
82 82 -2413.93
82 82 -1541.44
82 82 -2451.85
82 82 -2838.2
82 82 -1885.75
82 82 -3422.85
82 82 -2020.2
82 82 -2901.71
82 82 -1934.23
82 82 -3181.85
82 82 -1920.39
82 82 -2316.63
82 82 -1923.85
82 82 -2341.45
82 82 -2007.54
82 82 -2353.4
82 82 -2130.84
82 82 -2345.39
82 82 -2066.83
82 82 -1556.08
82 82 -2251.8
82 82 -1362.74
82 82 -2304.1
82 82 -1556.08
82 82 -2182.72
82 82 -940.589
82 82 -2189.22
82 82 -1226.72
82 82 -2065.52
82 82 -1514.05
82 82 -2167.72
82 82 -1247.27
82 82 -2203.08
82 82 -1507.82
82 82 -2259.38
82 82 -2738.79
82 82 -1708.76
82 82 -2558.12
82 82 -1715.84
82 82 -2743.58
82 82 -1732.99
82 82 -2580.81
82 82 -1506.38
82 82 -2165.93
82 82 -2432.44
82 82 -2170.42
82 82 -2468.12
82 82 -1874.45
82 82 -2414.77
82 82 -2155.09
82 82 -2356.65
82 82 -1740.92
82 82 -2339.06
82 82 -1998.14
82 82 -2323.55
82 82 -2046.26
82 82 -2426.43
82 82 -2171.42
82 82 -2426.42
82 82 -1495.61
82 82 -993.565
82 82 -1658.5
82 82 -952.781
82 82 -1558.63
82 82 -1311.2
82 82 -1383.01
82 82 -932.54
82 82 -1663.86
82 82 -2180.07
82 82 -1520.4
82 82 -2094.12
82 82 -1663.86
82 82 -2120.67
82 82 -1625.24
82 82 -2180.35
82 82 -1404.54
82 82 -772.791
82 82 -1377.8
82 82 -772.791
82 82 -1485.63
82 82 -772.791
82 82 -1404.54
82 82 -695.825
82 82 -1357.63
82 82 -1616.4
82 82 -1217.91
82 82 -2175.2
82 82 -1173.46
82 82 -1760.34
82 82 -1398.06
82 82 -1979.68
82 82 -952.059
82 82 -2285.19
82 82 -619.481
82 82 -2261.91
82 82 -463.386
82 82 -2350.53
82 82 -952.044
82 82 -2195.5
82 82 -1651.95
82 82 -2221.98
82 82 -1832.63
82 82 -2134.4
82 82 -2027.92
82 82 -1896.79
82 82 -1987.85
82 82 -2147.92
82 82 -2400.6
82 82 -2031.77
82 82 -2179.08
82 82 -2064.1
82 82 -2273.19
82 82 -2056.93
82 82 -2400.6
82 82 -1984.72
82 82 -1300.7
82 82 -2403.55
82 82 -1193.29
82 82 -2431.13
82 82 -1300.7
82 82 -2403.55
82 82 -783.974
82 82 -2378.52
82 82 -244.731
82 82 -2271.52
82 82 -564.451
82 82 -2186.98
82 82 -514.643
82 82 -2196.79
82 82 -1032.92
82 82 -2064.34
83 83 -323.102
83 83 -542.059
83 83 -527.8
83 83 -552.371
83 83 -602.688
83 83 -552.371
83 83 -602.688
83 83 -504.844
83 83 -1914.66
83 83 -2148.85
83 83 -1914.66
83 83 -2344.51
83 83 -1832.36
83 83 -2104.14
83 83 -1913.5
83 83 -2344.51
83 83 -1083.21
83 83 -938.036
83 83 -1133.65
83 83 -783.817
83 83 -964.471
83 83 -753.62
83 83 -1059.65
83 83 -815.791
83 83 -648.937
83 83 -587.678
83 83 -272.844
83 83 -542.283
83 83 -688.325
83 83 -544.651
83 83 -648.937
83 83 -606.865
83 83 -1002.04
83 83 -944.363
83 83 -875.977
83 83 -987.112
83 83 -804.105
83 83 -784.716
83 83 -881.356
83 83 -1117.28
83 83 -250.096
83 83 -533.132
83 83 -245.303
83 83 -583.188
83 83 -120.451
83 83 -579.744
83 83 -243.551
83 83 -642.533
83 83 -1896.91
83 83 -527.022
83 83 -1647.05
83 83 -452.2
83 83 -1357.21
83 83 -540.156
83 83 -1805.81
83 83 -452.2
83 83 -2011.52
83 83 -1027.96
83 83 -2178.66
83 83 -1020.77
83 83 -1991.41
83 83 -966.148
83 83 -1893.49
83 83 -878.131
83 83 -975.26
83 83 -624.98
83 83 -1092.26
83 83 -593.547
83 83 -1273.15
83 83 -448.551
83 83 -975.26
83 83 -572.349
83 83 -999.686
83 83 -687.255
83 83 -658.349
83 83 -600.096
83 83 -967.979
83 83 -568.378
83 83 -1206.75
83 83 -727.47
83 83 -268.081
83 83 -521.908
83 83 -237.066
83 83 -566.202
83 83 -295.761
83 83 -751.353
83 83 -229.824
83 83 -402.183
83 83 -1999.06
83 83 -159.394
83 83 -1868.49
83 83 -377.549
83 83 -1833.22
83 83 -455.271
83 83 -1972.11
83 83 -377.549
83 83 -386.319
83 83 -578.364
83 83 -310.409
83 83 -357.916
83 83 -310.409
83 83 -628.72
83 83 -310.409
83 83 -628.72
83 83 -1320.84
83 83 -1209.23
83 83 -1230.4
83 83 -1325.04
83 83 -1406.43
83 83 -1295.5
83 83 -1269.28
83 83 -1164.03
83 83 -1877.93
83 83 -480.111
83 83 -1860.68
83 83 -501.755
83 83 -1602.09
83 83 -648.383
83 83 -1894.72
83 83 -477.57
83 83 -1407.37
83 83 -1032.48
83 83 -1733.66
83 83 -999.45
83 83 -1676.9
83 83 -1032.51
83 83 -1433.49
83 83 -991.056
83 83 -1571.52
83 83 -743.823
83 83 -1689.03
83 83 -621.882
83 83 -1674.5
83 83 -446.589
83 83 -1619.35
83 83 -352.48
83 83 -2130.33
83 83 -680.847
83 83 -1916.93
83 83 -825.084
83 83 -2003.64
83 83 -870.065
83 83 -2048.99
83 83 -649.74
83 83 -1724.3
83 83 -2055.23
83 83 -1672.16
83 83 -1924.68
83 83 -1663.7
83 83 -2152.91
83 83 -1578.28
83 83 -2397.11
83 83 -812.936
83 83 -881.04
83 83 -975.559
83 83 -884.714
83 83 -812.943
83 83 -770.678
83 83 -886.136
83 83 -770.678
83 83 -233.953
83 83 -457.178
83 83 -203.354
83 83 -457.178
83 83 -287.49
83 83 -352.18
83 83 -439.398
83 83 -394.912
83 83 -596.891
83 83 -856.858
83 83 -648.345
83 83 -892.935
83 83 -627.576
83 83 -923.7
83 83 -607.953
83 83 -844.077
83 83 -1494.77
83 83 -1254.23
83 83 -1805.76
83 83 -1288.53
83 83 -1643.34
83 83 -1228.26
83 83 -1745.96
83 83 -1219
83 83 -1642.66
83 83 -1108.16
83 83 -1573.62
83 83 -892.292
83 83 -1543.43
83 83 -1206.81
83 83 -1669.58
83 83 -892.292
83 83 -632.076
83 83 -670.474
83 83 -606.87
83 83 -697.43
83 83 -561.516
83 83 -711.49
83 83 -560.069
83 83 -673.243
83 83 -830.178
83 83 -581.583
83 83 -987.847
83 83 -554.356
83 83 -907.502
83 83 -634.098
83 83 -950.29
83 83 -587.93
83 83 -1394.98
83 83 -596.184
83 83 -1478.73
83 83 -793.744
83 83 -1255.87
83 83 -706.604
83 83 -1394.98
83 83 -691.895
83 83 -1365.98
83 83 -336.907
83 83 -1017.13
83 83 -389.894
83 83 -1359.32
83 83 -378.009
83 83 -1365.98
83 83 -378.009
84 84 -1963.2
84 84 -2709.9
84 84 -1908.97
84 84 -2159.1
84 84 -1904.51
84 84 -2796.17
84 84 -1214.2
84 84 -2054.17
84 84 -2279.15
84 84 -2037.09
84 84 -1707.61
84 84 -2285.19
84 84 -2290.51
84 84 -2055.25
84 84 -2245.09
84 84 -2285.19
84 84 -2167.96
84 84 -1943.63
84 84 -2060.38
84 84 -1923.72
84 84 -2118.99
84 84 -1884.22
84 84 -1947.98
84 84 -1917.14
84 84 -912.143
84 84 -2465.4
84 84 -1310.17
84 84 -2412.08
84 84 -1208.65
84 84 -2412.08
84 84 -1173.95
84 84 -2721.6
84 84 -595.714
84 84 -2703.97
84 84 -1721.48
84 84 -2529.94
84 84 -1814.96
84 84 -2857.65
84 84 -1311.18
84 84 -2761.98
84 84 -988.792
84 84 -2681.1
84 84 -979.081
84 84 -2664.07
84 84 -960.44
84 84 -2804.7
84 84 -979.081
84 84 -2715.91
84 84 -439.649
84 84 -2491.97
84 84 -906.597
84 84 -2518.27
84 84 -191.837
84 84 -2556.37
84 84 -375.84
84 84 -2418.65
84 84 -2087.07
84 84 -1456.89
84 84 -2234.43
84 84 -1354.74
84 84 -2191.61
84 84 -1571.26
84 84 -2317.13
84 84 -1479.91
84 84 -2337.56
84 84 -1676.87
84 84 -2294.44
84 84 -1757.5
84 84 -2478.79
84 84 -1745.57
84 84 -2289.22
84 84 -1745.57
84 84 -728.327
84 84 -2669.64
84 84 -402.444
84 84 -2768.78
84 84 -394.402
84 84 -2779.97
84 84 -1301.35
84 84 -2600.9
84 84 -1034.37
84 84 -1847.93
84 84 -1518.05
84 84 -2615
84 84 -1613.59
84 84 -1901.63
84 84 -1282.46
84 84 -2489.57
84 84 -405.708
84 84 -2151.49
84 84 -396.582
84 84 -2454.55
84 84 -352.676
84 84 -2028.33
84 84 -397.254
84 84 -2498.41
84 84 -244.574
84 84 -2751.97
84 84 -563.573
84 84 -2322.84
84 84 -330.588
84 84 -2322.84
84 84 -247.576
84 84 -2120.49
84 84 -1195.47
84 84 -2160.88
84 84 -1971.39
84 84 -2094.08
84 84 -1879.15
84 84 -2010.5
84 84 -1755.42
84 84 -2176.61
84 84 -1821.23
84 84 -2196.84
84 84 -1879.69
84 84 -2196.84
84 84 -1952.95
84 84 -2444.64
84 84 -1916.15
84 84 -2395.4
84 84 -686.867
84 84 -2081.79
84 84 -874.101
84 84 -2100.73
84 84 -484.17
84 84 -2099.18
84 84 -347.809
84 84 -2099.18
84 84 -1792.95
84 84 -3098.57
84 84 -2168.1
84 84 -2928.26
84 84 -2168.1
84 84 -2879.9
84 84 -1855.77
84 84 -2866.54
84 84 -1307.67
84 84 -389.741
84 84 -1445.39
84 84 -1806.57
84 84 -1350.11
84 84 -1624.1
84 84 -1489.34
84 84 -1115.12
84 84 -2030.75
84 84 -3210.26
84 84 -1844.05
84 84 -3254.18
84 84 -1552.93
84 84 -3275.81
84 84 -1908.95
84 84 -3324.82
84 84 -1950.72
84 84 -2647.39
84 84 -2013.92
84 84 -2588.88
84 84 -2120.8
84 84 -2619.98
84 84 -2139.95
84 84 -2597.95
84 84 -2165.51
84 84 -2484.2
84 84 -2277.77
84 84 -2484.2
84 84 -1585.66
84 84 -2423.54
84 84 -2087.81
84 84 -2484.2
84 84 -1723.78
84 84 -2044.74
84 84 -1539.09
84 84 -2115.02
84 84 -1282.23
84 84 -2116.34
84 84 -1324.55
84 84 -2175.49
84 84 -1438.12
84 84 -2035.02
84 84 -1657.1
84 84 -2132.47
84 84 -2014.26
84 84 -2056.95
84 84 -1686.14
84 84 -2012.53
84 84 -662.409
84 84 -2618.22
84 84 -1782.2
84 84 -2502.57
84 84 -662.409
84 84 -2620.27
84 84 -1086.5
84 84 -2597.18
84 84 -1471.64
84 84 -2239.82
84 84 -1444.99
84 84 -2427.99
84 84 -1272.74
84 84 -2863.08
84 84 -1526.65
84 84 -2383.79
84 84 -512.784
84 84 -2442.46
84 84 -464.547
84 84 -2376.44
84 84 -536.213
84 84 -2376.44
84 84 -675.944
84 84 -2103.58
84 84 -1235.01
84 84 -2467.2
84 84 -1473.16
84 84 -2204.55
84 84 -1700.88
84 84 -2227.98
84 84 -756.439
84 84 -2227.98
84 84 -1387.02
84 84 -1930.82
84 84 -1526.09
84 84 -1957.72
84 84 -324.907
84 84 -1988.24
84 84 -476.098
84 84 -1781.51
85 85 -557.53
85 85 -2184.57
85 85 -596.88
85 85 -2005.1
85 85 -557.53
85 85 -2181.21
85 85 -406.48
85 85 -2192.3
85 85 -1555.3
85 85 -1535.3
85 85 -1520.55
85 85 -1712.49
85 85 -1491.76
85 85 -1661.92
85 85 -1526.97
85 85 -1480.39
85 85 -1314.07
85 85 -3645.62
85 85 -1437.26
85 85 -3871.47
85 85 -1414.9
85 85 -3893.57
85 85 -1519.49
85 85 -4055.88
85 85 -304.163
85 85 -948.545
85 85 -475.879
85 85 -943.533
85 85 -304.168
85 85 -1100.79
85 85 -622.269
85 85 -782.358
85 85 -2438.93
85 85 -3305.77
85 85 -2501.76
85 85 -3298.09
85 85 -2980.55
85 85 -2970.79
85 85 -2190.05
85 85 -3165.49
85 85 -1030.51
85 85 -1245.42
85 85 -1211.18
85 85 -1245.42
85 85 -516.328
85 85 -1418.88
85 85 -516.328
85 85 -1245.42
85 85 -1352.11
85 85 -3494.69
85 85 -1435.76
85 85 -3300.31
85 85 -1403.89
85 85 -3446.89
85 85 -1435.76
85 85 -3221.12
85 85 -1461.25
85 85 -2166.69
85 85 -1427.79
85 85 -2382.39
85 85 -1525.06
85 85 -2382.39
85 85 -1491.84
85 85 -2166.7
85 85 -3145.61
85 85 -4373.46
85 85 -2472.84
85 85 -4385.5
85 85 -2472.84
85 85 -4374.08
85 85 -2718.41
85 85 -4379.55
85 85 -1468.26
85 85 -1371.43
85 85 -1411.44
85 85 -1396.39
85 85 -1544.34
85 85 -1396.39
85 85 -1468.26
85 85 -1404.87
85 85 -1068.06
85 85 -2778.8
85 85 -1045.04
85 85 -2921.38
85 85 -1031.43
85 85 -3237.87
85 85 -1075.98
85 85 -3008.58
85 85 -1523.95
85 85 -1107.62
85 85 -1510.09
85 85 -1107.62
85 85 -1518.37
85 85 -1269.34
85 85 -1523.95
85 85 -1297.85
85 85 -1150.69
85 85 -3922.39
85 85 -1509.36
85 85 -3935.05
85 85 -1343.81
85 85 -3949.16
85 85 -1291.8
85 85 -3765.29
85 85 -1513.17
85 85 -2385.19
85 85 -1637.22
85 85 -2297.71
85 85 -1425.37
85 85 -2388.84
85 85 -1513.15
85 85 -2367.94
85 85 -1167.26
85 85 -3896.47
85 85 -1347.67
85 85 -3810.85
85 85 -1598.04
85 85 -3810.85
85 85 -1820.11
85 85 -3704.44
85 85 -1160.77
85 85 -2347.53
85 85 -983.303
85 85 -2585.36
85 85 -1198.89
85 85 -2545.19
85 85 -1136.68
85 85 -2347.53
85 85 -508.92
85 85 -3707.69
85 85 -741.666
85 85 -3653.81
85 85 -815.704
85 85 -3499.77
85 85 -851.824
85 85 -3651.72
85 85 -1625.5
85 85 -3451.87
85 85 -1620.76
85 85 -3011.23
85 85 -1661.18
85 85 -3331.28
85 85 -1555.79
85 85 -3011.23
85 85 -1520.45
85 85 -2082.85
85 85 -1539.44
85 85 -2620.74
85 85 -1457.27
85 85 -2241.14
85 85 -1641.37
85 85 -2509.55
85 85 -1065.62
85 85 -1983.13
85 85 -1069.21
85 85 -1898.4
85 85 -1091.37
85 85 -1971.94
85 85 -1060.23
85 85 -1768.63
85 85 -1016.55
85 85 -3430.62
85 85 -1054.8
85 85 -3547.79
85 85 -1036.51
85 85 -3547.79
85 85 -1041.6
85 85 -3346.83
85 85 -1513.82
85 85 -4038.21
85 85 -1618.48
85 85 -4022.51
85 85 -1409.46
85 85 -4214.02
85 85 -1627.87
85 85 -4022.5
85 85 -997.079
85 85 -1782.87
85 85 -1412.82
85 85 -1509.94
85 85 -1033.23
85 85 -1627.22
85 85 -1033.23
85 85 -1731.09
85 85 -126.501
85 85 -2178.54
85 85 -300.468
85 85 -2086.55
85 85 -304.911
85 85 -2092.91
85 85 -215.343
85 85 -2069.88
85 85 -3881.94
85 85 -3965.76
85 85 -3881.94
85 85 -4021.61
85 85 -3825.02
85 85 -3937.65
85 85 -3858.94
85 85 -3935.16
85 85 -3838.69
85 85 -3929.56
85 85 -3883.8
85 85 -3911.56
85 85 -3883.48
85 85 -3934.4
85 85 -3798.11
85 85 -3889.16
85 85 -1569.84
85 85 -4401.23
85 85 -1522.81
85 85 -4340.02
85 85 -1522.81
85 85 -4341.13
85 85 -1460.76
85 85 -4377.77
85 85 -1818.92
85 85 -2927.59
85 85 -1773
85 85 -2598.83
85 85 -1820.91
85 85 -2286.95
85 85 -1830.04
85 85 -2962.05
86 86 -1562.74
86 86 -2390.13
86 86 -2063.16
86 86 -2404.77
86 86 -2063.16
86 86 -2514.66
86 86 -1996.3
86 86 -2496.98
86 86 -2402.09
86 86 -2503.49
86 86 -2347.56
86 86 -2453.99
86 86 -2363.24
86 86 -2571.48
86 86 -2414.93
86 86 -2613.47
86 86 -732.87
86 86 -2142.86
86 86 -895.608
86 86 -2127.83
86 86 -1540.06
86 86 -2119.46
86 86 -883.774
86 86 -2117.64
86 86 -545.191
86 86 -3164.76
86 86 -555.296
86 86 -2739.45
86 86 -605.85
86 86 -2575.64
86 86 -670.806
86 86 -2795.3
86 86 -2200.06
86 86 -2404.63
86 86 -2321.86
86 86 -2339.88
86 86 -2055.86
86 86 -2222.53
86 86 -1514.74
86 86 -2379.55
86 86 -2142.65
86 86 -2209.75
86 86 -1758.39
86 86 -2313.06
86 86 -2222.14
86 86 -2214.11
86 86 -2131.41
86 86 -2102.61
86 86 -1860.96
86 86 -2159.68
86 86 -1917.79
86 86 -2182.44
86 86 -1941.03
86 86 -2187.04
86 86 -1921.99
86 86 -2152.82
86 86 -2121.23
86 86 -2142.89
86 86 -2120.44
86 86 -2135.87
86 86 -2117.66
86 86 -2140.54
86 86 -2124.74
86 86 -2143.21
86 86 -2331.68
86 86 -2383.14
86 86 -2331.17
86 86 -2301.57
86 86 -2189.91
86 86 -2396.42
86 86 -2331.68
86 86 -2304.61
86 86 -2087.79
86 86 -2270.16
86 86 -2066.59
86 86 -2314.69
86 86 -2076.67
86 86 -2203.57
86 86 -2076.67
86 86 -2255.25
86 86 -2015.06
86 86 -2144.4
86 86 -2076.04
86 86 -2200.78
86 86 -2076.04
86 86 -2159.88
86 86 -2054.94
86 86 -2158.64
86 86 -512.268
86 86 -2281.48
86 86 -512.268
86 86 -2420.15
86 86 -532.574
86 86 -2377.26
86 86 -512.268
86 86 -2228.29
86 86 -1653.53
86 86 -2276.08
86 86 -1934.4
86 86 -2206.12
86 86 -766.667
86 86 -2243.56
86 86 -1989.59
86 86 -2206.12
86 86 -763.063
86 86 -1169.64
86 86 -668.832
86 86 -1638.25
86 86 -691.217
86 86 -1569.69
86 86 -746.391
86 86 -1102.79
86 86 -775.964
86 86 -2191.5
86 86 -662.712
86 86 -2152.5
86 86 -688.463
86 86 -2162.87
86 86 -747.012
86 86 -2137.77
86 86 -702.947
86 86 -2198.73
86 86 -657.916
86 86 -2256.82
86 86 -485.397
86 86 -2159.87
86 86 -485.395
86 86 -2177.16
86 86 -942.116
86 86 -2316.48
86 86 -696.086
86 86 -2328.74
86 86 -1004.9
86 86 -2345.03
86 86 -1397.07
86 86 -2449.76
86 86 -2491.22
86 86 -2352.4
86 86 -2522.88
86 86 -2491.47
86 86 -2355.34
86 86 -2298.63
86 86 -2587.26
86 86 -2315.72
86 86 -423.066
86 86 -2160.67
86 86 -1914.88
86 86 -2172.42
86 86 -659.095
86 86 -2160.67
86 86 -1489.7
86 86 -2146.26
86 86 -2323.33
86 86 -2537.23
86 86 -2373.49
86 86 -2646.7
86 86 -2325.47
86 86 -2511.77
86 86 -2373.49
86 86 -2511.77
86 86 -2146.79
86 86 -2138.87
86 86 -2179.65
86 86 -2152.63
86 86 -2146.79
86 86 -2147.46
86 86 -2128.08
86 86 -2138.87
86 86 -2023.96
86 86 -2296.04
86 86 -2031.85
86 86 -2334.02
86 86 -2060.17
86 86 -2247.73
86 86 -2024.02
86 86 -2286.32
86 86 -2313.81
86 86 -2238.16
86 86 -2114.67
86 86 -2238.16
86 86 -2311.09
86 86 -2257.62
86 86 -1287.04
86 86 -2290.62
86 86 -325.619
86 86 -2470.22
86 86 -838.818
86 86 -2356.78
86 86 -443.421
86 86 -2593.77
86 86 -1416.58
86 86 -2325.55
86 86 -908.336
86 86 -2329.91
86 86 -832.306
86 86 -2403.9
86 86 -767.384
86 86 -2322.93
86 86 -834.353
86 86 -2329.91
86 86 -674.894
86 86 -2407.39
86 86 -710.827
86 86 -2694.67
86 86 -592.102
86 86 -2735.95
86 86 -607.494
86 86 -2735.95
86 86 -597.995
86 86 -2213.84
86 86 -656.015
86 86 -2140.59
86 86 -644.178
86 86 -2204.76
86 86 -603.973
86 86 -2243.56
86 86 -345.76
86 86 -2230.06
86 86 -536.223
86 86 -2224.54
86 86 -441.415
86 86 -2266.78
86 86 -345.76
86 86 -2211.34
87 87 -3633.36
87 87 -1781.89
87 87 -3619.55
87 87 -1781.89
87 87 -3623.54
87 87 -2531.34
87 87 -3652.6
87 87 -1746.95
87 87 -3737.34
87 87 -3218.51
87 87 -3723.68
87 87 -3554.12
87 87 -3768.27
87 87 -2867.95
87 87 -3721.95
87 87 -3320.04
87 87 -4541.61
87 87 -3797.1
87 87 -4556.74
87 87 -3797.1
87 87 -4537.1
87 87 -3720.6
87 87 -4544.62
87 87 -3851.03
87 87 -2093.24
87 87 -3511.68
87 87 -2053.72
87 87 -3882.33
87 87 -1938.72
87 87 -2922.21
87 87 -1938.72
87 87 -3159.18
87 87 -4476.4
87 87 -4237.27
87 87 -4332.46
87 87 -4315.98
87 87 -4411.57
87 87 -4373.74
87 87 -4228.87
87 87 -4228.2
87 87 -4198.04
87 87 -3926.17
87 87 -4630.23
87 87 -3728.07
87 87 -4342.78
87 87 -3617.86
87 87 -4514.03
87 87 -3696.44
87 87 -3863.95
87 87 -3197.69
87 87 -3364.52
87 87 -3204.18
87 87 -3734.95
87 87 -3383.14
87 87 -3864.7
87 87 -3425.9
87 87 -1830.57
87 87 -3360.21
87 87 -2085.5
87 87 -3794.26
87 87 -1933.83
87 87 -3549.28
87 87 -2245.23
87 87 -3901.48
87 87 -3975.18
87 87 -3475.65
87 87 -3996.46
87 87 -3580.56
87 87 -3975.18
87 87 -3302.81
87 87 -3814.52
87 87 -3457.73
87 87 -2254.22
87 87 -3856.56
87 87 -2105.11
87 87 -3932.66
87 87 -2391.36
87 87 -3897.07
87 87 -1668.03
87 87 -3779.29
87 87 -3365.66
87 87 -4189.93
87 87 -3104.49
87 87 -4152.31
87 87 -3309.34
87 87 -4193.63
87 87 -3104.49
87 87 -4150.64
87 87 -3785.73
87 87 -3474
87 87 -3930.46
87 87 -3556.25
87 87 -3765.44
87 87 -3578.75
87 87 -3974.48
87 87 -3492.52
87 87 -4486.68
87 87 -3533.09
87 87 -4299.5
87 87 -3440.59
87 87 -4220.48
87 87 -3438.75
87 87 -3346.13
87 87 -3450.95
87 87 -3364.46
87 87 -3939.92
87 87 -3364.46
87 87 -3939.92
87 87 -3463.26
87 87 -3957.45
87 87 -3485.86
87 87 -3791.24
87 87 -2690.37
87 87 -4044.61
87 87 -3370.31
87 87 -4174.28
87 87 -3179.84
87 87 -4189.83
87 87 -2777.11
87 87 -4176.77
87 87 -3619.77
87 87 -3553.27
87 87 -3722.73
87 87 -3450.96
87 87 -3640.13
87 87 -3493.29
87 87 -3655.29
87 87 -3564.49
87 87 -4769.35
87 87 -3918.26
87 87 -4418.41
87 87 -4206.31
87 87 -4840.29
87 87 -4044.22
87 87 -4418.41
87 87 -3918.26
87 87 -3426.8
87 87 -3219.66
87 87 -3437.68
87 87 -3245.4
87 87 -3569.75
87 87 -3226.14
87 87 -3304.7
87 87 -3236.97
87 87 -4072.2
87 87 -4469.55
87 87 -4230.07
87 87 -4416.95
87 87 -4101.52
87 87 -4416.95
87 87 -4057.2
87 87 -4413.18
87 87 -2764.76
87 87 -3872.41
87 87 -2531.76
87 87 -3864.83
87 87 -3142.7
87 87 -3929.27
87 87 -2573.65
87 87 -3805.9
87 87 -4347.89
87 87 -1690.36
87 87 -4027.63
87 87 -2173.11
87 87 -4240.3
87 87 -2749.69
87 87 -4255.15
87 87 -2087.56
87 87 -4271.3
87 87 -3470.23
87 87 -4191.13
87 87 -3178.25
87 87 -4109.14
87 87 -3203.57
87 87 -4111.69
87 87 -3256.79
87 87 -3624.9
87 87 -3893.29
87 87 -3291.37
87 87 -4032.13
87 87 -3600.85
87 87 -4147.59
87 87 -3241.53
87 87 -3693.38
87 87 -3869.39
87 87 -4255.66
87 87 -4538.08
87 87 -4384.13
87 87 -4295.31
87 87 -4294.87
87 87 -4201.11
87 87 -4030.96
87 87 -1555.95
87 87 -1887.71
87 87 -1367.43
87 87 -1777.78
87 87 -1347.31
87 87 -815.646
87 87 -1324.67
87 87 -2199.88
87 87 -4002.01
87 87 -3917.83
87 87 -3931.74
87 87 -3384.99
87 87 -4069.52
87 87 -3605.27
87 87 -3985.24
87 87 -3507.68
87 87 -1080.7
87 87 -2758.27
87 87 -1222.88
87 87 -2926.7
87 87 -882.339
87 87 -2926.7
87 87 -1098.48
87 87 -2468.56
87 87 -777.866
87 87 -3864.32
87 87 -765.826
87 87 -3875.51
87 87 -765.827
87 87 -3873.54
87 87 -772.286
87 87 -3872.85
88 88 -282.576
88 88 -2116.88
88 88 -281.207
88 88 -1790.51
88 88 -699.71
88 88 -1990.43
88 88 -275.975
88 88 -1905.05
88 88 -302.962
88 88 -1656.92
88 88 -314.653
88 88 -1650.75
88 88 -231.434
88 88 -1695.71
88 88 -317.552
88 88 -1711.92
88 88 -215.242
88 88 -880.281
88 88 -236.204
88 88 -1114.51
88 88 -213.693
88 88 -845.833
88 88 -236.204
88 88 -880.281
88 88 -1151.79
88 88 -1764.74
88 88 -1031.26
88 88 -1720.63
88 88 -1092.04
88 88 -1668.21
88 88 -993.19
88 88 -1650.36
88 88 -271.6
88 88 -810.278
88 88 -277.456
88 88 -789.788
88 88 -241.839
88 88 -736.519
88 88 -270.79
88 88 -591.719
88 88 -245.281
88 88 -2088.69
88 88 -210.002
88 88 -2089.52
88 88 -249.594
88 88 -2115.8
88 88 -267.952
88 88 -2115.8
88 88 -379.696
88 88 -356.684
88 88 -379.696
88 88 -356.684
88 88 -423.628
88 88 -446.991
88 88 -350.73
88 88 -262.796
88 88 -307.996
88 88 -1560.28
88 88 -358.739
88 88 -1575.69
88 88 -393.101
88 88 -1572.56
88 88 -410.381
88 88 -1592.19
88 88 -201.47
88 88 -1391.27
88 88 -208.932
88 88 -1391.27
88 88 -233.579
88 88 -1236.82
88 88 -286.471
88 88 -1346.64
88 88 -611.312
88 88 -1587.04
88 88 -540.424
88 88 -1549.65
88 88 -744.467
88 88 -1600.42
88 88 -618.313
88 88 -1612.47
88 88 -516.15
88 88 -1689.14
88 88 -692.497
88 88 -1654.52
88 88 -646.133
88 88 -1648.6
88 88 -633.505
88 88 -1670.06
88 88 -339.373
88 88 -1523.18
88 88 -398.209
88 88 -1573.18
88 88 -388.786
88 88 -1573.18
88 88 -339.373
88 88 -1573.18
88 88 -330.189
88 88 -312.577
88 88 -300.069
88 88 -150.997
88 88 -241.751
88 88 -300.179
88 88 -231.095
88 88 -321.623
88 88 -335.699
88 88 -363.799
88 88 -332.941
88 88 -275.692
88 88 -369.494
88 88 -252.667
88 88 -239.688
88 88 -313.108
88 88 -262.423
88 88 -1702.95
88 88 -216.608
88 88 -1702.95
88 88 -225.099
88 88 -1720.71
88 88 -247.613
88 88 -876.424
88 88 -1524.5
88 88 -2298.43
88 88 -1524.5
88 88 -2468.94
88 88 -1483.12
88 88 -2191.99
88 88 -1336.17
88 88 -1925.87
88 88 -431.411
88 88 -1354.87
88 88 -451.156
88 88 -1375.64
88 88 -442.92
88 88 -1532.36
88 88 -386.869
88 88 -1515.71
88 88 -2618.71
88 88 -2577.12
88 88 -2542.1
88 88 -2574.66
88 88 -2535.12
88 88 -2417.94
88 88 -2618.78
88 88 -2458.65
88 88 -2528.93
88 88 -2337.35
88 88 -2643.8
88 88 -2135.06
88 88 -2538.89
88 88 -2068.15
88 88 -2440.55
88 88 -2068.15
88 88 -1902.92
88 88 -3473.4
88 88 -1489.54
88 88 -3372.21
88 88 -1318.53
88 88 -3257.24
88 88 -2143.36
88 88 -3479.56
88 88 -501.949
88 88 -1563.49
88 88 -572.135
88 88 -1554.33
88 88 -551.812
88 88 -1532.7
88 88 -551.812
88 88 -1558.84
88 88 -298.353
88 88 -1660.05
88 88 -334.003
88 88 -1660.05
88 88 -287.48
88 88 -1701.65
88 88 -258.835
88 88 -1709.44
88 88 -621.258
88 88 -1673.89
88 88 -592.527
88 88 -1808.3
88 88 -566.746
88 88 -1663.05
88 88 -441.534
88 88 -1646.03
88 88 -253.592
88 88 -1754.95
88 88 -187.662
88 88 -1905.57
88 88 -218.585
88 88 -1687.94
88 88 -207.968
88 88 -1495.7
88 88 -467.551
88 88 -1689.1
88 88 -467.551
88 88 -1742.57
88 88 -487.525
88 88 -1738.06
88 88 -424.298
88 88 -1712.26
88 88 -249.101
88 88 -606.954
88 88 -273.46
88 88 -830.371
88 88 -224.722
88 88 -663.679
88 88 -254.499
88 88 -756.536
88 88 -224.389
88 88 -948.653
88 88 -194.313
88 88 -1106.3
88 88 -322.834
88 88 -1062.62
88 88 -322.834
88 88 -1008.13
89 89 -948.009
89 89 -1323.56
89 89 -1197.33
89 89 -1281.46
89 89 -1242.55
89 89 -1262.31
89 89 -1055.04
89 89 -1258.59
89 89 -528.03
89 89 -1209.3
89 89 -480.256
89 89 -1197.12
89 89 -534.54
89 89 -1212.87
89 89 -471.008
89 89 -1197.96
89 89 -420.429
89 89 -921.602
89 89 -485.546
89 89 -930.419
89 89 -473.919
89 89 -919.358
89 89 -561.293
89 89 -921.602
89 89 -404.028
89 89 -668.747
89 89 -487.723
89 89 -727.607
89 89 -622.836
89 89 -616.948
89 89 -661.112
89 89 -671.475
89 89 -459.426
89 89 -1225.06
89 89 -429.309
89 89 -1225.06
89 89 -593.889
89 89 -1250.72
89 89 -455.328
89 89 -1092.71
89 89 -728.178
89 89 -594.541
89 89 -564.456
89 89 -562.167
89 89 -556.874
89 89 -448.939
89 89 -585.185
89 89 -504.183
89 89 -1296.71
89 89 -1208.79
89 89 -1018.17
89 89 -1178.65
89 89 -1108.85
89 89 -1058.97
89 89 -793.791
89 89 -1135.56
89 89 -1497.97
89 89 -1374.18
89 89 -1310.48
89 89 -1405.97
89 89 -1370.63
89 89 -1393.97
89 89 -1313.17
89 89 -1384.02
89 89 -1118.88
89 89 -1007.91
89 89 -1135.73
89 89 -983.193
89 89 -954.012
89 89 -874.373
89 89 -1001.32
89 89 -907.18
89 89 -473.954
89 89 -713.288
89 89 -406.871
89 89 -753.426
89 89 -406.871
89 89 -935.422
89 89 -287.999
89 89 -791.99
89 89 -2226.57
89 89 -1198.04
89 89 -1744.02
89 89 -1241.32
89 89 -2067.4
89 89 -1241.32
89 89 -2312.61
89 89 -1329.67
89 89 -352.671
89 89 -1036.66
89 89 -456.053
89 89 -1187.47
89 89 -367.587
89 89 -1171.68
89 89 -552.298
89 89 -1102.87
89 89 -1104.29
89 89 -1267.04
89 89 -1198.72
89 89 -1285.68
89 89 -1076.3
89 89 -1279.02
89 89 -1144.74
89 89 -1212.22
89 89 -1229.94
89 89 -1338
89 89 -1229.94
89 89 -1371.55
89 89 -1178.37
89 89 -1340.19
89 89 -1230.06
89 89 -1391.17
89 89 -892.948
89 89 -652.103
89 89 -742.882
89 89 -665.083
89 89 -762.67
89 89 -558.065
89 89 -801.094
89 89 -590.422
89 89 -414.515
89 89 -782.566
89 89 -425.272
89 89 -752.081
89 89 -418.065
89 89 -828.976
89 89 -448.984
89 89 -546.117
89 89 -1209.23
89 89 -1194.82
89 89 -1329.55
89 89 -1024.82
89 89 -1415.87
89 89 -1071.89
89 89 -1342.83
89 89 -1194.82
89 89 -276.438
89 89 -700.367
89 89 -194.839
89 89 -714.942
89 89 -284.456
89 89 -735.403
89 89 -295.056
89 89 -670.148
89 89 -1036.67
89 89 -853.105
89 89 -1059.14
89 89 -1069.52
89 89 -876.851
89 89 -1017.44
89 89 -924.429
89 89 -1033.24
89 89 -1139.8
89 89 -1361.24
89 89 -1154.13
89 89 -1301.99
89 89 -1193.66
89 89 -1307.84
89 89 -1182.8
89 89 -1298.96
89 89 -533.312
89 89 -666.249
89 89 -401.086
89 89 -554.187
89 89 -492.559
89 89 -628.852
89 89 -402.184
89 89 -628.852
89 89 -492.186
89 89 -828.573
89 89 -442.617
89 89 -888.614
89 89 -442.615
89 89 -865.409
89 89 -439.917
89 89 -674.553
89 89 -169.129
89 89 -1583.26
89 89 -495.232
89 89 -1728.9
89 89 -214.665
89 89 -1728.9
89 89 -300.318
89 89 -1747.32
89 89 -652.678
89 89 -817.59
89 89 -833.468
89 89 -821.654
89 89 -816.347
89 89 -772.333
89 89 -798.792
89 89 -713.02
89 89 -517.095
89 89 -853.978
89 89 -488.479
89 89 -878.324
89 89 -543.338
89 89 -784.22
89 89 -609.017
89 89 -674.975
89 89 -483.844
89 89 -1008.44
89 89 -514.421
89 89 -770.021
89 89 -497.871
89 89 -692.291
89 89 -537.729
89 89 -876.501
89 89 -703.7
89 89 -575.624
89 89 -612.64
89 89 -515.772
89 89 -648.924
89 89 -550.348
89 89 -564.257
89 89 -598.455
89 89 -293.148
89 89 -1337.22
89 89 -349.403
89 89 -1337.22
89 89 -310.559
89 89 -1320.13
89 89 -504.315
89 89 -1337.23
90 90 -2378.44
90 90 -1428.85
90 90 -2360.92
90 90 -1579.17
90 90 -2298.9
90 90 -1452.16
90 90 -2319.78
90 90 -1533.59
90 90 -1275.11
90 90 -958.261
90 90 -1556.05
90 90 -928.256
90 90 -1347.8
90 90 -878.084
90 90 -1600.68
90 90 -958.028
90 90 -1601.07
90 90 -399.546
90 90 -1456.97
90 90 -400.383
90 90 -1440.83
90 90 -300.095
90 90 -1399.28
90 90 -330.42
90 90 -1775.2
90 90 -519.713
90 90 -2115.77
90 90 -812.106
90 90 -1645.59
90 90 -544.372
90 90 -1719.81
90 90 -360.43
90 90 -708.192
90 90 -877.777
90 90 -682.225
90 90 -867.755
90 90 -680.761
90 90 -808.844
90 90 -785.077
90 90 -828.663
90 90 -1691.05
90 90 -1692.13
90 90 -1691.05
90 90 -1731.29
90 90 -1595.59
90 90 -1726.04
90 90 -1595.59
90 90 -1753.65
90 90 -1367.4
90 90 -560.198
90 90 -1353.36
90 90 -560.198
90 90 -1365.32
90 90 -578.689
90 90 -1040.08
90 90 -623.386
90 90 -569.087
90 90 -1087.62
90 90 -718.499
90 90 -1517.45
90 90 -763.644
90 90 -1441.27
90 90 -712.446
90 90 -1408.69
90 90 -1594.92
90 90 -1809.85
90 90 -1644
90 90 -1827.03
90 90 -1635.86
90 90 -1881.87
90 90 -1540.3
90 90 -1843.49
90 90 -1792.01
90 90 -1662.79
90 90 -1835.88
90 90 -1489.81
90 90 -1806.85
90 90 -1357.26
90 90 -1844.07
90 90 -1612.56
90 90 -1894.18
90 90 -1879.32
90 90 -1915.21
90 90 -1047.96
90 90 -1906.21
90 90 -912.51
90 90 -1906.21
90 90 -1635.96
90 90 -639.133
90 90 -1504.6
90 90 -244.252
90 90 -1669.95
90 90 -724.262
90 90 -1615.49
90 90 -534.919
90 90 -1669.95
90 90 -1998.93
90 90 -1696.97
90 90 -1803.92
90 90 -1645.28
90 90 -2286.31
90 90 -1584.51
90 90 -1863.16
90 90 -1626.72
90 90 -1300.68
90 90 -1191.04
90 90 -1648.34
90 90 -1399.8
90 90 -1688.09
90 90 -1380.62
90 90 -1648.34
90 90 -1467.13
90 90 -1625.78
90 90 -1793.46
90 90 -1231.85
90 90 -1753.79
90 90 -1636.46
90 90 -1774.44
90 90 -1021.9
90 90 -1793.38
90 90 -1207.5
90 90 -1799.66
90 90 -1352.26
90 90 -1712.27
90 90 -1451.27
90 90 -1781.75
90 90 -1217.21
90 90 -1755.33
90 90 -424.806
90 90 -1629.63
90 90 -739.974
90 90 -1628.92
90 90 -757.824
90 90 -1623.11
90 90 -739.974
90 90 -1670.03
90 90 -1410.68
90 90 -1668.27
90 90 -1409.68
90 90 -1762.31
90 90 -1271.47
90 90 -1653.63
90 90 -1359.37
90 90 -1670.19
90 90 -565.718
90 90 -1677.85
90 90 -543.638
90 90 -1734.06
90 90 -1010.18
90 90 -1676.71
90 90 -493.708
90 90 -1755.34
90 90 -753.893
90 90 -1304.99
90 90 -782.276
90 90 -766.185
90 90 -624.543
90 90 -1204.13
90 90 -656.639
90 90 -787.993
90 90 -1847.29
90 90 -1095.85
90 90 -1856.29
90 90 -1366.7
90 90 -1864.36
90 90 -1443.12
90 90 -1855.28
90 90 -1372.39
90 90 -1749.73
90 90 -1699.45
90 90 -257.593
90 90 -1595.1
90 90 -606.701
90 90 -1527.94
90 90 -370.517
90 90 -1668.55
90 90 -456.757
90 90 -1790.54
90 90 -958.893
90 90 -1819
90 90 -934.923
90 90 -1827.99
90 90 -958.893
90 90 -1811.05
90 90 -767.371
90 90 -1058.25
90 90 -792.987
90 90 -1259.5
90 90 -719.436
90 90 -1434.56
90 90 -733.492
90 90 -1589.46
90 90 -1337.85
90 90 -1668.29
90 90 -237.345
90 90 -1647.68
90 90 -753.213
90 90 -1606.11
90 90 -1146.89
90 90 -1667.49
90 90 -997.188
90 90 -665.089
90 90 -997.188
90 90 -687.444
90 90 -523.3
90 90 -680.773
90 90 -1048.07
90 90 -618.661
90 90 -1449.96
90 90 -1328.51
90 90 -1453.95
90 90 -1394.84
90 90 -1291.44
90 90 -1337.69
90 90 -1141.52
90 90 -1394.84
90 90 -1965.1
90 90 -2076.48
90 90 -1891.51
90 90 -2083.34
90 90 -1907.48
90 90 -2094.43
90 90 -1898.33
90 90 -2076.48
91 91 -3885.94
91 91 -4223.91
91 91 -3787.99
91 91 -4197.99
91 91 -3711.54
91 91 -4269.32
91 91 -3822.01
91 91 -4185.14
91 91 -2387.65
91 91 -3646.14
91 91 -2921.07
91 91 -3577.05
91 91 -2691.42
91 91 -3618.4
91 91 -2387.92
91 91 -3308.38
91 91 -623.13
91 91 -778.63
91 91 -732.216
91 91 -920.889
91 91 -664.98
91 91 -1198.62
91 91 -393.887
91 91 -1599.84
91 91 -1665.94
91 91 -2389.21
91 91 -1670.14
91 91 -2495.85
91 91 -1330.55
91 91 -2379.15
91 91 -1514.56
91 91 -2395.49
91 91 -1807.2
91 91 -3328.95
91 91 -1523.84
91 91 -3771.19
91 91 -1315.77
91 91 -3542.8
91 91 -1599.97
91 91 -3328.95
91 91 -3616.12
91 91 -2747.92
91 91 -3495.16
91 91 -2808.67
91 91 -3524.85
91 91 -2817.77
91 91 -3581.7
91 91 -2836.36
91 91 -3332.59
91 91 -2274.15
91 91 -3484.67
91 91 -2207.73
91 91 -3437.52
91 91 -2262.26
91 91 -3393.78
91 91 -2378.47
91 91 -2134.05
91 91 -2104.04
91 91 -1976.42
91 91 -2194.81
91 91 -2292.86
91 91 -2269.72
91 91 -2231.11
91 91 -2377.64
91 91 -2209.22
91 91 -2396.29
91 91 -2099.26
91 91 -2253.76
91 91 -2293.35
91 91 -2358.8
91 91 -2224.92
91 91 -2177.93
91 91 -2448.1
91 91 -3322.29
91 91 -2019.61
91 91 -2665.45
91 91 -2026.44
91 91 -2893.74
91 91 -3237.92
91 91 -2687.36
91 91 -2119.85
91 91 -2394.49
91 91 -2017.78
91 91 -2394.16
91 91 -2166.08
91 91 -2299.48
91 91 -2364.39
91 91 -2394.49
91 91 -2899.9
91 91 -2356.47
91 91 -2770.04
91 91 -2499.68
91 91 -2899.9
91 91 -2354.93
91 91 -3316.88
91 91 -2735.04
91 91 -2097.51
91 91 -2564.02
91 91 -2009.89
91 91 -2253.1
91 91 -1897.3
91 91 -2253.09
91 91 -2070.88
91 91 -2686.8
91 91 -2288.31
91 91 -2294.08
91 91 -2300.96
91 91 -2258.18
91 91 -2303.5
91 91 -2275.31
91 91 -2313.75
91 91 -2290.96
91 91 -1889.1
91 91 -2031.1
91 91 -1896.57
91 91 -2114.98
91 91 -1809.02
91 91 -2047.89
91 91 -1918.83
91 91 -1852.66
91 91 -3000.86
91 91 -3216.37
91 91 -2945.16
91 91 -3160.91
91 91 -2932.79
91 91 -3250.67
91 91 -2759.45
91 91 -3201
91 91 -3352.23
91 91 -1977.74
91 91 -3296.19
91 91 -2572.21
91 91 -3389.42
91 91 -2198.78
91 91 -3311.66
91 91 -2199.84
91 91 -2188.88
91 91 -2041.85
91 91 -2225.22
91 91 -2126.99
91 91 -2323.42
91 91 -2127.51
91 91 -2271.56
91 91 -2068.23
91 91 -3820.58
91 91 -3056.3
91 91 -3749.34
91 91 -2940.57
91 91 -3766.95
91 91 -2665.01
91 91 -3749.35
91 91 -2586.83
91 91 -1994.14
91 91 -2362.52
91 91 -2068.1
91 91 -2420.77
91 91 -1950.92
91 91 -2300.73
91 91 -2062.07
91 91 -2301.78
91 91 -1889.29
91 91 -2564.42
91 91 -1427.15
91 91 -2576.06
91 91 -1652.04
91 91 -2505.78
91 91 -1770.79
91 91 -2466.32
91 91 -3923.44
91 91 -3306.04
91 91 -3706.65
91 91 -3308.64
91 91 -3502.19
91 91 -3284.97
91 91 -3972.64
91 91 -3306.35
91 91 -3936.65
91 91 -4180.83
91 91 -3964.25
91 91 -4150.6
91 91 -3947.51
91 91 -4359.53
91 91 -3964.25
91 91 -4162.34
91 91 -1323.51
91 91 -3528.84
91 91 -926.59
91 91 -3756.85
91 91 -1342.22
91 91 -3761.22
91 91 -1362.85
91 91 -3583.35
91 91 -1975.31
91 91 -886.451
91 91 -1968.85
91 91 -1104.38
91 91 -1975.31
91 91 -1134.74
91 91 -2154.33
91 91 -945.256
91 91 -801.426
91 91 -1263.23
91 91 -539.901
91 91 -685.073
91 91 -534
91 91 -757.599
91 91 -818.25
91 91 -1066.26
91 91 -2364.78
91 91 -2458.6
91 91 -2536.7
91 91 -2492.93
91 91 -2404.31
91 91 -2460.79
91 91 -2362.99
91 91 -2520.71
91 91 -2645.09
91 91 -2418.43
91 91 -2645.09
91 91 -2392.98
91 91 -2628.53
91 91 -2424.46
91 91 -2645.09
91 91 -2690.57
92 92 -2211.79
92 92 -1313.79
92 92 -2398.3
92 92 -1258.26
92 92 -2329.71
92 92 -1325.96
92 92 -2462.48
92 92 -1258.26
92 92 -935.392
92 92 -1115.62
92 92 -1716.32
92 92 -1064.57
92 92 -1270.52
92 92 -1056.5
92 92 -933.147
92 92 -1064.58
92 92 -1318.76
92 92 -1506.74
92 92 -1013.25
92 92 -1443.02
92 92 -1294.75
92 92 -1454.32
92 92 -1281.28
92 92 -1530.39
92 92 -1617.32
92 92 -2060.81
92 92 -1437.98
92 92 -2056.31
92 92 -1542.94
92 92 -1938.51
92 92 -1668.12
92 92 -2060.81
92 92 -1060.31
92 92 -1598.26
92 92 -1119.4
92 92 -1597.8
92 92 -1313.92
92 92 -1595.47
92 92 -1099.63
92 92 -1579.73
92 92 -729.563
92 92 -2073.78
92 92 -760.188
92 92 -1985.67
92 92 -870.759
92 92 -2039.6
92 92 -722.709
92 92 -2055.06
92 92 -1923.75
92 92 -1651.9
92 92 -2165.45
92 92 -1804.35
92 92 -2224.27
92 92 -1604.06
92 92 -2150.1
92 92 -2158.85
92 92 -1846.97
92 92 -1274.36
92 92 -1877.95
92 92 -1328.24
92 92 -1886.05
92 92 -1037.08
92 92 -1870.91
92 92 -1501.44
92 92 -1819.43
92 92 -2002.64
92 92 -2079.81
92 92 -2017.05
92 92 -1819.42
92 92 -2017.05
92 92 -2115.18
92 92 -2043.43
92 92 -2531.15
92 92 -1340.73
92 92 -2573.04
92 92 -1257.27
92 92 -2396.29
92 92 -1236.23
92 92 -2396.29
92 92 -1293.5
92 92 -1546.01
92 92 -1703.77
92 92 -1538.06
92 92 -1714.41
92 92 -1600.16
92 92 -1714.41
92 92 -1537.85
92 92 -1691.17
92 92 -944.195
92 92 -1442.91
92 92 -858.829
92 92 -1425.86
92 92 -881.588
92 92 -1485.24
92 92 -881.588
92 92 -1446.85
92 92 -1250.94
92 92 -1073.45
92 92 -1206.25
92 92 -1153.01
92 92 -1064.82
92 92 -1200.49
92 92 -1250.94
92 92 -1073.44
92 92 -2593.6
92 92 -2174.8
92 92 -2651.23
92 92 -2147.14
92 92 -2625.02
92 92 -2161.25
92 92 -2675.84
92 92 -2166.29
92 92 -2538.43
92 92 -1264.67
92 92 -2038.33
92 92 -1269.24
92 92 -2163.27
92 92 -1248.18
92 92 -2021.24
92 92 -1280.47
92 92 -1315.77
92 92 -1146.6
92 92 -1232.29
92 92 -1374.85
92 92 -1169.69
92 92 -1222.54
92 92 -1232.84
92 92 -1122.58
92 92 -1730.26
92 92 -2098.61
92 92 -2047.39
92 92 -1946.75
92 92 -1667.87
92 92 -2088.99
92 92 -1705.45
92 92 -2088.99
92 92 -1420.42
92 92 -1349.43
92 92 -1973.2
92 92 -1381.83
92 92 -1929.43
92 92 -1118.14
92 92 -1929.43
92 92 -1192.22
92 92 -2278.68
92 92 -2125.74
92 92 -2278.68
92 92 -2082.89
92 92 -2154.41
92 92 -2111.83
92 92 -2459.37
92 92 -2132.32
92 92 -1352.94
92 92 -2157.8
92 92 -1191.64
92 92 -2057.23
92 92 -909.539
92 92 -2287.06
92 92 -994.411
92 92 -2115.07
92 92 -1792.24
92 92 -1529.74
92 92 -1886.93
92 92 -1657.02
92 92 -1834.52
92 92 -1391.49
92 92 -1756.02
92 92 -1391.49
92 92 -1331.65
92 92 -2142.68
92 92 -1398.92
92 92 -2142.68
92 92 -1439.49
92 92 -2109.25
92 92 -1414.51
92 92 -2109.25
92 92 -2044.01
92 92 -2158.24
92 92 -1242.58
92 92 -2182.44
92 92 -1909.89
92 92 -1953.6
92 92 -1802.75
92 92 -2205.64
92 92 -1172.99
92 92 -1635.68
92 92 -1096.02
92 92 -1629.44
92 92 -1308.87
92 92 -1637.41
92 92 -1147.23
92 92 -1574.37
92 92 -1166.92
92 92 -2171.88
92 92 -1166.92
92 92 -2162.6
92 92 -1083.35
92 92 -2138.36
92 92 -1058.4
92 92 -2004.75
92 92 -2125.29
92 92 -2029.44
92 92 -2122.09
92 92 -2029.44
92 92 -2085.16
92 92 -1938.57
92 92 -2141.53
92 92 -2029.44
93 93 -3327.86
93 93 -3452.65
93 93 -3273.94
93 93 -3192.09
93 93 -3302.25
93 93 -3452.65
93 93 -3325.61
93 93 -3266.63
93 93 -3461.44
93 93 -3102.25
93 93 -3507.51
93 93 -3132.1
93 93 -3412.33
93 93 -3115.24
93 93 -3398.8
93 93 -3132.1
93 93 -1788.69
93 93 -3034.22
93 93 -1135.27
93 93 -3013.03
93 93 -885.108
93 93 -2993.22
93 93 -1229.2
93 93 -2988.3
93 93 -629.103
93 93 -2797.75
93 93 -888.908
93 93 -2837
93 93 -629.102
93 93 -2837
93 93 -1067.08
93 93 -2638.34
93 93 -3252.41
93 93 -2313.23
93 93 -2990.22
93 93 -2317.34
93 93 -3317.17
93 93 -2420.57
93 93 -2284.97
93 93 -2189.43
93 93 -2146.03
93 93 -1973.83
93 93 -2146.03
93 93 -2015.85
93 93 -1949.29
93 93 -1988.47
93 93 -1949.29
93 93 -1772.58
93 93 -2057.73
93 93 -3081.42
93 93 -1941.66
93 93 -3081.42
93 93 -1930
93 93 -3304.29
93 93 -1925.48
93 93 -3321.52
93 93 -2349.07
93 93 -1237.09
93 93 -1986.12
93 93 -1328.54
93 93 -2858.04
93 93 -1110.52
93 93 -2704.41
93 93 -1106.47
93 93 -2652.47
93 93 -3235.86
93 93 -1525.38
93 93 -3171.35
93 93 -2825.98
93 93 -3171.35
93 93 -2612.15
93 93 -3139.57
93 93 -2531.3
93 93 -2795.95
93 93 -3316.13
93 93 -2571.91
93 93 -3384.54
93 93 -2571.91
93 93 -3165.18
93 93 -2637.43
93 93 -3639.59
93 93 -1713.35
93 93 -3613.62
93 93 -2093.93
93 93 -3677.3
93 93 -1542.78
93 93 -3454.34
93 93 -1410.92
93 93 -2961.31
93 93 -3211.45
93 93 -3298.7
93 93 -2243.01
93 93 -3307.93
93 93 -2162.78
93 93 -3427.16
93 93 -2198.48
93 93 -2232.98
93 93 -1977.38
93 93 -1084.89
93 93 -1876.69
93 93 -1988.69
93 93 -1887.94
93 93 -1776.78
93 93 -1897.25
93 93 -3563.85
93 93 -1019.73
93 93 -3549.36
93 93 -1245.01
93 93 -3470.81
93 93 -1622.01
93 93 -3439.05
93 93 -984.556
93 93 -1649.71
93 93 -3222.02
93 93 -1675.46
93 93 -3186.76
93 93 -1597.38
93 93 -3381.07
93 93 -1795.47
93 93 -3216.11
93 93 -1253.68
93 93 -3092.66
93 93 -1502.53
93 93 -3149.24
93 93 -2385.28
93 93 -3161.59
93 93 -471.095
93 93 -3143.77
93 93 -2762.35
93 93 -3877.72
93 93 -2675.95
93 93 -3956.36
93 93 -2629.94
93 93 -3969.49
93 93 -2205.95
93 93 -3834.02
93 93 -1491.05
93 93 -1868.04
93 93 -1493.49
93 93 -1929
93 93 -1493.49
93 93 -1955.34
93 93 -1193.7
93 93 -1921.78
93 93 -3030.94
93 93 -1795.81
93 93 -3140.69
93 93 -1951.61
93 93 -2875.79
93 93 -2112.49
93 93 -3094.29
93 93 -1854.29
93 93 -774.954
93 93 -3254.97
93 93 -774.954
93 93 -3452.81
93 93 -710.582
93 93 -2948.97
93 93 -1024.26
93 93 -2452.21
93 93 -2591.17
93 93 -3716.84
93 93 -2363.05
93 93 -3547.94
93 93 -2563.29
93 93 -3509.16
93 93 -2229.59
93 93 -3516.93
93 93 -2305.31
93 93 -3135.15
93 93 -2757.97
93 93 -3120.43
93 93 -2408.34
93 93 -3098.1
93 93 -2752.24
93 93 -3223.93
93 93 -1867.52
93 93 -3504.36
93 93 -1867.52
93 93 -3252.39
93 93 -2306.81
93 93 -3479.86
93 93 -2105.54
93 93 -3618.19
93 93 -2049.42
93 93 -3075.23
93 93 -2033.87
93 93 -3077.16
93 93 -1993.34
93 93 -2946.76
93 93 -2027.51
93 93 -3100.31
93 93 -1077.25
93 93 -2114.55
93 93 -554.846
93 93 -2114.55
93 93 -735.01
93 93 -2120.44
93 93 -1000.02
93 93 -2648.44
93 93 -982.159
93 93 -2049.91
93 93 -982.159
93 93 -2100.25
93 93 -1508.18
93 93 -2032.78
93 93 -1660.54
93 93 -2100.25
93 93 -3342.09
93 93 -1419.24
93 93 -3448.19
93 93 -1225.5
93 93 -3277.18
93 93 -1787.78
93 93 -3277.18
93 93 -1499.94
93 93 -2704.26
93 93 -1931.38
93 93 -2934.3
93 93 -1866.13
93 93 -1665.62
93 93 -1837.78
93 93 -3259.44
93 93 -1760.22
94 94 -2768.57
94 94 -3751.9
94 94 -2799.16
94 94 -3751.9
94 94 -2582.5
94 94 -4085.81
94 94 -2157.06
94 94 -3873.51
94 94 -2906.01
94 94 -3074.04
94 94 -2907.53
94 94 -3074.04
94 94 -2895.73
94 94 -3043.28
94 94 -2861.77
94 94 -2999.19
94 94 -3219.2
94 94 -2954.98
94 94 -3208.45
94 94 -3281.67
94 94 -2969.58
94 94 -3211.47
94 94 -3074.04
94 94 -2913.34
94 94 -1328.42
94 94 -2122.26
94 94 -1066.44
94 94 -1634.75
94 94 -1180.95
94 94 -1614.82
94 94 -1338.87
94 94 -1595.22
94 94 -3699.26
94 94 -2934.36
94 94 -3862.47
94 94 -2936.84
94 94 -4001.18
94 94 -3009.2
94 94 -3894.23
94 94 -3048.24
94 94 -2729.44
94 94 -2629.3
94 94 -2635.13
94 94 -2656.01
94 94 -2719.41
94 94 -2663.27
94 94 -2781.24
94 94 -2656.01
94 94 -2070.39
94 94 -3398.73
94 94 -2033.95
94 94 -3610.81
94 94 -1962.32
94 94 -3478.37
94 94 -1875.93
94 94 -3421.87
94 94 -2886.98
94 94 -2808.67
94 94 -2971.99
94 94 -2538.9
94 94 -2886.98
94 94 -2560.45
94 94 -2913.42
94 94 -2503.83
94 94 -2547.7
94 94 -2815.95
94 94 -2640.97
94 94 -2732.55
94 94 -2590.36
94 94 -2907.67
94 94 -2590.36
94 94 -2770.33
94 94 -3744.97
94 94 -3100.28
94 94 -3934.07
94 94 -3187.73
94 94 -3690.63
94 94 -3212.28
94 94 -3690.63
94 94 -3061.5
94 94 -1754.42
94 94 -2851.11
94 94 -1852.8
94 94 -2927.67
94 94 -1878.79
94 94 -2888.01
94 94 -1944.96
94 94 -2857.23
94 94 -1357.76
94 94 -2464.26
94 94 -1587.67
94 94 -2507.95
94 94 -1243.61
94 94 -2493.47
94 94 -1243.61
94 94 -2522.23
94 94 -2749.24
94 94 -2548.22
94 94 -2559.11
94 94 -2642.52
94 94 -2795.27
94 94 -2622.71
94 94 -2738.07
94 94 -2626.79
94 94 -2347.58
94 94 -3236.25
94 94 -2677.76
94 94 -3040.97
94 94 -2082.36
94 94 -2983.07
94 94 -1925.46
94 94 -3042.5
94 94 -2387.1
94 94 -2699.14
94 94 -2926.01
94 94 -3390.95
94 94 -3016.84
94 94 -3164.13
94 94 -2255.4
94 94 -3164.13
94 94 -1316.54
94 94 -1053.46
94 94 -1283.92
94 94 -1053.46
94 94 -1361.02
94 94 -1742.36
94 94 -1255.03
94 94 -1252.24
94 94 -2018.91
94 94 -1047.99
94 94 -1828.41
94 94 -985.034
94 94 -1694.28
94 94 -852.976
94 94 -1709.76
94 94 -1079.21
94 94 -2343.96
94 94 -2157.24
94 94 -2450.5
94 94 -2538.06
94 94 -2373.18
94 94 -2324.07
94 94 -2485.42
94 94 -2400.36
94 94 -3829.41
94 94 -2617.01
94 94 -3935.95
94 94 -2726.42
94 94 -3953.1
94 94 -2750.48
94 94 -3864.11
94 94 -2741.25
94 94 -2979.39
94 94 -2467
94 94 -2972.05
94 94 -2301.52
94 94 -3013.62
94 94 -2308.14
94 94 -2959.23
94 94 -2333.53
94 94 -2751.96
94 94 -2917.39
94 94 -2482.48
94 94 -2966.3
94 94 -2536.84
94 94 -2892.46
94 94 -3150.71
94 94 -3007.62
94 94 -1685.69
94 94 -2563.99
94 94 -2027.63
94 94 -2810.45
94 94 -1685.69
94 94 -2810.45
94 94 -1733.66
94 94 -2938.06
94 94 -2753.49
94 94 -2730.01
94 94 -2688.28
94 94 -2694.15
94 94 -2994.37
94 94 -2734.06
94 94 -3228.58
94 94 -2694.15
94 94 -1363.82
94 94 -1616.21
94 94 -1341.58
94 94 -1591.35
94 94 -1363.82
94 94 -1539.32
94 94 -1266.41
94 94 -1594.25
94 94 -2765.89
94 94 -2195.66
94 94 -3210.95
94 94 -1469.79
94 94 -3125.2
94 94 -1377.03
94 94 -3228.52
94 94 -1697.69
94 94 -2766.2
94 94 -2711.45
94 94 -2766.2
94 94 -3484.05
94 94 -2636.34
94 94 -2927.89
94 94 -2714.86
94 94 -2923.64
94 94 -2005.87
94 94 -2748.07
94 94 -2207.09
94 94 -2603.64
94 94 -1950.12
94 94 -2638.85
94 94 -2104.48
94 94 -2747.44
94 94 -4550.2
94 94 -3545.2
94 94 -4594.83
94 94 -3515.31
94 94 -4679.93
94 94 -3764.14
94 94 -4697.89
94 94 -4429.29
95 95 -832.466
95 95 -1102.6
95 95 -723.197
95 95 -1106.5
95 95 -832.466
95 95 -1104.33
95 95 -987.309
95 95 -1174.59
95 95 -1110.53
95 95 -1190.23
95 95 -1130.54
95 95 -1182.08
95 95 -1334.78
95 95 -1192.55
95 95 -1100.08
95 95 -1207.1
95 95 -1060.68
95 95 -1156.2
95 95 -1033.38
95 95 -1157.68
95 95 -1068.74
95 95 -1130.5
95 95 -1060.68
95 95 -1152.34
95 95 -1011.3
95 95 -1080.56
95 95 -954.887
95 95 -1105.96
95 95 -1009.06
95 95 -1105.96
95 95 -1009.06
95 95 -1123.16
95 95 -1009.53
95 95 -1031.06
95 95 -966.779
95 95 -722.945
95 95 -1030.07
95 95 -1057.81
95 95 -1022.63
95 95 -988.347
95 95 -945.549
95 95 -801.514
95 95 -1112.5
95 95 -995.2
95 95 -1047.14
95 95 -987.657
95 95 -1006.95
95 95 -989.202
95 95 -1206.82
95 95 -1240.68
95 95 -1149.47
95 95 -1221.77
95 95 -1153.57
95 95 -1237.47
95 95 -1135.01
95 95 -1240.68
95 95 -1075.06
95 95 -1246.46
95 95 -1170.83
95 95 -1259.55
95 95 -1161.4
95 95 -1246.46
95 95 -1044.7
95 95 -1268.59
95 95 -661.912
95 95 -852.545
95 95 -794.526
95 95 -920.843
95 95 -819.18
95 95 -810.271
95 95 -697.489
95 95 -834.656
95 95 -1043.29
95 95 -1149.52
95 95 -953.115
95 95 -1266.99
95 95 -1056.75
95 95 -1196.02
95 95 -1027.24
95 95 -1204.85
95 95 -950.444
95 95 -1193.14
95 95 -926.861
95 95 -1204.98
95 95 -984.54
95 95 -1222.29
95 95 -996.249
95 95 -1226.24
95 95 -1190.53
95 95 -1186.48
95 95 -1130.87
95 95 -1188.66
95 95 -1207.26
95 95 -1173.69
95 95 -1134.4
95 95 -1196.17
95 95 -765.866
95 95 -961.718
95 95 -708.004
95 95 -976.548
95 95 -765.866
95 95 -999.61
95 95 -828.626
95 95 -999.61
95 95 -1034.45
95 95 -1116.62
95 95 -842.3
95 95 -1165.49
95 95 -955.79
95 95 -1234.85
95 95 -969.035
95 95 -1175.73
95 95 -1203.99
95 95 -1073.37
95 95 -1236.72
95 95 -1073.37
95 95 -1224.99
95 95 -1177.77
95 95 -1224.99
95 95 -1116.86
95 95 -1069.6
95 95 -976.048
95 95 -1102.76
95 95 -1092.37
95 95 -1071.55
95 95 -1033.7
95 95 -1070.07
95 95 -772.125
95 95 -648.344
95 95 -1137.43
95 95 -924.007
95 95 -1144.76
95 95 -730.844
95 95 -1185.93
95 95 -836.585
95 95 -1164.06
95 95 -1016.21
95 95 -1286.73
95 95 -995.441
95 95 -1170.23
95 95 -980.617
95 95 -1302.8
95 95 -1030.64
95 95 -1245.96
95 95 -1130.12
95 95 -1242.52
95 95 -1148.53
95 95 -1240.38
95 95 -1096.65
95 95 -1242.51
95 95 -1178.2
95 95 -1262.81
95 95 -874.943
95 95 -1219.11
95 95 -901.017
95 95 -1193.86
95 95 -967.062
95 95 -1221.22
95 95 -1025.49
95 95 -1223.51
95 95 -505.339
95 95 -638.572
95 95 -637.855
95 95 -638.577
95 95 -715.173
95 95 -424.578
95 95 -613.898
95 95 -721.854
95 95 -1184.27
95 95 -1543.6
95 95 -1184.28
95 95 -1518.98
95 95 -1200.41
95 95 -1489.96
95 95 -1142.81
95 95 -1489.96
95 95 -716.96
95 95 -762.976
95 95 -680.118
95 95 -775.482
95 95 -732.484
95 95 -799.316
95 95 -720.562
95 95 -665.37
95 95 -392.166
95 95 -421.753
95 95 -734.96
95 95 -265.925
95 95 -815.08
95 95 -542.144
95 95 -646.036
95 95 -421.125
95 95 -981.672
95 95 -1076.06
95 95 -1023.78
95 95 -1125.02
95 95 -1003.54
95 95 -1079.21
95 95 -1045.71
95 95 -1065.59
95 95 -1636.31
95 95 -1205.26
95 95 -1617.15
95 95 -1086.39
95 95 -1705.8
95 95 -1202.42
95 95 -1668.56
95 95 -1213.08
95 95 -937.197
95 95 -1100.07
95 95 -982.097
95 95 -1108.62
95 95 -1018.5
95 95 -1073.55
95 95 -1013.42
95 95 -1090.91
95 95 -1210.19
95 95 -1241.91
95 95 -1056.27
95 95 -1243.55
95 95 -1125.84
95 95 -1241.91
95 95 -1095.71
95 95 -1252.84
96 96 -2484.52
96 96 -2024.73
96 96 -3111.34
96 96 -2068.47
96 96 -2908.49
96 96 -1978.69
96 96 -3065.86
96 96 -2056.81
96 96 -2580.96
96 96 -1813.67
96 96 -2562.24
96 96 -1974.01
96 96 -2764.56
96 96 -1830.91
96 96 -2631.66
96 96 -2026.85
96 96 -2488.27
96 96 -2091.42
96 96 -2707.91
96 96 -2066.11
96 96 -2704.63
96 96 -2091.42
96 96 -2488.27
96 96 -2075.82
96 96 -3213.16
96 96 -3518.54
96 96 -3283.63
96 96 -3507.33
96 96 -3134.92
96 96 -3495.48
96 96 -3232.26
96 96 -3500.99
96 96 -3355.56
96 96 -2430.34
96 96 -3353.67
96 96 -2391.81
96 96 -3359.03
96 96 -2391.81
96 96 -3368.8
96 96 -2311.08
96 96 -1990.99
96 96 -2366.87
96 96 -1930.61
96 96 -2304.2
96 96 -1968.42
96 96 -2536.51
96 96 -2079.62
96 96 -2405.44
96 96 -1889.83
96 96 -2771.66
96 96 -1946.33
96 96 -2712.11
96 96 -1880.49
96 96 -2744.69
96 96 -1946.33
96 96 -2734.88
96 96 -1695.57
96 96 -585.507
96 96 -1680.25
96 96 -586.337
96 96 -1705.25
96 96 -764.038
96 96 -1679.64
96 96 -739.82
96 96 -2500.49
96 96 -3464.35
96 96 -3058.53
96 96 -3547.36
96 96 -2821.39
96 96 -3547.36
96 96 -2500.49
96 96 -3458.29
96 96 -374.02
96 96 -621.435
96 96 -423.822
96 96 -605.872
96 96 -423.822
96 96 -871.45
96 96 -1156.75
96 96 -549.562
96 96 -2348.21
96 96 -2026.93
96 96 -2401.77
96 96 -2210.57
96 96 -2407.13
96 96 -1931.04
96 96 -2499.14
96 96 -2216.36
96 96 -2928.67
96 96 -3612.85
96 96 -3063.25
96 96 -3498.58
96 96 -3193.04
96 96 -3498.58
96 96 -2927.04
96 96 -3415.95
96 96 -2933.64
96 96 -2000.02
96 96 -2624.89
96 96 -2053.78
96 96 -2536.06
96 96 -2028.62
96 96 -2933.65
96 96 -2097.9
96 96 -1701.94
96 96 -793.398
96 96 -1704.29
96 96 -686.854
96 96 -1710.44
96 96 -588.627
96 96 -1721.98
96 96 -558.654
96 96 -898.461
96 96 -2456.52
96 96 -699.151
96 96 -2418.2
96 96 -777.279
96 96 -2332
96 96 -586.787
96 96 -2418.2
96 96 -1707.86
96 96 -1764.25
96 96 -1733.98
96 96 -990.406
96 96 -1750.03
96 96 -730.45
96 96 -1707.86
96 96 -1882.65
96 96 -1712.75
96 96 -2063.35
96 96 -1921.76
96 96 -1820.36
96 96 -1921.76
96 96 -2076.06
96 96 -1794.27
96 96 -1575.18
96 96 -1664.38
96 96 -2297.24
96 96 -1813.45
96 96 -1779.06
96 96 -1613.34
96 96 -2140.02
96 96 -1756.53
96 96 -2297.24
96 96 -1465.84
96 96 -1536.91
96 96 -2033.45
96 96 -1049.01
96 96 -2185.53
96 96 -1952.95
96 96 -1973.77
96 96 -1260.75
96 96 -2286.76
96 96 -2674.88
96 96 -2344.13
96 96 -2627.54
96 96 -1929.34
96 96 -2624.16
96 96 -2269.47
96 96 -2624.2
96 96 -1936.89
96 96 -994.742
96 96 -1902.15
96 96 -1285.66
96 96 -1836.26
96 96 -1549.07
96 96 -1972.99
96 96 -1008.64
96 96 -1708.77
96 96 -1924.49
96 96 -1686.93
96 96 -1462.33
96 96 -1717.73
96 96 -1173.39
96 96 -1708.77
96 96 -1924.49
96 96 -1981.25
96 96 -2215.45
96 96 -2170.49
96 96 -2057
96 96 -1946.88
96 96 -2027.51
96 96 -2018.83
96 96 -2128.28
96 96 -1668.09
96 96 -581.88
96 96 -1687.28
96 96 -732.947
96 96 -1659.89
96 96 -1036.9
96 96 -1687.28
96 96 -866.568
96 96 -3053.36
96 96 -1708.75
96 96 -2605.83
96 96 -1326.29
96 96 -2518.2
96 96 -1162.94
96 96 -2779.45
96 96 -1162.94
96 96 -2894.92
96 96 -1657.87
96 96 -2894.92
96 96 -1632.47
96 96 -3413.91
96 96 -1362.27
96 96 -2894.92
96 96 -1800
96 96 -3389.37
96 96 -2614.26
96 96 -3464.85
96 96 -2925.29
96 96 -2955.13
96 96 -2480.11
96 96 -3419.06
96 96 -2614
96 96 -2858.12
96 96 -2126.07
96 96 -2774.81
96 96 -1991.85
96 96 -2778.33
96 96 -1830.11
96 96 -2774.81
96 96 -1860.65
97 97 -539.506
97 97 -4072.25
97 97 -613.377
97 97 -4064.61
97 97 -205.417
97 97 -4065.56
97 97 -692.281
97 97 -4065.91
97 97 -999.294
97 97 -4051.11
97 97 -911.007
97 97 -4014.94
97 97 -964.941
97 97 -4043.3
97 97 -965.863
97 97 -4049.14
97 97 -494.805
97 97 -4013.38
97 97 -443.415
97 97 -3989.07
97 97 -512.685
97 97 -4016.74
97 97 -443.409
97 97 -4017.67
97 97 -1869.93
97 97 -3996.17
97 97 -2070.43
97 97 -4025.64
97 97 -1720.27
97 97 -4027.97
97 97 -2119.44
97 97 -4008.63
97 97 -911.949
97 97 -4002.16
97 97 -825.561
97 97 -4003.15
97 97 -859.577
97 97 -4003.15
97 97 -859.577
97 97 -4008.41
97 97 -1135.83
97 97 -3649.11
97 97 -1135.83
97 97 -3648.58
97 97 -1165.85
97 97 -3728.21
97 97 -1169.14
97 97 -3570.69
97 97 -988.679
97 97 -2735.98
97 97 -1046.05
97 97 -2286.47
97 97 -1320.47
97 97 -2297.18
97 97 -665.289
97 97 -1807.54
97 97 -877.534
97 97 -4050.29
97 97 -921.359
97 97 -4052.27
97 97 -914.175
97 97 -4064.02
97 97 -921.359
97 97 -4050.05
97 97 -694.097
97 97 -4006.72
97 97 -571.611
97 97 -3990.2
97 97 -610.697
97 97 -3993.92
97 97 -388.813
97 97 -3969.81
97 97 -2744.44
97 97 -2565.86
97 97 -2502.28
97 97 -2667.23
97 97 -2522.57
97 97 -2641.13
97 97 -2313.59
97 97 -2641.14
97 97 -1134.87
97 97 -4045.3
97 97 -838.593
97 97 -4045.3
97 97 -968.428
97 97 -4041.58
97 97 -1100.56
97 97 -4040.42
97 97 -882.123
97 97 -4012.7
97 97 -1152.82
97 97 -4023.97
97 97 -1152.82
97 97 -4015.82
97 97 -1355.98
97 97 -4028.59
97 97 -1455.33
97 97 -4033.34
97 97 -810.166
97 97 -4033.34
97 97 -758.298
97 97 -4026.66
97 97 -639.595
97 97 -4007.14
97 97 -3741.67
97 97 -4098.81
97 97 -3822.46
97 97 -4024.71
97 97 -3309.46
97 97 -4083.64
97 97 -3210.65
97 97 -3841.71
97 97 -2724.21
97 97 -1388.76
97 97 -2798.72
97 97 -1403.33
97 97 -2849.22
97 97 -1352.98
97 97 -2724.21
97 97 -1421.43
97 97 -3844.59
97 97 -4953.41
97 97 -3818.18
97 97 -4864.58
97 97 -3826.08
97 97 -4932.23
97 97 -3749.21
97 97 -4842.89
97 97 -2799.04
97 97 -2579.96
97 97 -2862.91
97 97 -2701.09
97 97 -2862.92
97 97 -2567.21
97 97 -2969.59
97 97 -2848.14
97 97 -698.083
97 97 -4047.44
97 97 -612.874
97 97 -4056.95
97 97 -738.063
97 97 -4058.9
97 97 -756.831
97 97 -4055.51
97 97 -788.071
97 97 -4005.79
97 97 -956.379
97 97 -4016.75
97 97 -1107.58
97 97 -4010.55
97 97 -491.868
97 97 -3996.37
97 97 -2674.92
97 97 -4058.57
97 97 -2917.56
97 97 -4096.04
97 97 -2222.05
97 97 -4111.1
97 97 -3278.8
97 97 -4105.24
97 97 -320.81
97 97 -4025.95
97 97 -378.581
97 97 -4020.74
97 97 -384.246
97 97 -4020.74
97 97 -279.384
97 97 -4020.74
97 97 -2212.91
97 97 -3894.83
97 97 -2212.91
97 97 -3779.26
97 97 -2268.79
97 97 -3844.97
97 97 -2273.42
97 97 -3735.77
97 97 -633.509
97 97 -3901.29
97 97 -600.98
97 97 -3925.69
97 97 -550.86
97 97 -3921.13
97 97 -633.509
97 97 -3902.64
97 97 -3267.96
97 97 -3805.11
97 97 -3233.84
97 97 -3827.91
97 97 -2534.62
97 97 -3788.79
97 97 -3037.93
97 97 -3809.2
97 97 -408.166
97 97 -3923.02
97 97 -414.927
97 97 -3944.1
97 97 -416.7
97 97 -3978.53
97 97 -392.637
97 97 -3922.39
97 97 -703.353
97 97 -4077.77
97 97 -726.966
97 97 -4056.98
97 97 -858.3
97 97 -4025.1
97 97 -852.116
97 97 -4018.51
97 97 -254.776
97 97 -3668.37
97 97 -353.844
97 97 -3648.7
97 97 -536.664
97 97 -3820.87
97 97 -235.31
97 97 -3936
97 97 -517.419
97 97 -4006.42
97 97 -615.339
97 97 -4025.81
97 97 -496.852
97 97 -4018.51
97 97 -496.852
97 97 -4024.94
98 98 -504.022
98 98 -1288.12
98 98 -667.559
98 98 -1339.97
98 98 -756.373
98 98 -1288.12
98 98 -497.571
98 98 -1377.73
98 98 -564.457
98 98 -2198.48
98 98 -699.159
98 98 -2198.48
98 98 -560.339
98 98 -2359.42
98 98 -591.426
98 98 -2784.29
98 98 -525.112
98 98 -2508
98 98 -469.176
98 98 -2250.79
98 98 -469.163
98 98 -2772.69
98 98 -473.064
98 98 -2508
98 98 -267.446
98 98 -2471.2
98 98 -413.214
98 98 -2526.96
98 98 -367.906
98 98 -2487.75
98 98 -267.446
98 98 -2670.05
98 98 -359.856
98 98 -2333.93
98 98 -227.384
98 98 -2025.25
98 98 -294.579
98 98 -2121.78
98 98 -275.431
98 98 -2136.8
98 98 -692.425
98 98 -1561.13
98 98 -752.256
98 98 -1749.22
98 98 -484.416
98 98 -1741.71
98 98 -454.594
98 98 -1739.93
98 98 -1637.02
98 98 -1405.53
98 98 -1193.93
98 98 -1434.5
98 98 -1459.15
98 98 -1460.87
98 98 -1531.93
98 98 -1563.06
98 98 -196.357
98 98 -1240.43
98 98 -195.633
98 98 -1232.95
98 98 -222.792
98 98 -1416.63
98 98 -206.163
98 98 -1399.09
98 98 -240.617
98 98 -2509.11
98 98 -340.335
98 98 -1470.05
98 98 -342.661
98 98 -2509.11
98 98 -240.617
98 98 -1714.75
98 98 -1598.28
98 98 -2745.83
98 98 -848.594
98 98 -2745.83
98 98 -968.375
98 98 -2745.83
98 98 -1093.38
98 98 -2783.82
98 98 -2036.34
98 98 -2044.12
98 98 -1954.43
98 98 -2116.88
98 98 -1870.36
98 98 -2033.62
98 98 -2043.23
98 98 -2040.42
98 98 -554.669
98 98 -1294.08
98 98 -566.658
98 98 -1351.95
98 98 -712.729
98 98 -1294.08
98 98 -386.893
98 98 -1342.96
98 98 -326.819
98 98 -1827.22
98 98 -353.974
98 98 -1994.63
98 98 -350.737
98 98 -1821.78
98 98 -292.623
98 98 -1779.15
98 98 -686.697
98 98 -2425.48
98 98 -794.786
98 98 -2412.63
98 98 -534.213
98 98 -2424.01
98 98 -568.737
98 98 -2543.27
98 98 -568.214
98 98 -2377.88
98 98 -809.802
98 98 -2881.81
98 98 -478.946
98 98 -2513.28
98 98 -602.705
98 98 -2377.88
98 98 -125.643
98 98 -2035.8
98 98 -131.247
98 98 -2115.07
98 98 -125.643
98 98 -2084.51
98 98 -149.802
98 98 -2130.9
98 98 -123.947
98 98 -1184.79
98 98 -189.861
98 98 -1114.07
98 98 -189.861
98 98 -1184.79
98 98 -257.043
98 98 -1104.31
98 98 -983.983
98 98 -3030.94
98 98 -828.716
98 98 -2900.38
98 98 -983.983
98 98 -2899.27
98 98 -986.772
98 98 -2984.69
98 98 -169.734
98 98 -1441.1
98 98 -169.734
98 98 -1563.68
98 98 -130.927
98 98 -1669.83
98 98 -249.208
98 98 -2007.52
98 98 -636.762
98 98 -1909.06
98 98 -377.513
98 98 -1961.24
98 98 -510.106
98 98 -2215.35
98 98 -543.232
98 98 -2215.36
98 98 -614.484
98 98 -1519.3
98 98 -829.669
98 98 -1558.04
98 98 -984.998
98 98 -1478.58
98 98 -809.404
98 98 -1515.7
98 98 -374.969
98 98 -2267.91
98 98 -153.771
98 98 -2492.42
98 98 -159.681
98 98 -2080.25
98 98 -159.681
98 98 -1714.55
98 98 -585.165
98 98 -1503.83
98 98 -589.546
98 98 -1363.11
98 98 -639.57
98 98 -1595.64
98 98 -586.601
98 98 -1320.18
98 98 -873.63
98 98 -1990.93
98 98 -706.034
98 98 -1745.52
98 98 -698.741
98 98 -1850.04
98 98 -615.145
98 98 -1930.64
98 98 -373.184
98 98 -1348.89
98 98 -373.184
98 98 -1257.65
98 98 -373.573
98 98 -1288.26
98 98 -377.688
98 98 -1295.96
98 98 -412.016
98 98 -1634.37
98 98 -326.822
98 98 -1595.36
98 98 -280.374
98 98 -1749.93
98 98 -332.749
98 98 -1881.08
98 98 -702.323
98 98 -1808.2
98 98 -1039.34
98 98 -2174.06
98 98 -771.747
98 98 -1955.09
98 98 -1039.34
98 98 -2146.76
99 99 -2348.59
99 99 -2471.85
99 99 -2327.75
99 99 -2465.61
99 99 -2390.82
99 99 -2443.86
99 99 -2346.87
99 99 -2465.61
99 99 -256.472
99 99 -2380.68
99 99 -148.637
99 99 -2381.42
99 99 -210.668
99 99 -2388.21
99 99 -102.429
99 99 -2380.68
99 99 -2055.4
99 99 -2607.74
99 99 -2117.01
99 99 -2731.37
99 99 -2208.02
99 99 -2416.67
99 99 -2208.02
99 99 -3094.71
99 99 -2490.41
99 99 -2114.52
99 99 -2340
99 99 -2141.77
99 99 -2326.09
99 99 -2064.61
99 99 -2311.59
99 99 -2130.82
99 99 -2430.17
99 99 -258.682
99 99 -2430.78
99 99 -127.903
99 99 -2399.71
99 99 -270.28
99 99 -2399.71
99 99 -59.3737
99 99 -250.006
99 99 -2388.93
99 99 -195.89
99 99 -2443.79
99 99 -195.89
99 99 -2429.51
99 99 -462.49
99 99 -2442.35
99 99 -1848.73
99 99 -2534.61
99 99 -1466.49
99 99 -2419.72
99 99 -1972.97
99 99 -2454.17
99 99 -1628.41
99 99 -2496.03
99 99 -2540.26
99 99 -2417.69
99 99 -2623.21
99 99 -2641.19
99 99 -2540.45
99 99 -2733.31
99 99 -2648.66
99 99 -2641.19
99 99 -2371.43
99 99 -1058.3
99 99 -2383.32
99 99 -886.647
99 99 -2384.18
99 99 -797.371
99 99 -2380.55
99 99 -524.682
99 99 -2358.09
99 99 -1820.74
99 99 -2358.09
99 99 -1943.94
99 99 -2367.2
99 99 -1944.61
99 99 -2432.78
99 99 -1248.88
99 99 -862.478
99 99 -2692.89
99 99 -988.891
99 99 -2554.84
99 99 -1243.91
99 99 -2614.3
99 99 -1551.67
99 99 -2657.04
99 99 -2342.85
99 99 -2392.66
99 99 -2347.18
99 99 -2397.25
99 99 -2339.99
99 99 -2398.17
99 99 -2339.99
99 99 -2389.85
99 99 -2359.14
99 99 -1494.15
99 99 -2406.26
99 99 -2037.41
99 99 -2414.28
99 99 -1807.61
99 99 -2380.54
99 99 -1794.94
99 99 -590.158
99 99 -2407.31
99 99 -890.789
99 99 -2415.98
99 99 -723.732
99 99 -2407.37
99 99 -1278.1
99 99 -2403.32
99 99 -2143.4
99 99 -2712.61
99 99 -2196.41
99 99 -2770.93
99 99 -2103.5
99 99 -2644.62
99 99 -2188.08
99 99 -2971.52
99 99 -1899.98
99 99 -2382.52
99 99 -2113.36
99 99 -2385.79
99 99 -2077.04
99 99 -2378.47
99 99 -1991.57
99 99 -2380.22
99 99 -2358.7
99 99 -2382.08
99 99 -2357.23
99 99 -2382.08
99 99 -2354.35
99 99 -2391.78
99 99 -2341.09
99 99 -2380.74
99 99 -2045.17
99 99 -2180.83
99 99 -2283.12
99 99 -2180.83
99 99 -2171.32
99 99 -2074.91
99 99 -2181.43
99 99 -2186.06
99 99 -2181.38
99 99 -2372.02
99 99 -2181.12
99 99 -2352.47
99 99 -2195.36
99 99 -2411.98
99 99 -2170.87
99 99 -2381.01
99 99 -302.515
99 99 -2408.5
99 99 -485.773
99 99 -2403.44
99 99 -402.674
99 99 -2412.79
99 99 -398.906
99 99 -2412.79
99 99 -1624.94
99 99 -2791.21
99 99 -1999.34
99 99 -2741
99 99 -1624.94
99 99 -2779.71
99 99 -998.635
99 99 -2791.21
99 99 -1806.79
99 99 -2379.16
99 99 -2081.92
99 99 -2366.47
99 99 -2081.92
99 99 -2379.71
99 99 -2128.96
99 99 -2394.77
99 99 -1311.75
99 99 -2468.48
99 99 -1718.3
99 99 -2558.87
99 99 -1053.79
99 99 -2577.42
99 99 -1300.31
99 99 -2566.78
99 99 -2385.32
99 99 -2387.88
99 99 -2373.75
99 99 -2398.82
99 99 -2372.3
99 99 -2391.4
99 99 -2392.89
99 99 -2387.85
99 99 -2501.05
99 99 -2261.13
99 99 -2536.35
99 99 -2301.09
99 99 -2529.12
99 99 -2407.59
99 99 -2466.6
99 99 -2481.86
99 99 -2308.23
99 99 -2588.32
99 99 -2347.3
99 99 -2788.84
99 99 -2295.64
99 99 -2648.05
99 99 -2319.28
99 99 -2631.09
99 99 -2305.18
99 99 -2302.38
99 99 -2188.72
99 99 -2282.13
99 99 -2215.63
99 99 -2323.51
99 99 -2196.52
99 99 -2435.34
99 99 -2436.57
99 99 -1718.3
99 99 -2406.5
99 99 -1468.7
99 99 -2435.62
99 99 -1976.72
99 99 -2433.67
99 99 -1976.72
100 100 -893.625
100 100 -883.962
100 100 -930.078
100 100 -881.777
100 100 -890.422
100 100 -861.464
100 100 -930.653
100 100 -870.216
100 100 -806.763
100 100 -855.681
100 100 -823.958
100 100 -817.713
100 100 -749.112
100 100 -842.206
100 100 -823.958
100 100 -924.992
100 100 -685.721
100 100 -435.614
100 100 -643.514
100 100 -418.075
100 100 -729.018
100 100 -567.996
100 100 -793.988
100 100 -567.996
100 100 -642.24
100 100 -802.864
100 100 -769.882
100 100 -437.401
100 100 -756.115
100 100 -501.258
100 100 -673.898
100 100 -476.959
100 100 -826.21
100 100 -869.462
100 100 -886.678
100 100 -848.39
100 100 -853.607
100 100 -811.521
100 100 -853.607
100 100 -900.184
100 100 -803.674
100 100 -848.83
100 100 -646.981
100 100 -820.417
100 100 -692.163
100 100 -883.528
100 100 -786.319
100 100 -920.728
100 100 -898.068
100 100 -906.224
100 100 -903.64
100 100 -910.023
100 100 -901.258
100 100 -907.255
100 100 -879.756
100 100 -896.184
100 100 -920.898
100 100 -894.651
100 100 -912.798
100 100 -908.34
100 100 -929.778
100 100 -894.651
100 100 -916.02
100 100 -905.018
100 100 -617.201
100 100 -635.015
100 100 -536.305
100 100 -668.185
100 100 -670.004
100 100 -535.839
100 100 -592.235
100 100 -519.659
100 100 -855.947
100 100 -844.146
100 100 -856.529
100 100 -816.469
100 100 -827.688
100 100 -1013.67
100 100 -789.775
100 100 -980.861
100 100 -748.659
100 100 -872.714
100 100 -770.094
100 100 -921.106
100 100 -615.803
100 100 -850.015
100 100 -770.084
100 100 -831.057
100 100 -825.918
100 100 -881.622
100 100 -825.918
100 100 -1072.12
100 100 -818.376
100 100 -914.344
100 100 -843.815
100 100 -881.63
100 100 -767.774
100 100 -581.151
100 100 -702.031
100 100 -374.548
100 100 -617.339
100 100 -821.733
100 100 -656.924
100 100 -672.25
100 100 -893.732
100 100 -870.368
100 100 -889.034
100 100 -871.419
100 100 -903.665
100 100 -869.479
100 100 -902.851
100 100 -868.115
100 100 -878.001
100 100 -830.832
100 100 -851.582
100 100 -851.164
100 100 -836.22
100 100 -834.461
100 100 -858.672
100 100 -879.733
100 100 -883.07
100 100 -891.615
100 100 -857.333
100 100 -903.922
100 100 -841.089
100 100 -897.838
100 100 -886.218
100 100 -897
100 100 -1038.15
100 100 -944.307
100 100 -1045.89
100 100 -938.638
100 100 -1029.66
100 100 -915.345
100 100 -1045.89
100 100 -938.638
100 100 -862.66
100 100 -871.903
100 100 -812.556
100 100 -875.637
100 100 -852.018
100 100 -865.788
100 100 -812.556
100 100 -848.512
100 100 -181.711
100 100 -1107.5
100 100 -516.464
100 100 -1048.8
100 100 -181.711
100 100 -1387.66
100 100 -159.104
100 100 -1318.25
100 100 -773.549
100 100 -540.146
100 100 -743.864
100 100 -596.981
100 100 -726.512
100 100 -677.066
100 100 -782.883
100 100 -600.626
100 100 -746.32
100 100 -911.59
100 100 -809.734
100 100 -957.721
100 100 -763.982
100 100 -941.437
100 100 -812.273
100 100 -993.538
100 100 -838.018
100 100 -1315.32
100 100 -695.095
100 100 -1653.1
100 100 -780.841
100 100 -1315.32
100 100 -712.138
100 100 -1504.9
100 100 -869.123
100 100 -879.646
100 100 -847.755
100 100 -855.162
100 100 -828.299
100 100 -846.757
100 100 -862.241
100 100 -881.058
100 100 -1018.56
100 100 -1824.7
100 100 -1012.52
100 100 -1857.36
100 100 -880.765
100 100 -1812.67
100 100 -1012.52
100 100 -1739.99
100 100 -1490.29
100 100 -925.106
100 100 -1496.97
100 100 -909.586
100 100 -1479.92
100 100 -932.535
100 100 -1473.62
100 100 -900.349
100 100 -848.661
100 100 -858.534
100 100 -857.33
100 100 -888.563
100 100 -865.101
100 100 -860.455
100 100 -856.515
100 100 -865.281
101 101 -1490.85
101 101 -1937.3
101 101 -2002.84
101 101 -2215.44
101 101 -1348.91
101 101 -2253.61
101 101 -1929.1
101 101 -2104.93
101 101 -165.177
101 101 -2248.61
101 101 -200.625
101 101 -2275
101 101 -85.3556
101 101 -2211.34
101 101 -139.941
101 101 -2211.34
101 101 -1218.48
101 101 -2225.36
101 101 -195.177
101 101 -2209.95
101 101 -417.114
101 101 -2240.67
101 101 -1218.48
101 101 -2258.25
101 101 -1333.82
101 101 -2182.42
101 101 -1183.13
101 101 -2266.09
101 101 -1474.22
101 101 -2119.63
101 101 -1420.38
101 101 -2189.21
101 101 -528.625
101 101 -2201.44
101 101 -400.195
101 101 -2218.01
101 101 -747.47
101 101 -2219.57
101 101 -1566.96
101 101 -2204.38
101 101 -2593.81
101 101 -3835.73
101 101 -2810.26
101 101 -3976.64
101 101 -2704.94
101 101 -3752.39
101 101 -2810.26
101 101 -3880.14
101 101 -115.003
101 101 -2261.17
101 101 -283.647
101 101 -2250.78
101 101 -121.484
101 101 -2278.95
101 101 -107.085
101 101 -2228.29
101 101 -2407.79
101 101 -2183.11
101 101 -2302.79
101 101 -2193.97
101 101 -2296.17
101 101 -2224.98
101 101 -2296.17
101 101 -2150.98
101 101 -1275.38
101 101 -2106.42
101 101 -1402.81
101 101 -2106.42
101 101 -1637.72
101 101 -2090.59
101 101 -1642.93
101 101 -2073.38
101 101 -2112.55
101 101 -2119.82
101 101 -2103.8
101 101 -2230.53
101 101 -1951.26
101 101 -2119.82
101 101 -2080.51
101 101 -2049.12
101 101 -2849.29
101 101 -3036.88
101 101 -2911.55
101 101 -2473.01
101 101 -2893.86
101 101 -2746.24
101 101 -2987.59
101 101 -2939.62
101 101 -2209.47
101 101 -2458.09
101 101 -2310.99
101 101 -2385.68
101 101 -3075.2
101 101 -2800.07
101 101 -2704.96
101 101 -2482.15
101 101 -275.996
101 101 -2232.55
101 101 -269.926
101 101 -2220
101 101 -183.439
101 101 -2220
101 101 -111.24
101 101 -2232.99
101 101 -212.698
101 101 -2227.3
101 101 -146.203
101 101 -2220.21
101 101 -43.9503
101 101 -2233.43
101 101 -95.7576
101 101 -2233.66
101 101 -98.5413
101 101 -2240.07
101 101 -269.791
101 101 -2245.43
101 101 -275.856
101 101 -2221.62
101 101 -148.25
101 101 -2233.23
101 101 -638.416
101 101 -2238.08
101 101 -1611.39
101 101 -2249.68
101 101 -814.777
101 101 -2243.48
101 101 -885.227
101 101 -2241.09
101 101 -362.114
101 101 -2192.02
101 101 -251.493
101 101 -2203.05
101 101 -254.052
101 101 -2214.24
101 101 -172.99
101 101 -2189.1
101 101 -2059.22
101 101 -2940
101 101 -1975.68
101 101 -2864.37
101 101 -2638.73
101 101 -2864.37
101 101 -2638.73
101 101 -2900.25
101 101 -2662.93
101 101 -2280
101 101 -2360.18
101 101 -2389.23
101 101 -2765.75
101 101 -2389.23
101 101 -2543.73
101 101 -1957.73
101 101 -2468.25
101 101 -2813.88
101 101 -2328.69
101 101 -2832.05
101 101 -2471.63
101 101 -2713.94
101 101 -2547.6
101 101 -2949.51
101 101 -490.111
101 101 -2262.97
101 101 -392.884
101 101 -2262.97
101 101 -392.884
101 101 -2249.84
101 101 -509.045
101 101 -2218.62
101 101 -49.446
101 101 -2260.37
101 101 -111.557
101 101 -2224.72
101 101 -73.2068
101 101 -2281.03
101 101 -74.8807
101 101 -2249.55
101 101 -94.7736
101 101 -2146.71
101 101 -57.7583
101 101 -2217.72
101 101 -119.907
101 101 -2129.17
101 101 -125.064
101 101 -2181.99
101 101 -1972.35
101 101 -2167.2
101 101 -2028
101 101 -2207.21
101 101 -2119.62
101 101 -2167.2
101 101 -2119.62
101 101 -2141.21
101 101 -2541.63
101 101 -2265.76
101 101 -2288.5
101 101 -2290.47
101 101 -2243.36
101 101 -2267.29
101 101 -2428.74
101 101 -2258.22
101 101 -1970.61
101 101 -2633.5
101 101 -1858.56
101 101 -2607.75
101 101 -2248.02
101 101 -2934.29
101 101 -1895.88
101 101 -3069.59
101 101 -1750.91
101 101 -2143.5
101 101 -1949.79
101 101 -2150.58
101 101 -1705.48
101 101 -2130.05
101 101 -1790.9
101 101 -1866
102 102 -1115.07
102 102 -828.652
102 102 -1141
102 102 -821.898
102 102 -1227.25
102 102 -978.577
102 102 -1123.51
102 102 -877.971
102 102 -1356.56
102 102 -480.79
102 102 -1322.22
102 102 -834.388
102 102 -1261.12
102 102 -503.002
102 102 -1264.6
102 102 -562.59
102 102 -875.579
102 102 -941.173
102 102 -790.952
102 102 -895.996
102 102 -1055.79
102 102 -806.613
102 102 -800.921
102 102 -901.49
102 102 -1681.71
102 102 -863.05
102 102 -1728.97
102 102 -1141.08
102 102 -1441.57
102 102 -805.8
102 102 -1441.57
102 102 -1095.71
102 102 -1505.1
102 102 -489.386
102 102 -1462.95
102 102 -504.888
102 102 -1420.55
102 102 -504.888
102 102 -1420.55
102 102 -586.886
102 102 -1946.95
102 102 -1139.73
102 102 -1953.21
102 102 -1855.98
102 102 -1727.94
102 102 -738.818
102 102 -1680.38
102 102 -927.865
102 102 -1211.42
102 102 -1938.19
102 102 -1221.95
102 102 -2295.73
102 102 -1264.27
102 102 -1794.08
102 102 -1180.48
102 102 -2179.49
102 102 -659.563
102 102 -1458.22
102 102 -745.219
102 102 -1899.6
102 102 -978.808
102 102 -2240.52
102 102 -971.916
102 102 -1796.31
102 102 -1555.75
102 102 -1147.43
102 102 -1968.91
102 102 -808.906
102 102 -1672.18
102 102 -947.882
102 102 -1681.24
102 102 -1299.07
102 102 -927.956
102 102 -1068.48
102 102 -895.383
102 102 -1116.62
102 102 -854.493
102 102 -1190.6
102 102 -976.728
102 102 -1040.83
102 102 -1190.78
102 102 -1325.59
102 102 -1122
102 102 -1380.69
102 102 -1325.75
102 102 -1297.65
102 102 -1187.82
102 102 -1325.48
102 102 -1429.09
102 102 -1711.63
102 102 -1313.16
102 102 -1764.02
102 102 -1429.09
102 102 -1793.96
102 102 -1317.7
102 102 -1688.55
102 102 -1156.65
102 102 -1050.41
102 102 -1072.27
102 102 -1066
102 102 -1090.67
102 102 -1084.23
102 102 -1122.45
102 102 -1117.41
102 102 -1232.73
102 102 -1127.43
102 102 -1231.35
102 102 -1104.23
102 102 -1308.52
102 102 -1127.43
102 102 -1197.29
102 102 -1009.96
102 102 -1642.45
102 102 -1910.19
102 102 -1584.63
102 102 -1884.09
102 102 -1628.77
102 102 -1884.09
102 102 -1497.73
102 102 -1918.37
102 102 -1394
102 102 -1717.2
102 102 -1390.13
102 102 -1617.05
102 102 -1396.33
102 102 -1617
102 102 -1421.26
102 102 -1785.53
102 102 -1311.4
102 102 -651.169
102 102 -1297.33
102 102 -874.646
102 102 -1276.52
102 102 -863.257
102 102 -1292.56
102 102 -934.727
102 102 -853.488
102 102 -1035.42
102 102 -1052.54
102 102 -959.865
102 102 -1067.14
102 102 -879.647
102 102 -1031.59
102 102 -1035.42
102 102 -1281.2
102 102 -980.489
102 102 -1219.01
102 102 -795.986
102 102 -1176.07
102 102 -853.809
102 102 -1281.2
102 102 -1110.88
102 102 -787.306
102 102 -779.876
102 102 -949.266
102 102 -766.375
102 102 -862.28
102 102 -1058.36
102 102 -847.804
102 102 -1003.3
102 102 -1678.05
102 102 -995.17
102 102 -1530.17
102 102 -1030.13
102 102 -1530.17
102 102 -995.17
102 102 -1282.03
102 102 -967.246
102 102 -683.527
102 102 -847.558
102 102 -574.836
102 102 -1012.71
102 102 -730.316
102 102 -816.797
102 102 -670.88
102 102 -816.797
102 102 -1132.33
102 102 -903.117
102 102 -1243.58
102 102 -814.503
102 102 -1119.12
102 102 -1052.38
102 102 -1122.63
102 102 -930.461
102 102 -523.494
102 102 -1266.53
102 102 -781.253
102 102 -1227.7
102 102 -614.694
102 102 -1312.64
102 102 -630.521
102 102 -1095.32
102 102 -1690.46
102 102 -1674.86
102 102 -1775.14
102 102 -1698.44
102 102 -1765.18
102 102 -1547.59
102 102 -1690.46
102 102 -1696.19
102 102 -1084.26
102 102 -1092.76
102 102 -798.462
102 102 -1163.15
102 102 -885.741
102 102 -864.537
102 102 -1129.31
102 102 -695.196
102 102 -1002.05
102 102 -2368.72
102 102 -1170.06
102 102 -2397.6
102 102 -1258.1
102 102 -2397.62
102 102 -1387.8
102 102 -2377.62
102 102 -1258.92
102 102 -967.661
102 102 -1013.41
102 102 -907.276
102 102 -1093.64
102 102 -1003.15
102 102 -1116.28
102 102 -907.276
103 103 -742.908
103 103 -1550.43
103 103 -743.804
103 103 -1566.95
103 103 -558.058
103 103 -1493.12
103 103 -493.015
103 103 -1604.12
103 103 -645.426
103 103 -1129.9
103 103 -1037.79
103 103 -1183.8
103 103 -561.568
103 103 -1149.7
103 103 -1037.79
103 103 -1135.56
103 103 -1622.17
103 103 -1156.38
103 103 -1585.46
103 103 -1161.59
103 103 -1641.99
103 103 -1149.04
103 103 -1655.47
103 103 -1149.58
103 103 -485.599
103 103 -797.204
103 103 -596.016
103 103 -747.115
103 103 -612.371
103 103 -815.41
103 103 -495.777
103 103 -803.358
103 103 -1476.5
103 103 -1406.71
103 103 -1411.54
103 103 -1361.07
103 103 -1492.78
103 103 -1303.45
103 103 -1356.22
103 103 -1288.11
103 103 -1310.68
103 103 -1325
103 103 -1168.45
103 103 -1384.96
103 103 -1084.14
103 103 -1335.81
103 103 -1139.42
103 103 -1389.68
103 103 -668.651
103 103 -1459.84
103 103 -870.206
103 103 -1519.63
103 103 -641.855
103 103 -1441.19
103 103 -642.909
103 103 -1455.42
103 103 -903.603
103 103 -1832.93
103 103 -865.171
103 103 -1849.46
103 103 -1009.57
103 103 -1923.08
103 103 -873.867
103 103 -1832.93
103 103 -573.934
103 103 -1065.64
103 103 -460.914
103 103 -1045.76
103 103 -573.934
103 103 -1045.76
103 103 -839.865
103 103 -1099.14
103 103 -783.027
103 103 -1285.22
103 103 -991.046
103 103 -1134.14
103 103 -614.895
103 103 -1281.16
103 103 -610.802
103 103 -1149.08
103 103 -1427.63
103 103 -859.64
103 103 -1427.63
103 103 -1005.48
103 103 -1355.69
103 103 -875.183
103 103 -1558.92
103 103 -857.287
103 103 -1198.47
103 103 -1016.66
103 103 -1205.04
103 103 -1074.52
103 103 -998.451
103 103 -1012.5
103 103 -1258.83
103 103 -1569.44
103 103 -610.43
103 103 -1591.16
103 103 -659.6
103 103 -1711.48
103 103 -568.522
103 103 -1614.7
103 103 -570.773
103 103 -1614.7
103 103 -1226.82
103 103 -808.381
103 103 -1055.91
103 103 -808.381
103 103 -1226.82
103 103 -831.128
103 103 -1059.75
103 103 -725.61
103 103 -977.482
103 103 -1006.38
103 103 -792.884
103 103 -1117.68
103 103 -957.864
103 103 -1011.04
103 103 -783.559
103 103 -1077.94
103 103 -990.919
103 103 -1075.92
103 103 -879.379
103 103 -1209.47
103 103 -644.058
103 103 -1252.22
103 103 -675.244
103 103 -1234.94
103 103 -1800.44
103 103 -1579.67
103 103 -685.126
103 103 -1589.06
103 103 -583.848
103 103 -1549.45
103 103 -633.552
103 103 -1622.09
103 103 -598.53
103 103 -1205.95
103 103 -577.527
103 103 -1150.79
103 103 -598.53
103 103 -1130.09
103 103 -551.216
103 103 -997.237
103 103 -710.394
103 103 -1218.03
103 103 -642.365
103 103 -1250.23
103 103 -823.395
103 103 -1288.11
103 103 -823.395
103 103 -1335.58
103 103 -626.832
103 103 -678.105
103 103 -615.334
103 103 -726.972
103 103 -613.93
103 103 -769.604
103 103 -637.662
103 103 -929.807
103 103 -1199.76
103 103 -1292.95
103 103 -1114.91
103 103 -1296.56
103 103 -1227.19
103 103 -1325.81
103 103 -1365.46
103 103 -1270.43
103 103 -847.792
103 103 -1316.83
103 103 -847.792
103 103 -1274.46
103 103 -532.485
103 103 -1314.74
103 103 -574.16
103 103 -1241.73
103 103 -645.364
103 103 -1810.8
103 103 -679.931
103 103 -1810.8
103 103 -731.924
103 103 -1608.47
103 103 -728.551
103 103 -1630.99
103 103 -664.938
103 103 -1348.24
103 103 -539.453
103 103 -1306.03
103 103 -735.713
103 103 -1331.68
103 103 -584.104
103 103 -1298.87
103 103 -662.385
103 103 -1071.04
103 103 -789.282
103 103 -1118.56
103 103 -685.335
103 103 -1164.23
103 103 -670.139
103 103 -1152.92
103 103 -826.913
103 103 -1304.68
103 103 -769.429
103 103 -1357.1
103 103 -653.298
103 103 -1297.23
103 103 -942.074
103 103 -1379.37
103 103 -1308.53
103 103 -1048.6
103 103 -1418.72
103 103 -1112.05
103 103 -1352.16
103 103 -1063.06
103 103 -1116.89
103 103 -1048.61
104 104 -1331.75
104 104 -429.048
104 104 -1273.17
104 104 -583.329
104 104 -1282.74
104 104 -429.048
104 104 -1282.74
104 104 -429.048
104 104 -2787.17
104 104 -1880.09
104 104 -3579.05
104 104 -1942.45
104 104 -3686.14
104 104 -1880.28
104 104 -3938.61
104 104 -1806.41
104 104 -918.59
104 104 -1580.29
104 104 -937.913
104 104 -1554.75
104 104 -887.504
104 104 -1496.04
104 104 -1171.64
104 104 -1552.12
104 104 -528.347
104 104 -697.599
104 104 -672.247
104 104 -1041.96
104 104 -403.02
104 104 -1124.62
104 104 -545.357
104 104 -1003.88
104 104 -1032.93
104 104 -1394.18
104 104 -1054.4
104 104 -1285.6
104 104 -1039.95
104 104 -1269.25
104 104 -949.804
104 104 -1362.7
104 104 -1263.84
104 104 -1152.16
104 104 -1088.39
104 104 -1133.49
104 104 -1088.39
104 104 -1163.49
104 104 -1039.44
104 104 -1226.86
104 104 -2853.73
104 104 -1996.29
104 104 -2858.25
104 104 -1964.66
104 104 -3211.94
104 104 -1919.07
104 104 -3070.98
104 104 -1961.13
104 104 -1093.54
104 104 -1558.22
104 104 -1202.32
104 104 -1529.97
104 104 -1093.54
104 104 -1585.58
104 104 -1093.54
104 104 -1469.86
104 104 -943.881
104 104 -1027.92
104 104 -1013.96
104 104 -1218.77
104 104 -967.92
104 104 -1316.51
104 104 -943.922
104 104 -1052.66
104 104 -1241.85
104 104 -1457.93
104 104 -1258.44
104 104 -1643.11
104 104 -1267
104 104 -1493.84
104 104 -1291.05
104 104 -1518.82
104 104 -1051.89
104 104 -1536.48
104 104 -1098.3
104 104 -1536.48
104 104 -995.558
104 104 -1548.49
104 104 -1146.56
104 104 -1588.1
104 104 -1710.55
104 104 -1173.91
104 104 -1416.59
104 104 -1201.77
104 104 -1326.8
104 104 -1235.85
104 104 -1416.59
104 104 -1218.38
104 104 -1130.65
104 104 -1391.41
104 104 -1035.32
104 104 -1264.67
104 104 -1070.1
104 104 -1205.58
104 104 -1016.56
104 104 -1262.84
104 104 -1037.67
104 104 -1677.59
104 104 -1068.58
104 104 -1677.59
104 104 -1106.82
104 104 -1450.6
104 104 -1115.85
104 104 -1526.75
104 104 -1572.25
104 104 -1525.42
104 104 -1456.09
104 104 -1573.37
104 104 -1376.73
104 104 -1573.37
104 104 -1412.92
104 104 -1480.47
104 104 -1312.4
104 104 -1263.9
104 104 -1087.29
104 104 -1314.8
104 104 -1087.29
104 104 -1232.72
104 104 -1190.7
104 104 -1217.89
104 104 -1033.86
104 104 -2240.27
104 104 -1025.99
104 104 -2244.19
104 104 -1010.93
104 104 -2136.03
104 104 -1010.73
104 104 -2149.81
104 104 -1090.39
104 104 -1454.43
104 104 -1056
104 104 -1474.99
104 104 -1056
104 104 -1390.21
104 104 -1112.49
104 104 -1235.25
104 104 -953.725
104 104 -1123.21
104 104 -978.091
104 104 -1021.76
104 104 -1178.83
104 104 -1153.63
104 104 -790.113
104 104 -1051.09
104 104 -1391.92
104 104 -1118.33
104 104 -1195.31
104 104 -1046.71
104 104 -1391.92
104 104 -1021.6
104 104 -1426.06
104 104 -1297.4
104 104 -1661.72
104 104 -915.575
104 104 -1636.36
104 104 -914.064
104 104 -1602.56
104 104 -1055.18
104 104 -2416.59
104 104 -707.445
104 104 -700.888
104 104 -428.742
104 104 -583.201
104 104 -421.19
104 104 -702.357
104 104 -457.879
104 104 -583.201
104 104 -432.187
104 104 -1208.72
104 104 -1369.75
104 104 -1205.44
104 104 -1445.97
104 104 -1159.29
104 104 -1370.72
104 104 -1252.41
104 104 -1451.31
104 104 -1298.98
104 104 -1423.2
104 104 -1225.08
104 104 -1443.86
104 104 -1280.72
104 104 -1422.52
104 104 -1227.27
104 104 -1423.2
104 104 -1135.5
104 104 -1275.83
104 104 -1203.45
104 104 -1351.67
104 104 -1046.78
104 104 -1276.71
104 104 -1054.95
104 104 -1459.52
104 104 -1334.62
104 104 -1243.64
104 104 -1360.65
104 104 -1164.28
104 104 -1374.82
104 104 -1251.91
104 104 -1316.1
104 104 -1243.64
104 104 -771.468
104 104 -1398.43
104 104 -960.827
104 104 -1451.05
104 104 -870.661
104 104 -1507.42
104 104 -839.53
104 104 -1496.04
104 104 -1774.99
104 104 -1847.5
104 104 -2036.71
104 104 -1926.47
104 104 -1717.65
104 104 -1764.86
104 104 -1863.99
104 104 -1835.82
