1
1
1
1
1
1
1
1
1
1
1
1
1
1
1
1
1
1
1
0.999358
0.999358
0.998931
0.998931
0.998075
0.996151
0.993798
0.989735
0.985458
0.976689
0.969418
0.957442
0.943328
0.929855
0.912318
0.890505
0.862703
0.832335
0.797904
0.769461
0.734816
0.702737
0.667451
0.628956
0.591317
0.548118
0.505346
0.465997
0.432207
0.396707
0.365911
0.340676
0.318648
0.300043
0.279085
0.259196
0.24337
0.228186
0.213003
0.198888
0.189264
0.179213
0.170873
0.16574
0.159538
0.154833
0.151839
0.147562
0.14414
0.140291
0.137083
0.133447
0.128315
0.123824
0.118905
0.113772
0.106074
0.100086
0.0953807
0.0893926
0.0831908
0.0739949
0.0682207
0.0628743
0.0573139
0.0511121
0.0440547
0.0389222
0.0303678
0.025663
0.0218135
0.0168948
0.0115483
0.00876818
0.00748503
0.00598802
0.00470488
0.00299401
0.00149701
0.000427716
0.000213858
0.000213858
