1
1
1
1
1
1
1
1
1
1
1
1
1
1
1
1
1
1
1
1
1
0.999358
0.998717
0.998503
0.998503
0.998075
0.997434
0.996578
0.996364
0.99444
0.994012
0.991018
0.98781
0.983961
0.981394
0.975834
0.972412
0.965783
0.954662
0.945466
0.938195
0.927074
0.910393
0.889863
0.874465
0.850299
0.832121
0.812233
0.787853
0.756843
0.724123
0.696536
0.658469
0.624893
0.594098
0.559239
0.52438
0.488238
0.45787
0.424722
0.395851
0.3642
0.328058
0.295124
0.263259
0.235244
0.206373
0.183918
0.163388
0.137938
0.116125
0.0973054
0.0829769
0.0695038
0.0571001
0.0472626
0.0378529
0.0282293
0.0194611
0.0141146
0.00983747
0.00534645
0.00320787
0.00149701
0.000213858
0
0
0
0
0
0
0
0
0
0
0
0
0
0
0
