1
1
1
1
1
0.999786
0.999786
0.996792
0.991446
0.98118
0.971985
0.963644
0.952951
0.942044
0.937126
0.930496
0.924294
0.919589
0.91574
0.908041
0.904192
0.89692
0.891146
0.884303
0.877246
0.865056
0.860778
0.854149
0.848802
0.842387
0.835329
0.829555
0.819504
0.80988
0.799615
0.790205
0.783576
0.775663
0.765612
0.757271
0.749358
0.737382
0.7284
0.712575
0.696963
0.683704
0.664029
0.639435
0.618263
0.593456
0.570145
0.547263
0.517964
0.487169
0.455304
0.425577
0.400128
0.374038
0.337254
0.302823
0.268392
0.236955
0.205304
0.182421
0.152695
0.128315
0.107571
0.0926005
0.0735672
0.0556031
0.0395637
0.0292985
0.0213858
0.0173225
0.0130453
0.0117622
0.00855432
0.00620188
0.00470488
0.00449102
0.0040633
0.00342173
0.0025663
0.00235244
0.00235244
0.00235244
0.00213858
0.00213858
0.00171086
0.00106929
0.000641574
0.000641574
0.000641574
0.000641574
0.000641574
0.000427716
0.000427716
0.000427716
0.000427716
0.000213858
