0.999972
0.999972
0.999972
0.999944
0.999944
0.999888
0.999859
0.999775
0.999719
0.999635
0.999635
0.999522
0.999353
0.999213
0.999044
0.998847
0.998482
0.998004
0.997582
0.997217
0.996795
0.996429
0.995642
0.994658
0.993899
0.992887
0.991706
0.99016
0.987995
0.986448
0.984396
0.981866
0.97897
0.974809
0.969861
0.965531
0.959908
0.953104
0.945822
0.938147
0.926957
0.915177
0.9023
0.88917
0.877952
0.867662
0.858862
0.85054
0.843567
0.835554
0.828216
0.820175
0.811797
0.803363
0.79445
0.784835
0.772717
0.759981
0.746992
0.73136
0.712888
0.694979
0.677632
0.658851
0.63709
0.614457
0.592049
0.568657
0.546025
0.524994
0.504555
0.484705
0.467218
0.450067
0.431793
0.410678
0.390913
0.367128
0.34382
0.320428
0.295771
0.268865
0.23673
0.199899
0.162224
0.120698
0.0816183
0.0504386
0.0274404
0.0118646
0.0040767
0.0009278
0.000112461
0
0
0
0
0
0
0
0
