1
1
1
1
1
1
1
1
1
1
1
1
1
1
1
1
1
1
1
1
1
1
1
1
1
1
1
1
1
1
1
1
1
1
1
1
1
0.999993
0.999965
0.999796
0.999606
0.999255
0.998672
0.997955
0.996865
0.995438
0.993365
0.990567
0.98661
0.981718
0.975266
0.967597
0.958558
0.946188
0.930499
0.911978
0.890695
0.86613
0.83857
0.807088
0.772506
0.734094
0.695935
0.657051
0.617852
0.577246
0.538187
0.498672
0.458586
0.419471
0.381185
0.343293
0.305879
0.268563
0.23453
0.201593
0.171081
0.1439
0.11833
0.0977283
0.080311
0.0645805
0.0519428
0.0414558
0.0327963
0.0261752
0.0211637
0.0169324
0.0133055
0.0105151
0.00875084
0.00730994
0.00593933
0.0047374
0.00340193
0.00243899
0.00146902
0.000787224
0.000555274
0.000203835
