1
1
1
1
1
1
1
1
1
1
1
1
1
1
1
1
1
1
1
1
1
1
1
1
1
1
1
1
1
1
1
1
1
1
0.999572
0.999572
0.999145
0.999145
0.999145
0.997861
0.997434
0.99337
0.990163
0.986313
0.981822
0.979683
0.974337
0.97006
0.961292
0.952951
0.947391
0.940334
0.933704
0.928144
0.921942
0.915954
0.908683
0.90077
0.891788
0.886014
0.87639
0.867622
0.862062
0.855432
0.847733
0.838751
0.83148
0.821001
0.813088
0.801326
0.790419
0.778871
0.762618
0.74722
0.73225
0.714713
0.697177
0.676647
0.658041
0.634303
0.605432
0.571215
0.541702
0.505346
0.47562
0.443541
0.415098
0.379384
0.339393
0.288281
0.236099
0.180924
0.132592
0.0908896
0.0483319
0.0278015
0.0141146
0.00598802
0.00171086
0.000427716
