1
1
1
1
1
1
1
1
0.998004
0.970254
0.883941
0.771396
0.676141
0.595479
0.534891
0.488838
0.441352
0.387343
0.33533
0.287674
0.249016
0.215559
0.186038
0.161212
0.140126
0.122695
0.108806
0.0972503
0.0860324
0.0756017
0.0659019
0.057608
0.0508884
0.0454622
0.0406264
0.0362123
0.0323887
0.0288743
0.0256129
0.0228576
0.0200742
0.0176563
0.0156883
0.013664
0.0121739
0.0108525
0.00972785
0.00860324
0.00764732
0.00652272
0.0059323
0.00494827
0.0042735
0.00365497
0.00323324
0.00298021
0.00264283
0.00244602
0.0022211
0.00196806
0.00177126
0.00154633
0.00140576
0.00123707
0.00104026
0.000899685
0.000674764
0.000618534
0.000590418
0.000562303
0.000506073
0.000421727
0.000421727
0.000393612
0.000337382
0.000337382
0.000309267
0.000224921
0.000112461
0.000112461
0.000112461
8.43455e-05
8.43455e-05
8.43455e-05
8.43455e-05
5.62303e-05
2.81152e-05
2.81152e-05
2.81152e-05
2.81152e-05
2.81152e-05
2.81152e-05
2.81152e-05
2.81152e-05
2.81152e-05
2.81152e-05
2.81152e-05
2.81152e-05
2.81152e-05
2.81152e-05
