0.999786
0.999786
0.999572
0.999572
0.999572
0.998931
0.998931
0.998717
0.998289
0.998075
0.997648
0.996578
0.996364
0.995937
0.995295
0.994012
0.99337
0.992087
0.991446
0.989521
0.987169
0.982678
0.979042
0.973695
0.967707
0.961292
0.955518
0.949102
0.9429
0.935201
0.924936
0.910821
0.896493
0.88302
0.868263
0.854149
0.84089
0.822926
0.809025
0.797904
0.780154
0.762404
0.746151
0.714286
0.684346
0.648204
0.606501
0.564585
0.53272
0.497648
0.467066
0.432849
0.411891
0.390932
0.367836
0.350513
0.334046
0.310522
0.295766
0.275235
0.259837
0.24337
0.227545
0.212361
0.198033
0.184132
0.167451
0.153764
0.139435
0.133447
0.127673
0.119547
0.112917
0.105646
0.100299
0.0955945
0.0893926
0.0855432
0.0829769
0.0791275
0.0750642
0.0705731
0.0660821
0.0630881
0.0598802
0.0556031
0.0517536
0.0459795
0.0414885
0.036142
0.0290847
0.0235244
0.0149701
0.00876818
0.00384944
0.00149701
0
0
0
0
