0.999786
0.999572
0.999572
0.999572
0.999572
0.999145
0.999145
0.998931
0.998503
0.997434
0.996578
0.996151
0.995509
0.994012
0.992729
0.992087
0.991446
0.988666
0.985672
0.983533
0.979897
0.973695
0.96621
0.955731
0.943114
0.930496
0.916382
0.899273
0.885372
0.867622
0.849872
0.829983
0.812233
0.792558
0.771386
0.746792
0.725406
0.69953
0.671086
0.649487
0.624465
0.596664
0.567151
0.537425
0.503636
0.473482
0.443969
0.409324
0.369119
0.344311
0.314585
0.287211
0.258127
0.229256
0.201668
0.173225
0.147134
0.128101
0.10201
0.079769
0.0660821
0.0479042
0.0359281
0.0273738
0.0166809
0.0109068
0.00748503
0.0040633
0.0025663
0.00235244
0.00128315
0.000641574
0
0
0
0
0
0
0
0
0
0
0
0
0
0
0
0
0
0
0
0
0
0
0
0
0
0
0
0
0
