1
1
1
1
1
1
1
1
1
1
1
1
1
1
1
1
1
1
1
1
1
1
0.999902
0.999529
0.998728
0.995192
0.985148
0.96331
0.927646
0.877362
0.822397
0.776365
0.732702
0.691141
0.652068
0.617325
0.581689
0.544162
0.507767
0.470648
0.433437
0.395489
0.358763
0.325321
0.296053
0.269421
0.243934
0.220599
0.200067
0.180274
0.163265
0.147717
0.133631
0.120874
0.110296
0.10054
0.0907698
0.082026
0.0735422
0.0659652
0.058353
0.0508322
0.044197
0.0389465
0.0343497
0.030041
0.0263158
0.0232583
0.0204327
0.0180218
0.0161592
0.0139029
0.0116045
0.00991762
0.0086665
0.0078371
0.00693742
0.00586201
0.00499747
0.00425242
0.00379555
0.00343708
0.00287478
0.0026358
0.00238979
0.00205944
0.00164474
0.00120192
0.000984031
0.000822368
0.000674764
0.000597447
0.000527159
0.00040767
0.000344411
0.00028818
0.000224921
0.00017572
0.000112461
0.000112461
