0
0
0
0
0
0
0
0
0.00149701
0.00149701
0.00149701
0.00149701
0.00299401
0.00299401
0.00449102
0.00598802
0.00748503
0.011976
0.011976
0.011976
0.011976
0.011976
0.011976
0.0134731
0.0149701
0.0164671
0.0194611
0.0194611
0.0209581
0.0239521
0.0269461
0.0284431
0.0299401
0.0314371
0.0344311
0.0404192
0.0449102
0.0479042
0.0508982
0.0538922
0.0598802
0.0643713
0.0778443
0.0793413
0.0838323
0.0928144
0.101796
0.107784
0.115269
0.122754
0.13024
0.143713
0.151198
0.161677
0.178144
0.187126
0.191617
0.199102
0.206587
0.221557
0.232036
0.242515
0.257485
0.270958
0.291916
0.312874
0.320359
0.330838
0.35479
0.365269
0.396707
0.413174
0.447605
0.473054
0.504491
0.517964
0.543413
0.556886
0.576347
0.594311
0.613772
0.625749
0.649701
0.663174
0.672156
0.684132
0.708084
0.744012
0.761976
0.785928
0.812874
0.847305
0.88024
0.91018
0.934132
0.956587
0.980539
0.988024
0.995509
0.998503
