0
0
0
0
0
0
0
0
0
0
0
0
0
0
0
0
0
0
0
0
0
0
0
0
0
0
0
0
0
0
0
0
0
0
0.00149701
0.00299401
0.00598802
0.00748503
0.00898204
0.0179641
0.0239521
0.0269461
0.0344311
0.0419162
0.0479042
0.0538922
0.0538922
0.0568862
0.0673653
0.0748503
0.0793413
0.0838323
0.0988024
0.113772
0.125749
0.133234
0.146707
0.155689
0.173653
0.19012
0.208084
0.224551
0.229042
0.241018
0.26497
0.281437
0.29491
0.30988
0.327844
0.335329
0.342814
0.356287
0.372754
0.39521
0.416168
0.456587
0.473054
0.5
0.528443
0.555389
0.58982
0.603293
0.621257
0.639222
0.664671
0.685629
0.708084
0.739521
0.766467
0.790419
0.811377
0.845808
0.874251
0.905689
0.928144
0.965569
0.98503
0.992515
0.995509
1
