0
0
0
0
0
0
0
0
0
0
0
0
0
0
0
0
0
0
0.00149701
0.00149701
0.00149701
0.00149701
0.00149701
0.00149701
0.00149701
0.00149701
0.00149701
0.00149701
0.00149701
0.00149701
0.00149701
0.00149701
0.00299401
0.00598802
0.00898204
0.0134731
0.0149701
0.0149701
0.0179641
0.0209581
0.0254491
0.0299401
0.0359281
0.0434132
0.0479042
0.0553892
0.0613772
0.0658683
0.0838323
0.0883234
0.0988024
0.113772
0.124251
0.139222
0.155689
0.182635
0.193114
0.212575
0.233533
0.260479
0.285928
0.314371
0.345808
0.387725
0.417665
0.48503
0.523952
0.564371
0.624251
0.661677
0.724551
0.745509
0.776946
0.803892
0.850299
0.868263
0.89521
0.920659
0.932635
0.962575
0.97006
0.976048
0.98503
0.98503
0.991018
0.994012
0.994012
1
1
1
1
1
1
1
1
1
1
1
1
1
1
