0
0
0
0
0
0
0
0
0
0
0
0
0
0
0
0
0
0
0
0
0
0
0
0
0
0
0
0
0
0
0
0
0
0
0.00149701
0.00149701
0.00149701
0.00149701
0.00299401
0.00299401
0.00299401
0.00299401
0.00299401
0.00299401
0.00299401
0.00299401
0.00299401
0.00598802
0.0179641
0.0179641
0.0179641
0.0209581
0.0209581
0.0209581
0.0209581
0.0209581
0.0284431
0.0329341
0.0419162
0.0508982
0.0583832
0.0703593
0.0808383
0.0913174
0.100299
0.125749
0.133234
0.157186
0.184132
0.200599
0.226048
0.248503
0.282934
0.297904
0.326347
0.336826
0.357784
0.381737
0.408683
0.438623
0.465569
0.498503
0.532934
0.556886
0.594311
0.637725
0.678144
0.729042
0.77994
0.806886
0.851796
0.884731
0.91018
0.94012
0.958084
0.973054
0.977545
0.988024
0.994012
0.997006
