0
0
0
0
0
0
0
0.00299401
0.00299401
0.00299401
0.00449102
0.00748503
0.010479
0.0209581
0.0299401
0.0449102
0.0568862
0.0688623
0.0868263
0.101796
0.116766
0.142216
0.167665
0.197605
0.214072
0.236527
0.263473
0.291916
0.311377
0.338323
0.378743
0.401198
0.422156
0.444611
0.467066
0.5
0.517964
0.541916
0.55988
0.568862
0.57485
0.586826
0.610778
0.612275
0.633234
0.655689
0.672156
0.685629
0.70509
0.72006
0.733533
0.75
0.76497
0.77994
0.785928
0.805389
0.815868
0.823353
0.838323
0.851796
0.860778
0.877246
0.883234
0.887725
0.89521
0.904192
0.91018
0.919162
0.919162
0.931138
0.931138
0.932635
0.932635
0.938623
0.941617
0.950599
0.956587
0.961078
0.97006
0.973054
0.982036
0.98503
0.98503
0.988024
0.991018
0.991018
1
1
1
1
1
1
1
1
1
1
1
1
1
1
