0
0
0
0
0
0
0
0
0
0
0
0
0
0
0
0
0
0
0
0
0
0
0
0
0
0
0
0
0
0
0.000365497
0.00164474
0.00201023
0.00274123
0.00347222
0.00402047
0.00694444
0.00877193
0.0126096
0.0168129
0.0228436
0.0296053
0.0369152
0.0429459
0.0513523
0.060307
0.0712719
0.0864401
0.098136
0.114949
0.131031
0.149306
0.170139
0.189145
0.212354
0.243969
0.279057
0.316155
0.352887
0.393458
0.444993
0.486111
0.526133
0.561221
0.591009
0.620249
0.651133
0.676718
0.710161
0.741776
0.773209
0.80318
0.833516
0.854532
0.877376
0.898575
0.917398
0.929642
0.940058
0.950658
0.961623
0.969664
0.978436
0.985015
0.992325
0.997259
0.999635
1
1
1
1
1
1
1
1
1
1
1
1
1
