0
0
0
0
0
0
0
0
0
0
0
0
0
0
0
0
0
0
0
0
0
0
0
0.00146199
0.00255848
0.00402047
0.0118787
0.0540936
0.12098
0.18951
0.263341
0.331689
0.386879
0.439327
0.473501
0.507675
0.526316
0.543677
0.561952
0.585161
0.599598
0.617142
0.626827
0.63962
0.64894
0.658443
0.666849
0.674159
0.684759
0.705958
0.721674
0.739949
0.752193
0.765168
0.777412
0.788925
0.804642
0.825475
0.841192
0.854167
0.864766
0.875365
0.885234
0.891447
0.898575
0.906981
0.921235
0.934942
0.948648
0.958516
0.969115
0.97807
0.980629
0.981725
0.982091
0.983187
0.983918
0.984466
0.985015
0.985563
0.986294
0.987573
0.987756
0.987939
0.988487
0.989035
0.989766
0.991045
0.991959
0.992507
0.99269
0.99269
0.993421
0.994335
0.995614
0.995614
0.998538
0.998721
0.999269
0.999635
