0
0
0
0
0
0
0
0
0
0
0
0
0
0
0
0
0
0
0
0
0
0
0
0
0
0
0
0
0
0
0
0
0
0
0
0
0
0
0
0
0
0.000182749
0.000730994
0.000730994
0.00109649
0.00109649
0.00127924
0.00182749
0.00255848
0.00328947
0.00328947
0.00328947
0.00420322
0.0056652
0.00657895
0.00767544
0.00932018
0.0105994
0.0116959
0.0148026
0.0184576
0.0232091
0.0259503
0.0281433
0.032712
0.0414839
0.0509868
0.0625
0.0747442
0.0884503
0.10636
0.122807
0.137427
0.151499
0.169042
0.190241
0.20943
0.239766
0.269006
0.302266
0.337537
0.367325
0.397295
0.427814
0.463268
0.497807
0.529057
0.561586
0.596857
0.628472
0.665753
0.700841
0.73867
0.775037
0.814876
0.855263
0.901864
0.93019
0.957785
0.980811
