0
0
0
0
0
0
0
0
0.000730994
0.00146199
0.00146199
0.00146199
0.00146199
0.00146199
0.00146199
0.00146199
0.00219298
0.00219298
0.00219298
0.00219298
0.00219298
0.00292398
0.00292398
0.00365497
0.00438596
0.00511696
0.00511696
0.00584795
0.00657895
0.00657895
0.00657895
0.00730994
0.00804094
0.0124269
0.0153509
0.0190058
0.0211988
0.0233918
0.0277778
0.0321637
0.0372807
0.0402047
0.0431287
0.0453216
0.0482456
0.0519006
0.0555556
0.0628655
0.0657895
0.0672515
0.0687135
0.0738304
0.0752924
0.0811404
0.0964912
0.102339
0.107456
0.113304
0.123538
0.127924
0.136696
0.144006
0.152047
0.165936
0.185673
0.203216
0.217836
0.229532
0.239766
0.25
0.261696
0.270468
0.277778
0.291667
0.302632
0.320906
0.347222
0.369883
0.390351
0.408626
0.423246
0.439327
0.453947
0.461988
0.472222
0.489035
0.505848
0.532164
0.56652
0.607456
0.667398
0.745614
0.82383
0.890351
0.949561
0.989035
0.997807
1
1
1
