0
0
0
0
0
0
0
0
0.00657895
0.0716374
0.219298
0.349415
0.461988
0.513889
0.540205
0.565789
0.608918
0.652047
0.69152
0.711257
0.733187
0.756579
0.783626
0.796053
0.812865
0.828216
0.839181
0.852339
0.865497
0.875731
0.891082
0.898392
0.907895
0.917398
0.922515
0.932018
0.940058
0.945906
0.952485
0.957602
0.962719
0.964912
0.966374
0.969298
0.973684
0.977339
0.978801
0.981725
0.98538
0.986842
0.988304
0.989035
0.990497
0.99269
0.99269
0.994152
0.995614
0.995614
0.995614
0.995614
0.995614
0.995614
0.995614
0.996345
0.996345
0.997076
0.997076
0.997076
0.997807
0.997807
0.997807
0.997807
0.997807
0.997807
0.997807
0.997807
0.997807
0.998538
0.998538
0.998538
0.998538
0.998538
0.998538
0.998538
0.998538
0.998538
0.998538
0.998538
0.999269
0.999269
0.999269
0.999269
1
1
1
1
1
1
1
1
