-3.09767
-7.55742
-2.46473
-2.16503
-3.69731
7.26551
3.02038
-2.84919
3.5053
-2.86467
2.66767
-2.66513
-8.15302
0.129667
-4.41002
-0.154988
-0.542211
-1.0618
0.319442
7.65018
3.00987
7.40617
6.11132
11.9076
1.83416
-1.66386
3.3629
-4.39731
0.660461
-2.44981
-1.33988
2.22886
5.2624
-4.95386
13.8129
-6.62255
0.199657
3.8614
7.64113
9.08493
5.14006
0.505558
0.765782
-2.76221
13.7804
-4.01999
-2.87695
-0.527313
-3.70289
-5.01784
2.34431
-5.15566
-4.77232
-0.73903
-3.40783
0.972082
-3.1649
5.35177
-5.83787
-0.864336
0.921843
-5.92924
-3.83776
-2.49372
8.55858
5.69557
9.55892
3.58312
-7.22075
-3.984
-0.626192
2.43161
4.89562
-1.75626
-8.33572
1.12056
-5.80771
4.86326
1.82488
-5.01176
-2.94701
-2.64968
-0.360891
-4.21966
2.99981
-5.64862
-4.10162
-3.4971
8.09982
0.440437
-0.660131
-3.50638
0.882134
-4.25108
-5.54648
0.944906
8.30762
5.80283
-10.3077
-0.518634
-6.89345
7.98781
-9.36432
0.0438957
-4.1641
-7.69232
-5.52282
2.13461
-0.452301
7.36134
-2.93635
-7.70377
-1.7183
2.59965
-3.88861
1.92899
1.55398
12.6062
13.0265
-0.247346
-3.21976
7.33977
-3.51116
-2.62855
-2.87836
1.41306
-1.26921
9.03597
-2.0684
1.95142
5.51867
-7.82486
0.872079
-1.57427
-6.22318
-3.46318
5.09212
5.61109
-2.94074
3.98183
1.19896
-5.30384
2.15096
-6.01011
-7.64665
6.83781
5.50953
-1.11881
5.67934
-7.08019
-3.01912
-5.45279
6.70516
-2.6031
1.66026
3.31611
2.19161
-2.5205
-0.617382
0.763399
-3.35435
6.88496
4.45227
-5.85689
6.76289
-2.00698
2.57922
-3.9314
-3.10369
12.2388
-7.83287
-4.81588
-7.29134
-1.19043
2.49763
-4.66686
5.04861
0.479706
4.72952
-0.183541
7.17796
1.98139
-3.32573
8.72505
2.91859
-2.04002
0.790857
-1.09696
4.52445
-4.33226
4.69491
0.474184
-3.17009
-0.395288
8.18593
-4.04549
2.33128
5.95272
-6.91367
-5.99664
8.60795
1.47294
-7.78164
2.59947
-0.473706
5.66929
-4.04649
-6.68629
-0.93392
0.972113
2.26589
7.36786
4.86079
-0.878322
2.00246
-5.03906
0.507369
-4.32016
5.33384
-2.34652
1.33582
2.30288
11.3449
0.24431
-2.08756
0.0558336
9.5004
-0.96832
-4.59892
10.5567
-12.5232
-4.75755
-0.220013
-1.10575
2.1987
6.69745
-2.08493
-2.98931
2.44033
1.86989
2.07052
3.7629
0.0657504
0.290349
6.26748
1.71902
-4.92427
-0.869964
6.42988
-0.957745
-0.91605
-5.48081
14.2833
1.86518
2.49787
-7.22799
