-7.37927
-3.49662
-2.20465
5.24233
2.00116
2.28604
1.9983
2.99676
-4.17149
-0.635791
12.8289
1.565
-5.64533
4.78949
0.00880885
4.44522
-4.43114
4.71578
-3.48742
11.003
0.575263
9.84085
-2.76652
2.54541
7.17087
-4.80375
4.38803
-4.70877
3.31021
0.457069
-0.651063
-3.70858
2.63928
2.73111
4.57269
-6.98933
-3.97994
-3.27167
0.997234
3.33848
1.33625
2.70463
1.81671
-7.64135
-7.26979
-2.72742
-4.08529
-9.17885
-4.5123
3.95624
2.13306
-9.73164
3.60343
-0.119943
-5.92459
-2.85208
-5.50539
12.3855
-7.06009
-6.78699
8.20443
-3.58581
-4.23228
-8.27304
-4.01639
14.1196
2.63173
0.0631546
-9.47796
8.46035
-1.4763
-2.80396
2.12614
2.4729
-11.5659
-2.51157
-11.6967
-3.06543
-1.82091
-4.51772
-9.15563
-6.14977
-6.0283
-4.9092
-4.51657
-10.3619
-8.59155
-4.33144
0.870265
-1.90438
-1.81444
-5.21102
-1.38611
-2.48688
-2.95834
15.1747
7.38178
6.38308
-7.24737
3.38551
-7.15217
3.82888
0.119216
-0.800138
-5.94352
-3.91415
-11.0836
-1.94531
-5.30049
-3.08315
0.919115
-7.34733
-5.72002
5.56662
-0.965268
-6.5331
-0.923417
-1.59086
4.6875
9.31768
-7.54047
-0.254486
-3.5802
3.55698
1.60957
0.542315
5.14792
-3.11582
-4.80543
-6.02313
2.5257
-8.8012
-0.737771
-2.55491
1.65328
-2.8762
6.74243
5.63154
-7.3716
0.516585
3.90057
-14.6555
0.483187
-1.43977
-12.4688
4.99721
9.99972
-8.78288
-2.83896
-3.14187
4.58029
-3.47145
6.16103
-6.30054
7.97363
-2.72977
11.1715
-2.75
7.38031
-7.52966
-1.78548
11.4552
3.80295
-3.57026
-3.08636
-6.07615
0.190646
-4.00226
-2.90592
9.43767
-7.57919
3.9584
-11.3741
10.7238
-3.03407
-0.432084
3.56988
1.40692
-2.17955
-1.01699
-3.70854
1.29424
-2.00138
4.72014
-1.75773
0.953869
6.15012
-0.651734
2.02358
-8.40043
-0.622043
3.03856
-1.21203
-5.56013
10.1511
-3.3473
0.0463986
2.1113
-5.58879
-6.57072
6.86408
-6.58533
-10.4506
2.76523
-1.09096
12.7849
-5.64059
3.0717
5.94815
0.8694
3.00908
-0.214806
2.04377
-0.428636
2.94706
-4.08241
-3.06507
-8.18433
-7.19455
-0.827035
6.56748
-3.41588
12.6443
-2.13238
-4.42524
0.663517
14.6864
-3.72001
-9.88903
5.73476
-0.109822
0.934814
-0.578521
1.49917
0.392543
9.4653
-4.85832
-5.92804
4.76737
5.15215
-0.559003
-6.04065
2.80248
5.57185
-3.11041
-3.27296
-9.0707
-0.978807
-2.2496
-8.22522
-3.88841
0.147112
7.48558
-1.03855
2.01561
-10.153
