-0.438882
-8.68575
-5.37078
7.10472
1.7579
4.37754
3.72403
-2.65325
5.97863
1.0158
7.88745
-0.96073
-9.71413
-0.341371
-0.872569
-0.819703
-0.576886
2.74994
-1.54184
13.1829
1.08524
12.051
-3.33596
8.72581
6.58622
-0.372401
2.00975
-3.29057
0.878912
-3.05802
6.31541
-3.49458
2.56925
1.80344
14.6529
-8.9687
0.703851
-1.88755
2.0917
-0.15543
7.30891
0.646092
-2.40588
-9.15732
7.38575
-3.29608
-2.63624
-2.2796
-0.500861
-4.12962
-1.34441
-6.61341
0.362427
0.433224
-3.43004
-2.86663
-1.78611
6.04323
-3.46594
-0.407427
-2.47408
0.517514
-1.77037
-7.47612
6.10528
11.9539
6.17895
2.81159
-5.32765
-3.70239
-2.42046
4.25859
5.14297
-0.663703
-9.0778
-1.23192
-3.37537
-2.23651
0.247922
-5.76427
-3.19482
-2.89995
-4.13735
-3.77934
2.00726
-4.10513
-7.2414
0.26554
-3.10037
5.33551
2.50362
-1.33529
-1.43013
3.41315
-1.70655
8.7833
12.23
3.88726
-10.7928
5.22422
-5.18051
7.68559
-9.69271
-0.191471
-4.77427
-0.973753
-7.6289
2.1573
0.801372
11.4362
2.0853
-2.29767
-4.91408
0.497601
-3.32255
-2.38495
-1.12714
10.029
12.8305
4.07452
-6.91051
4.92304
-6.31922
1.50947
-5.1742
3.05906
-1.18056
4.31665
1.48236
1.73728
7.31829
-6.23521
-0.520291
-1.79966
-4.00448
-4.04878
12.4001
4.56764
-6.76485
3.48289
-1.23783
-5.32793
1.58454
-1.8434
-10.7616
9.16583
6.6393
3.96447
-0.502633
-6.49078
-1.07583
-3.10177
5.10443
6.05156
4.4283
2.3804
3.57054
-6.89861
0.863171
4.86481
-0.860854
10.1164
3.65075
-6.9787
2.22612
0.197084
3.86936
-6.88932
-7.18184
9.97713
-5.29597
1.48442
-10.433
3.12779
2.67178
-6.56976
3.00253
-0.549954
12.2403
3.51384
0.0741446
10.185
-4.10694
6.35464
-0.0905373
-0.98074
5.64082
-4.50365
1.52977
-5.2026
6.35616
8.12555
-1.35723
0.774436
6.71767
-2.57963
2.01161
6.5126
-4.8777
-5.31727
11.0811
-4.84417
-7.98965
-3.5762
-5.50022
13.2058
-3.67362
-4.96838
4.77402
-1.36085
9.74206
6.96794
5.74214
0.466173
8.16526
-7.50071
0.485769
-5.48634
0.00572407
0.437275
-0.485099
-3.33959
12.1912
4.26863
-0.0146134
-4.41517
9.36802
-0.810889
-1.23206
14.134
-7.96845
-3.37067
-0.588087
-2.71047
9.81263
5.60848
-2.44522
-6.16137
4.37198
5.68902
-3.1903
-0.209077
0.614713
-1.71266
1.62051
-0.0952083
-3.85639
-4.86909
-0.111033
1.27907
-5.60061
3.83009
12.3876
-3.80397
8.64562
-5.09212
