-0.60229
-10.7918
-2.91267
3.72402
-1.01673
4.51291
-2.54162
-3.62182
4.27238
0.161244
4.56297
-1.14824
-5.32047
-2.7699
-3.69166
0.73336
0.71587
-3.66884
-1.66327
9.70429
4.15474
8.15965
7.21529
8.95499
3.88394
-3.31661
2.31524
1.18237
0.976059
1.2957
-1.59319
0.994023
0.177062
-0.845931
10.8846
-3.72787
-2.50685
4.95209
6.43123
5.30321
5.84808
4.28671
0.85842
-4.86621
10.147
0.785265
-1.62804
-3.06693
-1.40006
-2.77372
-3.00217
-6.4775
0.504316
-6.14156
-5.24771
0.956043
-1.20842
6.72603
0.274287
-2.33088
-1.17344
-2.583
-3.77354
-2.62863
7.86548
11.2135
10.081
6.83661
-4.14739
-2.49283
-1.71032
3.11478
3.73708
0.859879
-7.76002
2.0534
-8.61842
4.03433
2.0595
-5.19436
-1.46957
-0.406546
-3.55728
-2.39923
3.47568
-7.43451
-6.15676
-1.68903
3.3096
0.889574
1.51037
-2.00507
1.18324
-3.10869
-2.85653
1.97038
5.90506
3.10555
-8.55307
-1.64836
-6.76762
5.97072
-6.65069
-0.0849454
-4.65741
-4.81614
-2.02509
4.00897
0.644429
0.58491
-0.0616801
-5.46676
-2.76607
4.52309
-5.05045
-0.109466
4.277
10.6093
11.0448
1.29702
-2.17908
3.4941
-2.56968
-2.75201
-7.17824
-0.0735908
-0.178761
9.97857
0.826905
2.05071
5.0482
-6.03413
-1.25144
1.3461
-4.08629
-2.76995
6.2903
3.23094
-5.76303
5.6052
1.78397
-5.67365
5.14038
-3.33276
-8.48707
7.77824
6.09278
-0.80994
2.1191
-4.50051
-4.15855
-3.23151
4.97572
-3.55144
2.62423
4.39708
3.70005
-4.43783
3.00006
-1.68034
-3.18384
8.20132
4.23925
-2.18255
3.94989
-4.45212
4.24893
-3.78573
-2.96725
9.322
-5.85425
-1.10706
-4.01715
1.07329
-0.759322
-6.38747
-2.52788
-0.838189
1.83539
-2.68515
-2.10442
4.74829
-2.58841
4.89499
4.59479
-2.11197
4.50235
-0.27154
4.04463
-6.59605
7.4892
-0.439046
-0.537874
3.94709
6.51162
-3.63781
2.70286
3.95746
-5.19043
-4.12916
10.4807
0.65823
-4.62591
-2.51266
-1.20916
6.88178
-4.94397
-5.80923
2.19647
-1.67567
1.713
6.44681
2.75542
-1.39515
7.25445
-4.47551
-0.164675
-5.08174
7.00471
0.13076
0.351209
-1.71737
4.72783
1.2995
-2.16582
1.80978
8.90808
1.35556
-2.43687
10.5524
-11.9055
-2.61908
-2.35113
-0.573677
1.52509
4.98234
1.60532
-3.89664
6.92084
3.0943
3.98729
-2.8686
-0.733368
1.27361
6.13562
-0.553993
-1.16367
3.25871
1.8066
-1.83916
-0.292742
-3.69716
13.9081
0.721835
0.247581
-4.00126
