-0.453013
-8.45774
0.0364077
3.08086
1.73462
3.49259
5.70264
-4.04314
4.37884
-8.73777
1.65619
1.13816
-5.64373
2.67382
1.24346
-3.24872
-2.7647
1.96847
-4.07205
6.80911
-6.8184
3.14132
5.37115
3.72412
4.45942
-3.61493
2.0805
-1.83498
1.68048
-0.538106
1.6395
-1.16718
7.9312
-1.81834
5.91177
-3.70909
0.446702
-0.549767
4.18882
0.451671
-3.55029
0.928398
-1.75905
-9.3856
11.4753
-1.40648
-0.614916
1.42423
-5.84828
4.51471
-0.0559856
-6.48774
-3.6568
1.36355
0.146119
0.907294
-1.48798
4.68243
-5.13907
-8.51547
0.554238
0.795446
-2.62601
-6.86053
-0.140516
-0.524891
6.27687
0.990583
-4.87017
-2.04778
0.713604
0.590549
0.194269
2.20328
-8.91529
1.80809
-0.253644
-3.73719
6.44571
-3.04737
-0.474775
-0.514731
-2.53069
-3.29144
-4.03511
-0.890676
-6.50509
0.510353
-1.9167
0.588856
-1.18988
-2.41033
-4.99963
4.06675
-1.61309
1.23983
3.32034
1.40986
-5.46615
2.25772
-3.73945
9.01755
-4.73884
-3.06371
-1.50781
-6.57619
-7.30339
-0.514417
-0.0682648
7.47468
-4.61883
-5.00854
-2.03724
-4.28917
-6.21019
0.937618
-2.15516
6.6165
15.4996
3.88711
-6.97863
4.86302
-4.54064
0.078546
-6.71256
4.48918
-6.85369
0.569153
-3.81533
7.56652
6.7194
-6.22098
7.30327
-0.852511
-4.42617
-7.10139
5.31833
3.82977
-4.51171
-1.41071
0.498114
-6.53091
-0.440546
-7.80322
-6.21219
3.76979
3.79072
0.372084
0.38938
0.232104
-2.65058
-5.48816
5.56144
-4.5865
4.94771
-1.43874
1.83487
-5.54088
-1.30736
0.766528
-2.30166
3.19004
3.59699
-7.00967
0.152702
-2.70144
5.81664
-6.26587
-6.97432
12.6207
-2.0082
-2.91176
-6.96238
1.5642
0.137892
-3.00006
0.195977
-0.223195
10.9484
-2.55574
-0.893568
3.40894
-2.2352
5.65096
-0.931422
0.593155
0.0318691
-4.46887
1.22539
-7.66238
1.66234
7.86946
-1.34225
-3.99432
12.7186
-4.5137
4.12821
4.22935
-8.01883
-0.674238
6.63536
0.760297
-5.50854
3.20349
-1.97109
11.4443
-2.55418
-7.69407
-1.18677
-0.67837
2.6517
6.70252
4.00005
-7.31437
2.75924
-4.1352
-1.49948
-3.11489
-0.827686
2.84523
0.371899
0.973761
7.8751
2.90885
0.447843
-3.58015
7.20798
-4.36719
-0.65639
6.78107
-6.51117
-1.85261
1.26562
-2.4575
6.63252
7.62101
-5.02144
-3.80518
-1.95975
4.60665
3.40754
6.04182
1.33702
-3.34654
1.31056
1.38044
1.70488
-3.55565
2.50346
-0.602361
1.68384
3.13986
9.57401
-0.540201
1.14555
-1.10778
