-3.1648
-2.6399
-4.31096
1.58648
0.578326
5.302
6.32399
-3.7449
1.07791
2.70008
10.2404
-1.38385
-2.75004
2.14868
-4.43574
5.61282
-0.067971
9.24326
-2.33239
8.92174
-1.46801
10.2447
1.04225
3.90212
7.37968
-2.4062
2.43882
-4.41973
3.49387
2.16045
7.07985
-4.49483
3.31535
-0.609579
15.2513
-7.88674
-2.29905
-6.20329
1.78371
3.24992
0.213184
0.979847
-0.598013
-6.81678
0.662351
-7.83185
-1.26281
-5.64884
-0.387599
2.54373
1.77938
-8.83431
-1.89451
1.74915
-2.73858
-0.21726
-5.54346
11.7421
-2.20299
-5.25038
5.03431
-0.743924
-6.65777
-7.09666
6.14901
11.1071
2.89327
1.41996
-8.00515
0.981632
-2.01253
0.658746
-3.83205
0.0684282
-7.63876
2.84256
-3.38501
-3.82683
1.46625
-1.40942
-3.58703
-1.74993
-3.91513
-4.35571
-4.27007
-5.02057
-4.73544
0.738214
1.56605
-0.911407
-1.69783
-0.75317
-2.48829
-4.02457
-4.28594
9.16982
4.45279
10.4063
-7.15505
3.11
-5.05801
8.37383
-7.53618
0.276023
0.0506506
-3.72896
-7.84884
2.80755
-2.13389
5.85104
-2.60575
-5.89002
-2.40411
3.60757
-2.06801
-2.17985
-2.86563
0.131657
10.4976
10.5659
-6.17462
-0.973704
-0.57022
-1.66155
3.89046
4.35117
-2.43621
0.575669
-0.769271
4.8073
5.57133
-5.83905
3.72878
-4.65361
-0.475637
-1.05129
7.29784
6.87573
-2.0531
2.23839
-0.229909
-8.38993
1.02339
0.680779
-10.9066
9.04393
6.58324
-0.435614
1.52306
-0.572961
3.52292
-2.99819
11.7205
-2.69219
5.29419
-0.700018
5.25582
-6.1014
-1.64921
2.52813
-6.02413
10.6207
0.872934
-3.10006
2.62618
-2.36479
3.06394
-4.80415
-2.96445
11.4583
-9.27847
4.37015
-11.3705
-1.82571
-2.29551
-1.20356
5.84214
-5.21044
2.21745
0.222364
1.6124
4.06758
-5.10009
7.54038
0.239502
1.90364
2.21486
-2.27062
1.33329
-7.05914
0.92494
7.3274
0.0183703
-7.42259
4.67793
-0.858582
5.53316
0.834637
-7.96455
-5.26525
10.0023
-4.39608
-6.78269
3.97681
2.70574
8.24374
-3.86071
-2.53781
7.45454
5.76608
5.78216
1.81402
4.71735
-2.88653
3.31133
-2.69463
3.45091
-9.08984
-5.28488
-5.84202
8.17977
-3.11962
11.0391
3.54888
3.25865
-2.69086
15.4345
-2.57889
-4.89247
4.04394
-0.307219
-3.08124
-6.25201
-0.310582
7.13107
5.76955
-5.14064
-8.73838
1.24966
5.94922
-1.29386
-1.61993
4.3755
5.96119
0.617356
-4.31164
-4.64745
1.59645
-0.275469
-0.817946
-7.29545
-1.57135
6.45802
-2.08611
0.419403
-6.66117
