-5.02478
-8.60911
-6.36786
-0.0799166
-8.63183
4.94183
1.98411
0.35667
-1.6543
-1.41451
-0.722426
-2.60259
-5.86901
8.71259
-3.62149
-1.49731
-1.60253
4.9906
-2.11606
7.67878
-1.60505
13.6459
1.85826
4.57838
1.70604
-8.32541
9.39554
-5.26698
1.37187
-4.88485
3.48119
-4.35771
5.52338
3.5631
8.93242
-6.49222
-2.97331
0.929658
-1.49774
-1.87363
10.7112
2.14555
0.730564
-7.07876
-0.741504
-4.65037
-2.91739
-1.82342
2.6269
-5.90896
0.151779
-4.13507
-5.39228
0.196813
-0.0883683
5.58588
-1.66927
4.39721
-3.67084
-3.6614
4.29529
-0.863697
4.62555
-6.61663
3.37662
10.5098
8.87172
4.89052
-5.52252
-4.14639
-2.09879
6.76055
2.61374
-1.41508
-5.38429
-4.86243
-4.99306
-3.34353
3.64315
-4.0728
-9.18925
-2.67312
-2.4606
-1.02466
1.81987
3.18808
-7.23291
-1.71953
5.18617
2.71605
-1.33744
-7.3058
-1.57025
-8.01169
-3.33146
4.60687
11.1964
4.53089
-9.66162
1.42639
-3.75498
11.3884
-8.26276
0.792142
-4.52782
-6.40544
-3.92485
3.81121
-0.0608921
7.78762
6.27631
-1.51831
-3.04086
1.02279
-4.08171
-3.95243
-1.96219
9.20321
9.31962
7.99952
-1.78476
2.39616
-4.33515
0.870849
1.37288
-0.313819
0.181463
-0.118164
3.95496
-4.49303
6.46642
-5.13622
3.73993
-3.5881
-1.77859
-2.67115
6.62873
13.075
-3.61138
9.01486
-0.452267
-8.12958
3.83365
-6.73074
-7.67197
3.47145
-0.360129
1.68448
1.04842
-4.61471
-0.932552
-2.64869
8.26016
-2.08845
-0.0825807
2.68605
4.04524
-6.37447
-2.11641
-6.85342
-0.707586
8.89026
3.50879
-8.13013
2.54504
-4.78073
-2.40331
-4.46777
0.284348
10.3378
-3.66065
4.5432
-6.87204
0.347917
0.664902
-4.38745
9.01923
-0.0690606
3.90232
2.41393
7.95798
8.62225
-6.96055
6.37105
-2.26841
-2.29761
7.75935
1.02541
-4.11236
-3.33506
1.90998
3.91901
-1.74312
-6.4493
11.4425
-0.719669
-5.37468
8.84624
-8.61798
4.08527
10.6121
4.70918
-4.43891
9.90722
3.66923
7.49874
-2.22909
-3.09927
3.13875
2.0449
8.25933
11.6875
1.76112
-2.40806
1.52744
-4.12804
-3.9995
-4.46266
0.665885
7.62432
0.754186
-0.792835
15.009
1.18014
0.849597
5.06336
9.72412
-3.30489
-7.52997
14.7012
-6.1923
-2.76121
-0.20005
-0.0513444
4.60053
7.02247
-4.3838
-2.75421
3.58849
2.30363
3.38172
2.1879
2.2131
-2.28386
2.2506
1.15806
-3.01329
-6.63752
-0.41091
7.00131
1.56161
-3.79094
6.01502
1.19974
1.42103
-7.67981
