-2.92265
-4.84805
-8.32753
3.53838
0.427939
0.671002
8.75332
2.60163
-4.30106
-1.13061
17.1786
1.8526
-5.42311
3.65227
0.525331
8.55041
2.04472
6.10316
-2.80164
9.54333
-0.0746473
12.3795
-1.93706
7.57887
3.68336
-1.31055
5.02435
0.480632
4.16896
-3.55344
5.80955
-1.65794
-10.6504
1.1224
11.5195
-6.62228
-2.9981
-0.846621
3.43429
2.19299
-2.07452
-1.40413
5.08798
-8.7824
-4.30798
0.797718
-0.898716
-2.29527
-4.4431
1.61597
-0.392466
2.83273
4.63947
0.0511488
-0.975291
-5.15378
-1.66734
0.302749
-0.448787
-0.345575
5.03785
0.729045
-7.50118
-7.27838
-4.25838
13.7312
-6.02895
10.2141
0.0647068
-0.82856
-0.413553
2.95901
4.6505
-0.610062
-3.54901
3.24914
-7.8071
-4.03606
5.83133
-1.64892
-6.59369
-3.4485
-2.2403
-4.20057
-5.16463
-11.2823
-6.02705
0.369833
3.46958
-1.33299
-5.35459
-3.66756
2.91579
6.18154
-0.366427
8.11086
4.27248
6.52162
-11.471
7.60188
-15.1631
6.59504
-6.5464
5.9079
-3.23102
-3.39735
-9.6115
0.547487
0.195753
4.99796
4.2028
1.9345
-2.90811
-1.05671
-0.137474
-3.80905
-5.67682
3.32802
2.1708
5.10056
-6.30391
-2.4235
-4.29693
-0.445724
-1.29317
-2.59199
0.941689
0.675903
-0.332883
-2.4907
7.0552
-6.65348
-3.08999
-1.91474
8.04984
-5.21989
8.86253
6.31196
-4.27244
3.8147
7.88177
-6.84716
3.29007
-2.27896
-10.8464
7.17557
7.34945
-6.51789
0.582877
7.62788
-0.114648
0.764444
4.59957
1.62081
0.50095
-2.51692
6.13065
-3.91395
-0.830708
-0.532653
-4.11987
20.5913
-6.40885
-3.75623
2.13951
3.54081
0.953978
-5.92013
-5.4289
7.87246
-6.41723
7.91929
-10.0733
13.298
-1.7114
-6.95054
-2.0941
-0.105359
2.09866
-0.950881
-1.86604
11.4717
-5.61298
3.0218
0.42057
0.478758
9.04965
-1.75178
0.312978
-7.15726
-0.0303995
3.48437
0.0770733
-0.803269
8.9714
-2.75247
5.59402
4.34936
-7.96124
-6.79046
11.8412
1.51742
-7.03991
2.4498
0.854567
1.50207
-3.83854
3.12873
5.58524
4.71047
0.805113
-4.83525
0.0870584
1.95164
9.62228
-5.19611
0.702361
-7.28743
-6.40093
-0.493177
-1.06602
-2.09882
5.07346
0.0914132
0.87635
-6.00192
11.3922
3.1514
-8.31478
13.5131
-8.31768
7.27223
-7.72325
1.14079
4.57618
2.71818
-1.68245
-3.95875
7.59759
5.07181
-6.41818
-4.78862
-3.00103
0.615012
-7.33795
2.54401
-9.58049
2.58799
-4.24011
-0.831128
-6.27071
3.69087
2.2744
-0.505786
-2.38293
-8.6445
