-7.17148
-6.79273
-7.71895
5.75074
6.2114
3.28905
10.1408
-2.38487
-4.17255
-3.07994
13.9041
-3.60199
-4.53283
3.65198
0.181845
1.17046
0.773983
1.67187
-5.66283
10.8532
-1.88414
11.679
0.197254
9.26623
8.20657
-2.01759
3.65974
3.01829
-2.70876
-3.04895
0.0717068
-4.53026
-1.84805
5.97553
6.97434
-8.15736
-3.2861
-1.59435
1.62092
3.746
0.489087
4.18707
2.96869
-8.72026
-2.71967
-3.27139
-2.01045
-5.48251
-6.13316
3.18854
-0.269403
-8.36664
0.498329
-1.06574
-3.87007
-4.50935
-2.57416
1.3691
-8.04634
-5.06869
4.20825
0.779951
-6.9704
-7.76786
0.279955
14.3768
2.34776
3.79998
-3.7461
-2.00356
-1.4246
-3.68326
2.525
6.24406
-7.72318
-1.98331
-9.52318
-8.54826
3.08831
1.12485
-6.17065
-3.49328
-2.90327
-1.32879
-2.50885
-4.55554
-9.18051
2.0126
1.16653
1.24604
-3.8326
-9.91775
-0.718746
1.08393
-1.5611
4.54335
6.17714
3.616
-9.6653
5.41524
-11.6615
10.4562
-2.43899
0.109345
-3.63284
-3.30753
-10.5407
-1.02976
-2.75441
4.76687
4.66251
-1.57668
-5.73842
2.9667
-10.1939
-5.24111
-2.96711
8.41397
4.49262
7.74177
-4.47445
3.53345
-6.93866
2.26181
4.01439
4.48019
-1.53009
0.297299
-2.06476
-2.97798
9.26878
-6.96599
-0.042922
-5.74784
5.31061
-3.26087
9.64101
7.94099
-5.02686
2.14711
1.79288
-8.923
0.47392
-6.39044
-11.5184
5.12934
7.79269
-4.38191
-0.243349
2.19338
-1.68562
-5.09524
6.70493
-2.83108
0.830034
1.60202
13.8117
-3.43986
1.71314
-7.93611
0.0606334
17.1479
1.59978
-8.65013
-1.01991
-3.58849
0.654393
-7.86362
-2.45664
8.41586
-5.52183
2.22657
-13.4573
15.242
-2.09263
-2.90419
2.81916
0.688523
1.48118
2.22064
-3.38428
3.7489
-3.33743
4.10737
-1.70906
-1.5514
6.61271
-1.83891
4.6455
-8.97669
2.91649
7.324
3.40995
-3.80686
9.13909
-7.53951
8.5664
2.90243
-8.09724
-1.69994
10.2401
-4.54579
-5.18427
5.12635
0.660589
11.6384
-7.9183
6.1022
2.49768
-1.28075
1.82341
-1.93073
3.61666
2.27757
4.14487
-7.64124
-2.05129
-7.68405
-5.02219
1.98991
1.12229
-5.44088
11.7019
-3.65071
-4.3942
-1.16688
12.5314
0.290066
-4.94664
14.4877
-7.66792
4.93208
-2.30509
-2.47517
2.39477
6.29545
-5.43726
-3.35837
6.1824
7.76086
1.52529
-4.44244
-1.00981
1.37909
-0.0592194
0.436811
-7.92116
0.353179
2.72693
-1.69389
-2.02781
-0.230139
5.08039
-3.83299
1.42784
-6.42805
