-4.7387
-4.20217
-6.5867
7.50133
2.38514
-0.418436
13.4445
-4.29723
3.99424
2.62648
15.5175
2.61608
-6.56943
6.36214
-3.65982
1.55287
-0.702023
1.28455
-2.82961
13.7954
-0.953698
1.73176
-4.04274
5.75784
9.79716
-2.21191
4.3597
-4.18735
-1.72306
-4.25935
5.85075
-2.75345
-8.56279
0.330694
6.91386
-4.16432
-3.77909
-4.96601
3.66425
9.3366
-2.11701
0.102405
1.15005
-7.73455
-1.64297
-4.92915
-0.104689
-7.44847
-5.62392
4.20886
-6.04602
-5.86899
2.74479
-3.26087
-10.0323
5.4226
3.46716
-1.27824
-3.48908
-3.1767
3.76702
3.27181
-5.92587
-12.1631
1.73167
11.8662
-0.573212
4.41343
-0.928667
0.66575
-1.44998
-3.31266
-0.921294
0.182877
-4.50477
2.71944
-12.3326
-3.58185
3.14272
-1.1538
-4.46295
-0.539684
-7.41802
-6.53496
-8.2
-1.55115
-5.15947
-2.86922
0.29934
0.677388
-7.62978
-4.1668
6.95811
4.37677
1.37969
6.74842
1.34448
7.28644
-12.2784
9.21407
-11.2395
9.27556
-9.37429
4.44265
-2.05584
-5.51293
-7.33728
-0.352052
6.75897
8.25199
1.90668
3.01934
4.55633
-3.84015
-1.60582
-2.17871
-5.43144
7.00263
4.15664
5.88022
0.781634
-0.268778
-1.31184
1.39486
-2.6764
-3.34635
-6.15693
-1.59465
1.6176
6.79148
4.87527
-7.56414
-0.223757
-8.53165
-0.908186
-4.45661
9.25548
0.683643
-3.50584
1.53437
-0.117236
-7.21042
-1.84996
-6.94632
-5.16059
11.1191
7.63186
-3.08086
3.19744
4.64817
-5.66003
-0.574076
4.31023
2.57002
-3.05681
-5.89457
-2.29021
-2.24542
-1.282
-2.13848
-5.4471
12.0795
-4.02792
-4.1937
9.43645
-1.5648
5.77184
-9.37015
-7.74224
6.10696
-4.56193
2.90303
-5.02211
7.69597
-4.33383
-4.65962
-5.62088
-0.760325
-0.680745
0.407656
-5.49944
7.92911
-5.12817
1.73174
6.64278
-2.22336
9.16885
-2.68826
1.0312
-5.84499
1.82329
8.16973
0.101484
-1.15317
6.21517
-0.15354
7.77871
3.66233
-9.2401
-4.98064
10.2395
1.86229
-6.52724
-2.7851
-1.07051
1.89276
-3.4954
-0.575569
7.02205
-1.59875
-6.98059
-6.59297
2.87543
-0.969801
4.77445
-4.04193
4.39119
-9.62174
-5.91017
-7.94034
-3.09025
-2.29788
7.62539
0.261529
-3.36157
-7.51658
9.59314
6.55019
-3.29244
6.89947
-6.53107
10.4231
1.74568
-8.66674
4.33776
6.08029
-4.55091
-3.71021
8.33362
-4.0569
-1.4943
1.81512
-2.65537
-0.66503
-3.61574
3.4574
-9.017
-5.0654
-3.36006
-2.81493
-4.41266
-1.4874
1.35975
-5.33403
2.73032
-7.83407
