-1.91373
-11.6011
-5.78798
3.85724
-2.74826
3.62663
4.51443
-4.56294
1.22637
-2.24474
8.83637
-0.234652
-6.37344
1.05568
-1.24292
4.87769
-0.883159
5.05582
-1.442
7.11172
0.48276
11.5957
-1.25715
6.7608
6.25152
-2.64882
2.63767
-4.67666
1.69684
4.88496
3.33878
-0.00657415
3.40617
-5.31884
13.5545
-8.74452
0.127362
2.26275
2.78298
2.40705
0.861936
2.57593
0.354646
-8.10872
8.81734
-6.707
4.03517
-4.63372
-2.38032
-2.53956
-1.93779
-7.78991
-0.347899
-2.39521
0.119488
1.40376
-6.37864
5.53317
-3.49232
-4.1571
2.98372
-1.70525
0.115455
-4.15001
3.98167
8.81331
2.61427
0.84245
-3.38656
-2.41173
-0.681449
3.19666
1.09622
-0.993189
-7.35318
4.43658
-3.72867
1.20653
-0.796762
-5.92661
-3.23638
-2.68785
-2.63572
-4.73843
2.74129
-5.05304
-2.91736
0.127618
3.99369
-0.7636
3.9877
-3.25225
-1.62694
-2.1419
-5.52497
7.99691
7.8148
3.58467
-9.83447
2.90272
-2.89054
5.65832
-6.17952
-2.40519
-4.09006
-7.74433
-9.74218
0.982498
-0.00475866
6.70854
-3.47805
-7.06827
-0.314665
1.49216
-0.708625
-0.81829
-1.75853
6.71239
13.8469
2.89643
-7.71829
3.1157
-4.51315
-2.78768
-2.51267
2.00737
-1.18084
2.72044
-4.84376
3.10826
7.49432
-3.78745
6.57168
-1.445
-3.22385
-2.27532
8.34789
5.23751
-4.69755
-0.914351
-3.90196
-9.85229
1.67918
-0.56313
-9.67905
6.37098
7.10631
0.227507
-2.90295
-4.51267
5.56876
-3.45041
8.12358
-2.34669
3.75971
1.75816
3.66136
-5.86785
-2.41446
5.54923
-2.28951
9.75252
5.01166
-6.89001
0.977745
-1.36907
3.20639
-4.35632
-4.76236
10.4028
-6.55129
2.14346
-11.8048
-0.180326
3.82443
-5.61811
3.92016
-1.093
8.84869
1.73361
1.21655
5.25184
-5.65754
5.87163
-1.53102
0.261924
1.16929
-3.47238
2.12347
-3.50536
0.853612
7.98995
-2.39201
-6.28894
9.53174
-3.19291
5.00012
5.78949
-8.75064
-4.91555
7.98396
0.151196
-9.65034
3.60777
-0.0325878
14.9826
-2.17137
-4.20149
3.45813
-2.23852
2.53066
9.08469
3.98369
-3.41106
5.9907
-7.9647
-1.83393
-3.2338
1.6165
-2.07078
5.91349
-3.11856
7.30997
3.09315
-2.46701
-5.32218
14.4508
-1.30194
-1.95248
12.8581
-8.47374
-4.67127
-3.52671
0.628089
8.54438
1.62448
-1.43887
-3.50466
3.65446
7.02351
-4.2092
4.01797
2.70727
-3.42129
3.98192
1.22818
-4.05616
-4.75296
-0.979265
-2.67012
-1.10965
0.595492
12.0594
2.22212
2.68287
-6.38186
