-0.552901
-4.17674
-7.6112
-0.285083
2.27392
0.312051
5.68422
0.286553
-0.236931
3.19023
15.7979
-2.34232
-6.18415
1.21979
2.31466
3.07448
4.18331
4.86512
-2.69979
7.62838
2.64636
13.9326
7.27607
6.31043
3.77039
-2.2322
1.46333
-0.622016
-6.00177
-0.550865
-0.195147
0.310566
-0.648913
2.33284
5.9405
-2.1548
0.189115
5.91282
3.41905
1.66162
-3.47975
5.64571
-1.43709
-5.88013
-0.53012
-5.61981
1.41182
-6.19722
-0.632905
2.37528
-0.669271
-3.01277
-1.06201
-5.14473
-3.49228
1.31001
-5.66121
1.28743
-4.68217
0.297219
3.05445
0.585716
-0.192973
-6.18915
-2.21546
14.0826
0.127088
3.41925
-1.3398
-1.72479
4.26494
-0.81007
-1.17585
0.891145
-4.72186
0.629745
-7.39574
-1.02292
5.44165
2.87715
-8.6359
-1.72839
-0.834895
-2.00997
-0.179066
-2.10728
-5.52664
-0.103239
2.49283
2.4262
-2.06321
-3.27841
4.21354
-2.65379
-2.98229
2.45372
-0.291884
6.37659
-8.11541
4.58884
-12.9774
12.2566
-0.332318
-0.746688
0.379098
-5.42285
-7.08334
0.34837
1.58166
-2.10306
0.340841
-8.65263
1.60637
2.21932
-6.42467
-3.78575
-4.3561
3.12799
1.53767
7.37566
-3.68771
0.059073
-4.96764
7.51183
0.377665
4.35404
2.47119
0.239864
-0.572963
-2.77339
2.49085
-6.92217
5.76651
-3.40148
7.64275
-3.48919
7.5202
0.39549
-3.83576
-5.73846
3.71494
-6.75771
3.26603
-2.60322
-4.36507
0.265289
7.38272
-3.21177
-0.594741
3.65278
3.15242
-2.56548
12.9952
-3.55503
-4.25622
2.32656
4.55547
1.50087
2.08752
-1.13299
-2.32033
10.7714
1.64621
-3.82154
1.95043
0.166821
4.31929
-5.90801
-4.90578
9.34362
-3.34014
3.72446
-10.4011
7.99784
-3.24604
2.42445
0.30276
2.81989
-1.07065
5.63266
-2.16104
1.21515
-4.69025
2.80655
-1.21351
2.27362
4.1237
0.148055
3.2852
-4.95411
3.15658
8.63268
2.58001
3.44526
12.6343
-5.76682
0.928856
4.38975
-5.29269
-2.26545
7.2271
2.66381
-2.65085
5.95646
3.07736
3.84566
-4.62601
4.98622
5.13297
-0.86144
-0.866076
-3.66838
5.90882
-4.78734
0.390545
-0.479806
-5.98218
-0.651932
-7.50805
-4.41688
2.60555
-5.75898
1.05623
1.01992
-3.86015
-3.89202
14.6342
2.36203
-6.39166
8.29851
-4.43806
3.18802
-1.00045
-3.48074
4.38261
3.06267
-0.713028
-5.97589
7.35694
4.43935
1.67851
-2.49825
2.81229
0.687202
-1.73395
4.33307
-6.89515
-5.11943
-1.39913
1.28353
1.70301
-1.4348
7.79138
0.132632
2.14753
-6.14206
