2.92542
-5.97608
-7.28573
2.14466
1.23531
5.34773
4.37335
-1.11589
1.04893
-3.95347
6.32838
0.282555
-1.88667
4.58572
-0.294182
-2.0775
-1.46393
0.237825
-0.217929
9.99357
-0.644248
10.6194
4.79247
6.22505
5.74898
-4.28879
0.136489
-5.93756
0.821539
-1.56705
4.04583
-2.82507
2.82202
0.790009
9.87823
-9.26557
4.46374
2.03065
3.37274
-0.685725
0.155432
0.735832
-0.611963
-5.47697
0.836587
-1.59152
-6.2627
-1.56564
0.308628
-1.64809
-0.542767
-2.92042
-6.20594
0.41422
-2.09605
3.5783
-6.2076
6.23047
-5.57229
-6.56638
0.566387
-1.06872
-1.68033
-7.71202
6.66478
3.39613
8.41522
-0.627022
-2.54495
-3.80863
0.311106
-4.15233
-2.33871
-3.97674
-6.69011
1.84788
-3.15579
0.377504
2.09144
-2.74731
0.26202
-1.33198
-2.69619
-3.84699
2.65875
1.52103
-7.07358
1.47022
2.29434
-0.086708
-2.99217
-3.91504
1.13782
0.321733
-1.0357
4.17127
5.92065
3.32213
-6.60196
1.32241
-6.54978
8.15183
-2.44333
-1.86354
1.82099
-3.14904
-5.76573
1.46733
1.11283
4.7339
1.04787
-7.6134
1.69579
-0.445148
-4.64755
-3.702
-1.9022
7.17207
4.36077
11.6023
-7.57217
-0.0218102
-5.80629
2.32383
-1.06284
1.39706
0.362206
4.01355
1.31342
7.13352
2.51971
-4.37738
1.48139
-2.30769
0.233167
-2.82062
8.82002
9.7234
0.318682
6.88538
-2.82075
-5.46447
5.44389
-6.73066
-2.10417
5.71073
7.31087
-1.11549
-0.301566
-1.72456
-1.70598
-9.24507
10.9426
-3.59962
2.35814
0.755558
6.5038
-1.64287
1.26685
-1.96283
1.21933
5.74095
4.1635
-6.16095
-1.84916
-1.42378
4.19695
-3.69619
-4.62524
11.7683
-7.60468
-1.31889
-10.8721
8.21844
-1.33826
-1.15042
3.18856
0.0703154
6.44435
4.27123
-3.42164
-0.29031
-3.22916
2.16711
-3.37023
3.01768
0.821576
-2.38479
-0.857427
-5.45369
2.38206
8.14233
-3.70944
-4.9875
9.74218
-4.97304
3.73838
4.95244
-7.85257
2.9855
9.10511
0.391022
-2.29399
6.68785
-0.56481
12.9046
-3.64174
-2.82338
2.80183
-0.86707
1.2326
7.82485
0.875133
-6.60723
1.10083
-4.99199
-5.98834
0.464788
-4.27494
-1.36478
2.32841
1.29372
8.11187
1.75668
0.386625
-3.86793
10.3564
-4.3214
-6.98367
10.604
-4.4117
-1.42952
0.158076
-4.35545
4.50321
5.53554
-4.93965
-5.19147
4.87771
4.58281
4.42611
-1.2448
2.89008
-0.0611896
3.34963
1.72367
-5.74777
-7.20274
4.38349
0.044838
-0.637551
0.467042
11.1707
2.67479
3.5392
-3.78562
