3.48495
-2.21681
-2.13676
1.61659
-2.19233
5.13006
2.2481
-0.746614
1.71928
-7.2126
2.00512
-4.33265
-7.96748
2.20045
-6.1462
-1.60726
-2.90688
0.0368084
0.93768
8.65505
-6.92318
9.2777
7.571
6.54848
0.970865
1.50853
-2.36186
-2.43807
5.13963
2.2945
3.15172
-3.04095
6.48222
-3.58084
2.19647
-3.8594
4.54079
1.09409
4.31853
2.88556
0.621031
3.40568
-0.0658597
0.0931433
7.93036
-6.50933
-2.26636
4.29365
-2.00557
0.589142
1.58616
-2.39408
-2.15
2.60561
0.218886
-3.07888
-3.58604
1.44595
-5.21919
-6.78423
4.46032
-2.21821
-5.19299
-5.55719
3.63181
2.78
6.01732
4.83177
-10.1263
-1.94943
-1.9771
2.8526
-4.00759
-1.70395
-6.54151
2.42299
-2.41415
5.56136
0.606168
-9.0102
-4.91043
4.47206
1.29734
-4.86634
-2.51051
-5.32413
-5.58932
-2.49537
-2.78115
4.57556
0.395303
-2.8923
-0.695411
-1.2258
-4.9076
-1.83363
-1.02097
1.93276
-7.77224
-2.73174
-6.08362
12.356
-7.67902
-2.85606
-2.13189
-4.70567
-6.74099
1.44856
3.3415
5.59288
-4.04433
-6.86736
-2.46503
2.94322
0.358182
3.4408
-3.15513
9.11711
8.7826
-2.04402
-2.00367
9.64795
-1.62922
2.57524
-3.18255
6.02906
-3.18828
6.80345
-4.82274
0.452044
2.92728
-0.418022
-0.778265
-2.01681
-4.55349
-3.70022
1.8171
4.4469
-6.94162
0.693575
-2.90774
-6.70769
7.65736
-8.87978
-2.45074
-0.294425
0.848625
8.30008
5.52309
-5.68883
0.0856755
-3.1075
7.26944
-0.701755
-0.244407
3.46219
-2.13442
-3.25997
2.23638
0.371633
-5.78736
5.875
-0.719569
-0.597284
6.21491
-4.32314
1.70594
-3.26749
-4.36521
12.3402
2.279
-3.3822
-7.47138
0.934606
-3.64034
-6.96487
0.791575
1.01207
5.4116
-4.34274
0.995328
2.14066
1.92939
2.55902
6.42639
1.21017
-1.47289
-3.62695
-3.42314
0.107406
1.03597
6.28953
0.585918
-1.18461
7.56772
-3.18535
0.849221
2.27145
-4.38569
2.63892
6.6856
-1.58721
-2.45815
3.39788
-3.94045
5.61258
-5.73769
-8.39572
2.05079
1.94001
5.84205
-0.183887
8.39277
-5.17112
-5.2096
-0.332043
0.275551
-4.87521
-2.36165
0.829234
0.259471
0.251255
7.61629
-2.25578
-0.478674
-0.316996
6.91968
-0.649794
-6.75428
5.77229
-8.0374
-1.74855
-2.33692
-0.444807
5.18055
5.94807
-2.01764
-2.33778
1.07916
1.65164
8.07372
1.48598
-0.626778
5.08095
0.331761
-1.72013
4.10325
-5.59241
4.8257
3.86324
-1.36141
-2.40501
6.58786
0.618786
-0.144011
-3.33272
