-1.07094
-9.2058
-3.42238
-0.727294
0.558025
2.35345
-1.20531
-3.81286
4.44369
-6.27051
0.680157
0.80308
-5.12235
3.49123
-1.22245
-1.43278
-2.41166
-4.04615
-1.5712
7.61242
-1.93352
4.683
8.27534
6.41803
4.96997
1.29438
2.15316
2.35939
3.10025
-0.415531
0.929719
3.02039
-2.07787
-4.25156
3.7323
-0.139296
-3.63549
6.90666
5.5355
9.67988
-3.4977
1.6412
-0.479273
1.26495
10.4376
-3.00483
-0.165416
-4.07143
-7.44834
1.50851
-1.55621
-4.5453
-3.89628
-0.385502
-1.33767
-2.49224
-4.15331
3.91698
-2.21058
-5.4891
-0.136478
0.871426
-1.01039
-3.39507
1.19805
6.10575
4.84167
7.6755
-6.39495
-1.07785
-3.09691
3.73167
1.01045
4.50851
-5.31511
6.23416
-4.64195
8.53055
-0.645795
-3.15517
-2.15943
1.42237
0.661825
-3.52038
-2.89615
-7.52823
-5.23017
-1.43249
1.01622
-1.26809
-3.6769
-0.52343
3.60694
-2.42614
-1.54074
3.23279
-3.27439
2.78141
-5.32226
-2.80787
-3.32942
10.4805
-7.62006
1.71435
-1.3567
-4.92822
-3.82095
4.37953
6.84203
-5.63774
-5.71219
-5.56605
0.481769
1.9852
-6.03286
3.28057
-2.27655
6.70676
10.6484
1.01981
0.136309
3.6733
3.49077
-2.7013
-6.04472
1.32903
-2.27116
3.65031
0.970611
2.87872
4.54943
-5.59074
2.31755
1.31755
-4.3908
-2.80055
3.47923
-3.90176
-6.08204
-2.49737
1.23795
-8.3879
3.86332
-7.11716
-0.841573
2.69041
4.98948
-0.0985041
4.65836
-4.8961
-4.51782
-1.91647
2.58644
-3.2355
1.11189
0.617999
-0.529237
-2.03469
5.01413
-2.1598
-6.27776
7.78878
3.28136
-0.299436
1.40404
-2.06169
6.43849
-5.9162
-4.1853
9.55745
-5.9044
-2.86187
-3.18584
1.05693
-2.21026
-7.88307
-4.09231
-3.54954
4.32133
-7.50806
-2.38461
1.45132
-1.2716
-1.37048
3.05343
-5.23005
0.934213
-0.590644
-1.71108
-4.82594
2.09681
-0.760984
1.44129
-2.28452
8.85217
-4.2242
5.35085
3.08541
-5.72206
-1.2558
7.56132
-0.148116
-7.71703
-0.823171
-1.91282
3.79063
-3.86146
-5.22986
4.43585
-2.34877
-2.22524
-0.903308
4.37125
-7.93859
1.34276
-0.933253
-3.37808
-4.85346
2.01933
-5.21614
0.3966
-1.26614
0.691496
2.33748
-2.82358
-1.51181
8.41982
2.71872
-3.17381
7.60082
-8.11622
-0.64041
1.32436
0.758387
4.33608
4.68936
0.556122
-0.579368
2.8664
3.53704
6.9666
0.676229
1.2205
0.286252
3.20172
0.851381
-3.79981
-1.57899
1.39419
-0.0179341
3.72661
-1.00704
4.84827
-0.703474
-2.71281
-2.30707
