1.96546
-5.97003
-6.21707
2.42213
-3.24479
1.60378
1.47971
-3.88903
2.74767
-5.82822
4.45396
-3.94787
-5.3785
4.32001
-0.705124
-0.636471
-2.00749
-0.569146
0.251302
10.1512
-1.95937
-0.810562
5.76563
6.83493
6.87184
-4.56428
1.90539
-2.56793
1.83325
1.91942
1.30771
2.25531
1.1804
1.00664
-0.301994
-2.59695
1.42904
0.953062
3.92275
2.81286
0.704677
0.0241983
-2.99283
-2.32063
6.5882
0.316728
-1.67803
-2.27186
-1.83776
7.32316
2.78521
-3.63213
-0.221767
3.16179
-4.08122
-1.06311
-0.6514
3.35691
-3.48744
-4.6332
-2.19443
-1.57236
-0.126535
-4.842
2.11386
1.52204
2.76225
4.46303
-3.03114
-2.83088
1.09456
1.80619
-0.35886
2.10725
-7.60079
6.42143
1.57277
2.07987
4.13639
-1.86124
-6.16724
4.84103
0.346435
-1.36394
-5.26818
-6.04843
-2.77564
0.713995
-2.86204
-0.00339919
-3.66092
-3.49387
-1.36647
6.968
1.61739
0.946167
5.85363
3.30277
-6.16803
3.72478
-5.43876
5.61709
-2.52463
-0.771281
0.164506
-5.38252
-6.57074
-4.48655
4.62607
2.94803
-1.9858
-5.19141
-2.36514
-0.295539
-5.58041
3.65573
-0.455626
5.82915
5.40451
0.505024
-4.4933
-1.67057
-1.71072
2.24553
-3.96353
4.36618
-4.38857
2.38411
-2.31896
3.44114
6.50014
-1.19446
6.5997
-5.40604
-2.76522
-3.87656
1.40041
-0.177455
-4.97739
-6.57055
3.49054
-6.56122
-1.94533
-5.4672
-1.90203
-0.918267
5.80685
3.11984
4.77223
-3.61506
-1.12389
-4.51335
6.04813
-2.13107
0.060636
-4.64597
0.0284277
-1.29625
1.77098
-2.63079
-4.08052
4.39142
2.29595
-3.49375
0.0275843
0.514766
4.23992
-5.39446
-3.45678
12.4892
0.3597
-5.4303
-5.52635
8.41091
-2.84773
-3.20926
1.7697
-0.432899
5.05334
-8.69742
-5.04297
3.31246
-3.72211
4.27819
2.81986
-0.705827
-0.0592023
-3.40236
-1.06354
-3.73961
5.98592
6.85881
-2.66651
0.641977
9.53286
-1.01173
3.2328
2.7354
-1.10608
1.24233
2.43246
-4.41885
-3.13006
3.26625
-2.43524
6.0403
0.330959
-1.80189
2.5255
-2.20484
-3.48895
0.911557
5.64157
-2.66625
0.625621
-1.12583
-2.93415
-1.38161
-3.85594
-1.59742
0.231281
2.89465
0.460858
0.0932659
1.47703
-3.3201
4.76516
0.348282
-5.93831
1.22712
-6.31663
-0.593866
-2.70342
1.72558
5.75489
3.53293
-2.4195
-1.82471
-0.720382
1.34262
8.19459
7.04437
4.3924
-2.23295
0.772909
2.46903
-0.273934
-3.22346
4.57272
-0.974423
1.79449
-3.59353
5.12086
-1.88581
-3.57659
-1.64859
