-2.10048
-3.598
-5.40826
-0.788634
-4.89774
4.83376
5.46085
-4.15326
1.17262
-5.52995
0.951591
-4.24875
-8.47448
4.19042
-5.927
-0.984247
-2.44964
-0.22781
2.58056
5.96755
-3.70036
8.63099
7.48038
8.25713
3.2836
0.36626
-3.67645
-4.61022
6.56711
1.98771
0.903052
-2.03361
7.14466
-5.96026
2.18804
-3.62823
1.22109
1.66548
3.20896
7.4523
-0.463357
2.59966
0.179328
-3.83161
8.41551
-4.23519
-2.37501
3.2362
-0.111796
-3.56504
5.45764
-3.13207
-1.86765
3.69489
1.39178
-3.14719
-5.54739
3.06756
-8.34355
-5.67331
2.34023
-3.32182
-5.02839
-4.04027
3.31869
2.66483
4.64887
5.39469
-9.953
-5.74297
-5.43954
2.55921
-1.94458
-0.947254
-6.55339
1.26393
-2.56396
7.4452
0.964715
-10.5352
-6.41963
0.737605
4.35318
-2.20951
-1.20858
-4.38906
-7.98793
-2.82444
-3.3489
-0.517284
2.15469
-2.90984
0.680016
-1.60178
-5.34956
0.346828
-0.0457023
3.12145
-5.53985
-2.99139
-5.00017
10.1421
-7.70674
-4.54082
0.123636
-8.17554
-4.7421
2.47785
4.45274
3.50282
-3.71115
-6.9437
-2.9028
2.54839
-3.4779
4.7459
-2.97707
3.87973
8.69987
-1.41747
-2.7368
12.4171
-2.76429
1.71267
-3.36815
1.6467
-1.11329
3.58156
-6.0191
-1.18414
2.53096
-0.595062
0.65584
-1.73307
-2.64306
-6.19143
2.90387
5.04125
-5.06518
1.87111
-3.19654
-8.15086
4.21729
-9.58868
-5.22365
-1.17507
-1.5444
7.18278
2.61432
-6.90565
-3.59126
-2.23759
4.8054
-2.56717
-1.37095
-0.208622
-2.01431
-5.16978
0.509047
1.31503
-6.38831
6.02913
1.23719
-3.63397
6.97308
-6.8179
3.1494
-6.15498
-2.12455
11.9239
-0.850684
-3.42411
-6.63812
-3.33272
1.82919
-6.80234
5.99003
0.601689
3.2657
-4.42522
8.79463
1.47995
-1.31904
5.76941
3.9236
-2.00277
-4.20531
-1.69338
-2.22303
-0.263962
0.955793
4.20439
-0.0177382
-0.649728
6.79133
-6.36692
-1.57924
2.9898
-5.6427
-1.79868
4.37877
0.0189193
-3.51428
6.45423
-3.60684
1.95574
-2.01713
-5.18939
0.364155
0.86292
3.06434
-2.0203
8.82284
-2.48187
-3.87596
-0.983583
0.218713
-5.62197
-2.64581
-1.24261
0.455443
0.698564
7.69473
-2.50459
-1.25311
-4.34025
6.30768
-0.609008
-7.68424
1.46561
-6.27619
-2.20951
-1.5388
-1.77138
3.28823
8.65846
-0.371293
-2.30508
-2.84392
4.85433
3.22255
2.86718
1.71744
1.34065
-1.46873
-1.59831
1.35701
-3.68152
5.31149
5.2835
-0.56176
-4.49379
8.56402
-1.41096
-2.14711
-7.7999
