-1.1647
-7.98344
-0.983655
-0.745101
1.35898
3.0242
-3.17554
-3.81226
5.94434
-5.715
-0.60372
1.12851
-6.85674
5.17042
-0.168832
-1.70512
-4.9385
-4.35826
-0.555161
8.01436
-6.18371
3.73132
7.78229
5.63841
4.17878
-0.644098
2.4796
4.70114
0.802235
-0.803474
0.115374
1.35745
-3.03503
-2.50139
2.3706
-1.39701
-3.90998
5.9724
4.08132
9.27021
-2.13829
2.51753
0.611303
0.548708
10.8351
-3.50059
-1.34872
-3.96667
-10.0557
1.80153
-1.43338
-5.18936
-3.89348
1.47107
-1.78464
-2.96628
0.679847
4.09519
-3.21338
-10.0963
-0.700919
3.99827
-3.17875
-3.77946
1.08065
6.78157
5.88559
7.17133
-6.87379
0.816047
-5.12991
4.00497
-0.838109
2.19064
-4.21912
6.56335
-4.6029
7.62495
-3.32996
-2.9646
-4.57513
4.31663
1.599
-3.49035
-3.68701
-5.48544
-5.0642
-0.0559156
-1.97862
0.305715
-2.5682
-1.92339
1.06921
-2.28621
-1.32349
3.84835
-3.30197
1.53517
-3.14369
-2.96046
0.664397
11.711
-7.06633
0.616834
-2.24609
-3.14599
-1.79661
2.9335
9.2858
-2.68781
-2.89466
-5.09572
3.68467
3.18216
-4.6472
6.28479
-2.25958
8.42786
13.6552
1.39809
-0.384065
9.63736
4.39
-1.34981
-5.75923
2.24693
-3.90167
1.34503
0.657311
3.18977
4.69828
-6.43141
1.14974
4.10441
-3.52415
-0.928445
-0.00973368
-6.15775
-6.13218
-0.929499
0.29147
-5.9359
2.66524
-7.23323
-1.62258
3.04511
4.07298
0.831566
4.45003
-6.3909
-3.0174
0.0125983
3.18815
-1.80864
0.438123
4.15377
-1.5691
-3.61999
7.70842
-0.896411
-5.84571
9.23691
5.0432
-1.65418
1.62459
-3.86176
5.392
-6.14436
-4.32375
7.87833
-5.88476
-0.0790824
-2.94834
0.80184
-6.94629
-8.21419
-3.39339
-2.91159
4.10021
-7.41724
-5.32578
3.36273
1.45177
-1.40282
4.339
-3.90499
0.737601
-0.957196
-2.68959
-7.01517
4.08754
1.44571
2.25275
-1.40143
9.77866
-6.19251
5.73203
-0.865038
-4.22143
-4.23338
6.39589
-1.61423
-10.5386
-0.694386
-3.76002
4.47449
-4.23897
-4.71097
4.67453
-3.30896
-0.247207
-1.02162
7.28577
-4.62486
3.40626
-0.391964
-1.74054
-7.55941
5.06746
-1.80744
1.63634
-1.87583
0.701405
1.57647
-2.36394
-1.63344
6.56351
0.589327
-1.6673
7.1505
-9.40344
-2.94536
0.451368
0.173486
4.47377
4.5519
-0.842674
-3.84573
0.211164
7.04109
7.37854
0.16822
2.55178
-0.234526
1.81041
0.89288
0.106221
-0.23152
0.34082
0.158496
5.37204
2.04166
5.57509
0.00483101
-2.15401
1.23411
