2.78721
-6.04475
-6.16033
2.49897
-4.17219
1.48756
1.32383
-3.85527
2.80516
-6.94828
5.72668
-3.16103
-5.79355
5.69571
-0.707589
-1.48606
-0.553802
-1.34749
0.0438716
11.0645
-2.07954
-1.13637
5.92549
6.62501
8.40426
-5.59883
2.87497
-3.86822
1.13328
2.31023
1.20427
2.87457
2.09592
2.28819
1.43577
-3.28475
2.68491
0.945289
4.6511
2.57189
1.10036
0.42496
-1.61731
-2.62506
8.10451
0.035934
-1.20095
-1.62068
-1.87753
7.6464
3.43546
-4.20679
0.24274
3.67823
-3.25792
0.497418
-1.64976
1.84188
-4.05563
-3.661
-1.62911
-0.468382
-0.185536
-5.29604
1.63693
1.69972
4.13503
4.154
-3.51615
-2.10608
2.33055
1.29823
-1.14883
1.25641
-7.60078
5.62356
0.618973
1.89959
2.43239
-3.26758
-6.65303
5.57688
0.752278
-1.72635
-4.88567
-5.55646
-0.995651
1.05571
-1.82428
-0.795637
-4.28425
-2.78997
0.0408477
7.0525
2.16668
1.66874
6.517
3.89393
-6.56568
4.49544
-6.56503
7.25203
-3.13101
1.66005
-1.42373
-4.90121
-7.4603
-3.72712
4.98896
4.2924
-2.79205
-4.69284
-1.82153
0.613306
-5.91516
3.7282
-0.422966
6.4425
7.99084
0.970933
-5.46318
0.472954
-2.16431
2.47415
-4.45453
4.80935
-6.1499
3.19168
-3.01583
4.22145
4.95032
-0.883531
6.71697
-4.81422
-1.65594
-4.90975
1.09083
0.0604431
-6.60639
-5.08057
2.07767
-6.63365
-1.37595
-3.68162
-2.82937
1.05683
6.54545
3.54982
5.42663
-2.8021
-0.276063
-5.26035
6.09464
-2.91728
0.0741142
-4.87542
-0.0485766
-1.92789
1.73532
-1.94489
-3.95129
3.1787
2.23272
-4.80905
1.11572
0.344088
3.98688
-5.55792
-2.28557
13.7312
0.118657
-5.82978
-5.81846
7.47938
-3.10604
-1.58287
1.95057
-0.611277
6.17832
-9.50001
-4.10278
3.00284
-4.16392
3.90044
2.60785
-0.843019
-0.535132
-3.5898
-1.85078
-4.4661
6.15114
5.99235
-3.3877
-0.0402373
10.8155
-0.270354
2.51553
2.57071
-2.33766
1.43217
1.30459
-4.47309
-2.11844
3.57021
-1.97157
5.10685
0.388105
-2.2914
2.69981
-1.44715
-2.64833
1.08633
5.55743
-2.20231
0.348064
-0.0991799
-2.75923
-0.683738
-2.25631
0.55063
0.834478
2.65276
1.52372
1.21812
0.817113
-4.72007
4.49838
0.555483
-6.0648
2.74277
-7.78871
0.290413
-3.06191
2.48827
5.9491
4.14789
-3.74571
-2.71889
-0.170587
1.19566
9.5179
6.98128
2.24537
-0.338517
1.57802
1.89278
-1.06712
-5.10364
5.82191
-0.772721
1.82579
-4.3158
6.72866
-0.65602
-2.96903
-3.50809
