0.970459
-6.13822
-6.51277
-0.162401
-2.93599
3.52797
8.56844
-3.89038
-0.176476
-4.13497
5.86318
-0.728764
-10.6106
5.09504
-3.48223
1.18899
-4.329
11.8668
-1.37892
12.0454
-4.55624
11.3667
5.11603
7.00118
7.39812
2.43131
0.59223
-1.58453
7.96491
-0.806388
8.54477
-1.39741
4.33557
-5.43887
10.4892
-4.98897
2.10115
-1.58566
2.95833
4.35659
-4.80695
-0.230456
-5.12589
-5.3212
10.468
-3.2462
-2.10658
-0.239362
1.13494
4.5989
4.4145
-3.20249
-2.88053
7.39269
4.91013
-0.828004
-3.66793
4.49188
-9.96986
-8.91547
1.06061
1.04971
-7.56959
-3.78425
-0.171008
9.62037
2.74615
3.24022
-11.3218
-2.68495
-1.0872
2.64551
3.16436
1.93235
-6.67703
-0.165853
-0.00838922
2.85711
-0.389297
-9.90042
-5.82677
1.17683
3.43186
-2.26647
-5.44739
-6.1625
-9.10904
-1.06056
-2.7432
-0.37354
-4.59863
-0.265645
-2.93231
-0.0739012
-2.94554
7.71039
-1.91481
1.89862
-4.8144
5.79213
-6.25797
11.81
-7.09653
1.403
-1.20845
-3.8298
-8.03668
0.525041
2.28827
1.45361
-2.32371
-3.5275
-3.05553
2.60449
-4.28191
8.24816
-4.28704
4.1383
4.44974
-2.18058
-2.75652
6.40711
-3.23905
-0.567979
-5.72975
6.67472
-2.75563
-1.20297
-5.30755
-1.95701
-0.205457
0.224448
7.06883
-2.92083
-2.88349
-6.89467
6.52557
2.67877
-4.92379
1.97184
2.9915
-5.63333
3.50326
-4.55425
-4.46246
2.40672
-4.62893
5.80274
3.75219
-5.77657
2.68708
3.46381
4.25335
2.06917
0.137097
-2.53588
-0.584588
-6.53397
3.6893
-0.473339
0.136856
7.20788
-0.0551061
-0.949338
4.33273
-3.27106
2.3278
-3.55048
-4.74007
10.1966
-2.34679
3.38655
-4.49381
1.55309
1.08067
-6.63688
7.70476
-3.6903
9.98508
-2.6096
9.08694
5.25278
-2.02533
8.66091
0.723818
-3.17725
0.0417391
-4.22406
-4.73657
-1.54614
-1.02723
11.1213
3.06171
-0.782479
10.2628
-2.2345
-0.938778
3.14804
-6.91852
-6.2973
9.12402
-4.95469
-5.10672
4.01909
-3.04775
3.68556
-5.48485
-6.49951
5.60429
-1.17923
10.2056
-2.26659
8.14143
-5.37325
4.22964
-0.193627
0.655712
-4.27431
-4.13079
0.542019
-0.0408871
-5.25322
7.68317
4.16731
1.32456
-6.04882
5.06062
-1.41037
-5.86296
7.13858
-5.41816
-0.850825
-2.94804
-1.56399
4.89331
6.77047
0.128151
-5.24269
2.30444
2.24399
1.95001
-0.370506
-0.757098
4.86355
-5.05647
-2.28843
-0.122674
-6.0133
5.5083
5.17909
-4.21347
0.355661
6.97444
-0.720385
-0.392361
-6.05205
