-3.52242
-6.95405
-5.23031
-1.84536
-2.20852
5.97067
-2.34227
-2.22554
1.32606
-4.55758
2.6805
1.68108
-4.19118
5.41039
-3.08233
-2.06885
-2.96056
0.979606
1.10368
8.06107
-1.80551
3.99965
7.71528
2.64769
2.40774
-5.86356
1.05201
0.473774
1.98646
0.80276
2.38785
4.65313
-0.799978
-6.12646
-1.05327
-2.60211
-5.58693
5.87382
4.31519
11.3405
-3.13372
3.65675
1.85536
0.698375
6.33499
-0.0632598
-2.62323
-5.74738
-6.2274
1.80917
0.323271
-3.71145
-4.23888
0.81247
-3.80399
-0.689953
0.931061
6.47407
-0.865156
-4.66969
1.18846
0.210028
4.90733
-3.15899
6.01259
3.71127
4.40394
8.90189
-4.02707
-2.509
-6.0008
1.16797
-0.282067
2.99923
-3.88473
9.23137
-7.5397
10.855
-0.293765
-1.86819
-2.7058
4.20885
-0.22379
-2.41985
-6.58872
-4.12095
-3.69532
1.26494
2.18211
-2.71031
-0.117131
0.452861
2.67828
-1.13894
-3.80004
5.22588
1.76718
4.46691
-6.03056
-3.01629
-0.776489
9.50101
-3.11312
-1.46691
-1.97923
-2.77896
-3.67629
-0.774739
6.82784
-3.17563
-3.78905
-6.91148
3.83005
1.25355
-7.4897
4.40933
0.952609
10.1309
11.3939
1.21303
1.29485
3.95744
1.70553
-2.29553
-4.0041
2.4469
-0.563934
3.4339
2.90792
3.8502
2.38948
-2.4354
-1.31193
-0.85459
-1.83504
-1.4073
-0.919199
-4.21243
-4.41314
0.582807
3.87605
-7.60957
4.27711
-6.82575
0.18529
4.51257
4.49356
-0.857427
7.41772
-2.57365
-3.40035
-9.08618
3.60046
-2.32005
1.56829
-3.42929
-1.27506
-1.2312
5.46965
-2.52931
-5.17332
8.08907
1.29229
0.737982
0.459517
-3.60885
4.68939
-4.74136
-2.64962
11.0605
-4.8391
-4.41463
-4.32409
1.84418
-6.7386
-6.28108
-4.77325
-1.98783
-0.654743
-9.41533
-3.51528
-2.35959
-4.21239
0.970583
4.88104
0.890104
2.13827
-0.934616
0.588813
-2.98115
2.55355
1.33287
-0.264465
-0.636177
11.1888
-3.25248
3.43887
-1.18803
-1.29396
-3.51744
6.21007
0.229678
-5.59435
2.75552
-1.19681
-0.638137
-0.483289
-3.93386
6.76002
-2.31328
-4.57112
-1.57188
4.24861
-7.87032
1.15561
1.43517
-3.24959
-5.07871
-3.12193
-5.10201
-3.6122
3.23602
3.42665
3.832
-2.6364
-2.33714
12.1824
0.0412531
-5.20216
3.92763
-7.69011
2.24149
1.55465
0.238928
3.68641
4.06834
-4.91119
-0.17413
-1.21904
4.41419
8.88349
-0.144679
2.00575
1.77832
3.52198
-0.578712
-0.842327
-2.64492
1.06437
-1.6214
4.26463
-4.26775
6.3043
1.13122
-2.52384
-5.98439
