-2.52579
-2.25804
-2.06011
3.49799
-4.83779
0.344044
1.95011
-6.05257
0.244424
-1.89741
4.76217
-2.63893
-0.165343
6.78955
1.1298
-1.31919
2.47929
-1.3962
-7.2833
3.04704
-3.98214
-2.02271
8.04952
5.14877
9.21465
-4.38966
0.342494
-1.0566
-0.699202
4.75978
-2.92972
4.2737
1.12543
1.81489
1.8564
-2.405
-1.60012
3.09653
6.1858
8.1599
-5.12933
0.237936
2.69717
-3.48643
11.1458
-0.429377
-3.65823
0.458513
-7.54849
2.09375
1.31854
-7.31535
-5.54057
0.428506
-5.05217
-1.25945
-2.71283
8.55965
-4.33087
-8.59343
3.07171
0.381794
1.38175
-4.12577
-1.54444
0.0786024
6.88656
5.96357
-4.47432
1.84109
-2.50518
3.95072
1.73058
4.6073
-4.42606
13.1788
-7.21028
1.18234
1.62305
-3.0807
-4.5835
1.61565
-4.72525
-6.80424
-7.76506
-6.37593
-3.77359
2.90313
1.70641
-4.07831
0.497749
-4.33044
-2.70143
2.51196
1.23723
5.89328
1.69948
5.15073
-8.65733
2.98898
2.94137
8.89209
1.5848
-0.115872
-1.99106
-3.73902
-7.6349
-3.67348
3.07787
-1.07963
-5.15167
-2.71131
-1.88436
0.00259984
-5.19001
0.655717
-2.37953
9.58435
10.3291
-1.17828
-5.93714
4.13276
-3.31771
-1.8796
-3.76279
-1.67306
-5.46222
0.568682
-4.4398
10.5107
8.93369
-2.00053
3.38735
2.06377
-3.23297
-3.52422
0.345267
2.60177
-7.93562
-0.92209
6.4648
-2.73349
-3.49403
-5.7186
-7.62065
2.97482
4.72367
-0.702733
2.95125
-3.20629
-6.29439
-8.12054
2.04884
-7.07245
5.56588
0.129909
-0.171359
-7.81374
2.38556
-2.6877
-0.277764
2.41383
4.7931
-0.207606
-2.79207
-2.59683
7.36375
-11.1378
-3.65546
11.1889
-3.45907
-0.36333
-5.21061
-0.788469
-4.39209
-1.07867
-5.13883
-2.65444
3.31513
-6.28595
-3.20248
5.14304
-2.70085
1.69156
0.937763
-4.44587
5.05421
-4.08333
3.0283
-10.62
2.14161
2.8017
-5.9819
-6.84547
9.62496
0.844228
3.52749
2.57379
-1.71426
-6.22298
6.85548
-4.78881
-9.13292
2.08675
1.90197
3.06569
3.0462
-3.46105
1.93977
-3.69653
-4.69234
1.80501
5.91187
-8.05678
2.88224
-3.32419
-2.38183
-9.87376
0.696317
0.499546
-3.87451
4.2214
5.69583
3.92808
-3.06609
-5.09483
9.57912
-3.43041
-1.38686
4.5725
-10.5386
-4.13807
0.523912
1.09121
4.2413
8.409
-4.23917
-0.172352
-4.61273
4.65654
7.2928
9.97045
-0.609947
3.3406
1.98733
2.4993
-1.90029
-6.11275
-4.12918
-1.47442
4.46795
-1.916
8.8924
-2.88709
-7.89059
-8.24125
