-3.37014
-7.06936
-4.93376
-1.40156
-1.67639
6.14184
-2.2018
-2.60386
1.02103
-4.81424
2.91822
1.44667
-4.42112
5.46578
-2.80003
-1.84874
-3.53201
0.670052
1.14713
7.49993
-1.86708
4.32767
7.69499
2.6659
2.3464
-5.817
1.23113
0.854434
2.25757
0.638176
2.45274
4.36654
-0.1825
-5.97124
-0.983719
-2.27643
-5.3617
5.77954
3.85055
10.618
-3.30703
4.06486
1.21807
0.626329
5.8758
-0.0634884
-2.17333
-6.07145
-6.14339
1.78048
0.284455
-3.99328
-4.43745
0.692132
-3.476
-0.566609
0.575483
6.22561
-0.65554
-4.49838
1.01172
0.249144
4.46469
-3.23024
5.9221
3.7761
3.54297
8.62682
-3.98669
-2.92199
-5.94405
0.809734
-0.227466
2.49389
-4.29895
8.84871
-7.13398
10.7802
-0.270519
-1.70028
-3.18176
3.95587
-0.402702
-2.31415
-6.40723
-4.57263
-3.94857
1.1398
1.94086
-3.04844
-0.284824
0.447431
2.45414
-1.29156
-4.1795
5.18435
1.37148
4.31049
-6.00154
-3.50035
-1.20215
9.35994
-3.23421
-1.80993
-1.68063
-2.77861
-3.18386
-0.200922
6.61015
-3.09853
-3.67358
-6.89438
4.07416
1.10931
-7.27606
3.85232
0.756671
9.56811
11.3478
1.22502
1.39186
3.87131
1.41487
-2.52543
-4.05532
2.49946
-0.801705
2.77988
2.27607
3.39975
2.95406
-2.54581
-1.01392
-1.17924
-1.5148
-1.27961
-1.02876
-4.27324
-4.32407
0.239408
3.53752
-7.96753
4.07741
-6.97387
0.16184
4.33657
4.73425
-0.847372
7.24059
-2.51627
-4.34888
-8.60407
3.64768
-2.17103
0.931923
-3.32572
-0.960679
-0.619374
5.05619
-2.72628
-4.6675
8.33182
0.961353
0.238708
0.605153
-3.42378
4.48012
-4.9515
-2.78128
10.7774
-5.08457
-3.85946
-4.82934
1.7747
-6.66393
-6.47142
-4.70759
-1.80371
-0.775025
-9.50398
-3.56108
-2.44686
-3.87174
1.01733
3.94245
0.950243
1.97369
-0.686991
0.437819
-3.12576
2.83666
0.762743
-0.30389
0.0267465
10.8208
-4.03548
3.68589
-0.905153
-1.31276
-3.29035
6.00421
0.121362
-5.28483
2.48489
-1.10808
-0.839016
-0.498682
-4.09993
6.22346
-1.92341
-4.53427
-1.59282
3.92485
-8.10348
1.10359
1.65928
-2.96283
-4.85964
-2.61303
-5.04546
-3.17735
2.86162
3.15989
3.89496
-2.57777
-1.91468
11.9523
-0.599434
-4.73107
4.17743
-7.8472
2.43536
1.15201
0.0725722
3.76213
3.94021
-4.63863
-0.695531
-1.22988
4.50202
8.68572
-0.037855
2.43959
1.60462
3.92292
-1.00485
-1.07107
-2.82143
0.816584
-1.86917
4.32465
-4.43487
6.24112
1.05718
-2.04411
-6.04075
