2.62491
-2.13402
-2.49624
-0.713892
-2.9314
0.368102
0.247718
-5.10385
0.868942
0.470675
2.31801
-3.90049
-8.0168
4.65575
-0.579455
-3.75111
0.223417
-5.8489
-3.71122
2.90857
-7.42137
7.36905
5.3123
7.90832
-0.0832272
-5.57781
0.297226
2.75798
0.332205
-3.27857
1.26761
4.70571
4.99616
-6.90261
6.34823
1.20237
-0.122295
5.73863
5.88953
12.3907
-4.56685
1.86945
2.90353
-0.0167445
4.62869
-5.11714
-6.26253
1.47659
-2.03171
-1.7299
0.349948
-5.19434
-1.68256
-2.43768
-5.3545
0.0667109
-1.2065
3.70536
-1.08466
-7.73338
-1.16235
0.221209
6.27214
-0.935138
4.20507
0.0162874
8.39118
11.3142
-2.04559
-8.87346
-4.71485
1.92464
3.37775
1.571
-2.20121
2.37453
-9.38386
6.34569
2.0036
-2.40175
-3.19588
-3.38801
-1.22435
0.124151
-4.3569
-7.37045
-9.33502
-1.35231
9.55791
-3.1246
-1.43013
2.86912
-3.99607
-1.34893
-6.25803
5.8433
7.23013
2.87796
-7.26408
-3.24367
-2.41285
7.14262
0.273522
2.21103
-4.86589
-5.91934
-4.27074
3.26035
3.55991
-2.74615
-4.29748
-5.26207
1.21094
0.100715
-5.22281
-2.82353
-5.77837
17.252
13.0849
-0.323778
-4.48732
3.0668
-0.477041
-2.75178
-2.83241
-0.108191
-3.7086
-0.164077
-4.44857
6.2933
8.11433
-6.62305
-0.989388
-1.50738
-3.13991
-3.18019
4.09992
1.77359
-8.10927
3.80918
1.63459
1.30668
2.381
-7.05869
-8.21885
2.69012
11.5183
-0.609371
4.19301
-6.17979
-0.608972
-4.43085
3.26832
-2.96527
0.824292
0.65284
-3.25851
-7.2418
-1.14638
-5.98824
-4.65725
5.72915
0.45377
1.86135
1.0706
-4.41789
-0.24465
-5.51228
-4.65129
10.0193
-5.13624
0.521589
-6.53911
1.05283
1.2429
-6.93864
-2.012
-3.9923
2.26238
-0.956757
4.82682
1.50282
-2.32895
2.73861
1.55155
-4.51794
7.39262
0.534854
-1.79648
-7.60023
5.36336
4.26767
-1.69879
0.714849
6.59251
-4.98193
1.77506
6.89149
-0.259924
-6.44162
9.49686
1.03792
-7.36048
2.16152
2.10086
3.13974
-0.405718
-5.56112
5.59804
-1.12863
-0.788334
4.77187
4.00492
-4.50219
1.9499
-3.31421
-2.85394
-9.79049
-1.90379
-2.85127
-2.28641
4.61007
10.6056
4.16811
-3.94999
1.77488
7.73417
-8.96878
-1.21457
7.59099
-13.663
-2.90877
5.84105
-4.06359
7.05102
6.49453
-7.11071
-1.27903
0.482901
-0.783
5.83237
5.69404
-4.25011
4.79256
2.70247
5.32541
-4.06681
2.16656
-1.60872
-7.11596
-1.01557
-2.17952
9.04421
6.41692
-3.02084
-5.63687
