-2.94066
-4.6352
-2.39924
4.32134
-2.74471
1.01985
1.96818
-5.94046
-0.185402
-2.09995
5.50927
-3.0786
0.535759
5.82434
0.809566
-2.3072
1.12638
0.0564472
-7.47644
4.31459
-4.95689
-1.88464
7.90258
4.16925
9.19444
-5.53234
0.498572
-1.71646
0.720636
7.34451
-2.13365
3.48862
1.16021
1.37239
-0.423662
-1.17631
-1.09807
2.42776
5.65462
9.04263
-4.55488
0.899991
-0.805943
-4.8463
10.1764
-0.467347
-3.25724
-2.06171
-5.95998
3.71026
2.41992
-8.25206
-6.19934
-0.371318
-5.99087
-1.93156
-2.43627
9.53617
-5.14324
-9.21163
2.45338
1.4821
0.102801
-4.05125
-1.11554
1.89624
5.66338
5.62797
-1.51355
2.14453
-1.70568
3.31197
2.08656
4.45997
-5.12709
10.6946
-5.18174
0.305621
1.5668
-2.60212
-4.03798
2.48763
-4.57254
-5.34764
-7.90631
-7.70829
-3.40302
2.46937
1.00158
-4.35166
0.307393
-4.53964
-2.42066
5.36122
2.78775
6.34573
2.73166
4.9269
-7.34855
1.98153
4.06683
7.93165
2.13631
-1.68032
-1.65757
-2.62541
-7.72078
-3.86917
4.03363
-0.833319
-3.41045
-2.58957
0.714838
1.6055
-6.02146
0.306366
-1.86078
9.98935
10.6274
0.806331
-3.59581
2.49902
-2.40882
-0.97803
-1.84389
1.71916
-5.13607
-0.683849
-2.63656
8.74409
8.68283
-1.37002
5.64221
0.682938
-2.19887
-1.78566
1.08485
2.54064
-6.97699
-2.21046
5.93913
-4.5569
-3.80132
-4.88538
-5.11802
1.356
6.44736
1.2528
3.47549
-3.46149
-5.1271
-7.74057
1.03153
-4.34093
4.99156
-2.23562
1.48738
-6.12858
3.66338
-4.42758
0.383855
1.74404
5.76287
-0.713858
-1.3285
-0.0954616
5.99419
-10.3654
-3.78885
9.15515
-3.48878
1.70181
-5.33291
-0.835574
-5.05101
0.619998
-4.97344
-0.269042
1.79673
-6.40766
-3.65364
4.15025
-2.28891
1.79042
2.0584
-4.86413
3.60015
-4.73088
1.65164
-9.66889
2.93896
2.28291
-5.17809
-3.72666
8.59868
1.16673
2.29866
1.35823
-2.28534
-5.94769
5.24968
-3.62018
-8.08027
1.93701
0.588712
4.18683
4.40944
-3.61982
4.00558
-2.94786
-4.92376
1.23902
6.12094
-7.13846
2.51878
-1.98932
-2.4948
-9.20333
-0.248914
0.931298
-4.01146
3.7024
4.78853
3.98726
-3.47189
-3.44537
8.71482
-3.32613
-0.52077
2.97342
-10.313
-1.68424
1.10666
2.51975
2.9696
9.16834
-6.1159
-1.79722
-3.91191
3.41021
8.82068
10.7208
1.4922
2.36918
2.04213
1.39564
-0.228049
-4.92145
-4.00973
-0.223624
4.93997
-2.71013
9.39172
-2.2979
-8.02964
-8.04311
