-0.59481
-8.05365
-4.69343
-1.92653
-0.601415
3.98684
-0.60167
-5.53138
1.27253
-6.14309
4.2611
0.655155
-3.75642
5.30382
-2.95875
-2.59008
-3.0034
0.592338
-1.42949
7.91916
-1.62446
4.60119
7.80582
1.62889
2.32606
-6.1442
2.0587
2.38447
2.44565
3.76043
1.23052
5.22726
0.447547
-4.93154
-2.51608
-1.26504
-3.18486
7.245
3.71882
10.7759
-2.74461
4.67116
-2.18621
0.562766
4.82592
0.360893
-1.69354
-6.1661
-4.56354
2.19936
0.113647
-2.67336
-5.02777
-1.17169
-4.01748
0.29923
-0.507086
3.67814
-0.656383
-3.2614
-0.226525
1.91946
3.20503
-3.95748
4.86575
2.85029
3.13479
8.06458
-2.3915
-3.51627
-4.80584
-0.697835
-2.68341
3.4133
-4.86799
6.7868
-3.27234
9.85347
-1.11508
-1.00487
-2.56901
5.80086
0.238843
-1.68162
-4.53497
-4.63506
-3.71122
-1.33233
2.02825
-4.37715
0.381526
2.66741
3.54356
0.781895
-2.49215
5.22652
-0.600064
4.28809
-6.24472
-3.70893
-1.88726
8.479
-1.83092
-3.14087
-0.922489
-3.07009
-5.28954
2.02335
6.52528
-0.837902
-3.86207
-3.9566
3.90181
2.58872
-7.36247
2.61079
-1.08056
6.99945
9.71745
1.36562
0.194631
2.52625
2.20056
-2.11848
-5.09334
3.71236
-2.09278
0.715469
3.02167
2.55228
0.714737
-2.13387
1.69271
-2.07784
-0.913993
-2.19959
0.546637
-4.21981
-4.50201
-0.460114
3.50667
-8.85849
4.6736
-5.3873
2.53045
2.08997
7.47732
1.07941
5.11922
-1.83829
-5.40455
-6.99931
3.49555
-3.85413
1.02056
-4.14443
0.887324
-0.249719
2.8229
-3.52465
-3.31428
6.10103
1.36565
1.22957
-0.203444
-2.41137
2.73158
-4.63089
-2.74944
8.81137
-5.48374
-0.864271
-3.80836
2.3348
-5.25586
-4.89088
-4.32094
-0.77973
-3.01185
-8.10743
-3.97501
-1.92237
-3.35701
-0.594049
4.52243
1.46464
-0.550466
-0.195919
-1.09427
-2.65371
3.8454
-1.37605
-0.205119
2.46567
8.22261
-0.693933
1.91627
-1.06454
-3.22033
-3.48286
4.16195
-0.242522
-4.54739
2.23149
-0.490355
1.81728
-0.44292
-3.55334
7.69914
0.122978
-4.76895
-0.955089
2.43325
-6.56721
-0.952643
3.36847
-4.82113
-2.69848
-0.849168
-5.42754
-0.991128
2.60048
2.09481
2.87459
-3.18156
-0.218268
10.4509
-1.07973
-4.40674
2.38659
-7.21483
3.99641
3.19899
-0.692154
3.8389
4.36942
-4.77499
-1.98686
0.2493
2.76633
9.50364
0.844997
4.4877
1.04951
4.11784
-0.829077
-0.351409
-2.21209
1.40743
0.986469
4.93794
-4.50605
6.93013
2.51038
-3.76362
-5.70448
