-0.539471
-2.0338
-0.365736
-0.136998
-2.75246
1.35601
1.16323
-4.41681
3.7888
0.296171
1.66873
-3.44483
-8.38345
2.66839
-2.30496
-3.24587
0.128453
-6.40618
-1.69686
4.2123
-4.12243
6.65
4.86863
7.52137
-0.671659
-2.29386
1.24734
-1.72294
0.160682
-0.895801
-0.702078
5.2139
4.11956
-5.40503
6.41904
1.34423
-0.175264
5.46631
5.39413
11.282
-1.72411
0.409707
3.85877
-1.72856
8.10571
-5.46859
-4.24876
3.21378
-3.63714
-3.0076
0.00208127
-6.31981
-2.65613
-0.967991
-4.72419
0.67972
-1.66365
2.42707
-2.80022
-4.16469
0.645412
1.29313
4.31571
-1.81645
3.65644
0.525581
10.2925
8.45633
-0.86486
-7.39085
-3.78709
3.71978
5.24564
0.901733
-3.24403
1.33224
-6.70145
6.64741
2.25162
-2.43793
-1.51335
-4.0498
-0.457951
-3.85176
-1.44879
-7.36444
-6.95924
-1.57999
9.56073
1.01306
-1.41906
-0.283998
-4.55594
1.05046
-5.9165
5.34974
8.94057
3.83606
-7.9277
-3.80753
-5.27976
8.00855
-2.69451
3.59431
-4.97731
-6.71582
-2.78505
2.82622
2.66061
2.48849
-3.81692
-7.64803
0.572583
-4.41583
-4.39618
-1.84742
-3.80275
14.2124
13.6646
0.675248
-5.27276
8.59395
0.502653
-0.617923
-2.55221
-3.10505
-2.23267
2.00899
-5.71246
4.20113
6.93953
-7.90652
-2.19347
-0.979397
-6.5131
-2.6694
3.31253
3.19975
-6.25514
3.1286
0.951927
0.136131
0.966768
-5.97075
-9.34247
0.998895
11.0969
-0.123235
3.99299
-4.14289
-0.995406
-6.31354
1.46606
-1.03786
2.02635
3.55843
-2.21883
-5.28234
-1.43607
-0.48099
-4.48042
1.68204
5.43817
-0.516603
4.43622
-3.01521
4.2954
-7.87932
-5.97118
13.0378
-8.41257
-2.50059
-4.78648
-2.26701
1.1641
-5.82436
-4.91564
-1.66416
5.61637
0.0446353
5.30199
0.728246
-2.211
5.37475
4.90492
-1.40956
5.25947
-1.16369
0.800095
-6.03148
4.85749
2.02072
-4.00406
-0.568348
6.90068
-5.44276
0.0810317
6.78399
-2.36331
-3.1652
8.57368
0.886041
-7.80927
3.87414
0.259061
4.03124
-0.201368
-3.27089
2.25301
-1.17406
-0.318185
6.52128
4.91115
-4.45692
1.59189
-3.74944
-2.23608
-5.85951
1.53028
0.412512
-2.83406
5.56971
9.92143
3.8733
-5.77516
-0.284662
6.05287
-5.42043
-2.28657
8.67062
-13.9641
-3.73303
6.73307
-1.24782
6.28219
6.98243
-6.65587
-1.61772
-2.31149
0.54103
4.45891
8.51805
-2.67981
2.68044
0.422831
3.91404
-3.48795
4.1048
-1.06431
-2.80488
-0.251435
-0.981139
10.3733
4.74935
-0.695
-6.92132
