-0.822256
-7.66709
-4.86384
-1.96114
-1.50736
4.17405
-0.752544
-5.02089
1.19616
-5.75484
4.14105
1.06989
-3.40299
5.61494
-2.90212
-2.69669
-2.8245
0.745473
-1.07877
8.03074
-1.4642
4.77374
7.6894
1.66289
2.30596
-6.23405
2.20783
2.06828
2.08217
3.44159
1.51688
5.35698
0.394666
-4.69024
-2.22446
-1.47463
-3.41588
7.43972
3.77459
11.076
-2.51607
4.25085
-1.9669
0.737226
4.81908
0.778802
-1.92546
-6.05754
-4.22692
1.97208
0.454533
-2.34975
-5.01418
-0.964429
-3.90452
0.293891
-0.465689
3.655
-0.746589
-3.49167
-0.346
2.1202
3.44561
-3.86804
5.21108
2.75535
3.47848
8.16629
-2.25728
-3.51692
-4.73631
-0.644364
-2.54758
3.3468
-4.56156
7.26295
-3.34601
9.75872
-1.23116
-1.15597
-2.51643
5.91037
0.356984
-1.64887
-4.3394
-4.68419
-3.4546
-1.33721
2.3377
-4.29048
0.347129
2.93865
4.04575
0.568828
-2.41575
5.16501
-0.256813
4.50341
-6.19328
-3.58935
-1.52172
8.84845
-1.80739
-2.82317
-0.772941
-2.98257
-5.42181
1.7508
6.36994
-1.11938
-3.85161
-3.70742
3.87925
2.57039
-7.64977
2.95307
-0.992587
7.39484
9.66045
1.42334
0.00512177
2.19936
1.84464
-1.98699
-5.06268
3.65602
-2.08823
0.999789
3.07335
2.7817
0.407542
-1.97298
1.20316
-1.86842
-0.83338
-2.10376
0.408057
-3.77632
-4.71486
-0.240716
3.43197
-8.488
5.02985
-5.34411
2.57815
2.1065
6.94881
1.24749
5.2486
-1.67946
-5.31122
-7.38108
3.71104
-3.72132
1.11079
-4.07632
1.06567
-0.570226
2.8541
-3.25715
-3.33621
6.18687
1.43275
1.431
-0.328484
-2.41825
2.49503
-4.28948
-2.51222
8.85671
-5.39347
-0.917103
-3.80655
2.43262
-5.2776
-4.8283
-3.95368
-0.826136
-2.91444
-7.91869
-4.15715
-1.97545
-3.40238
-0.379296
4.47494
1.72706
-0.222918
-0.476287
-1.06698
-2.43623
3.7702
-1.41164
-0.501413
2.04426
8.43396
-0.520745
1.48133
-1.14893
-3.43749
-3.53175
4.16542
-0.377023
-4.265
2.41748
-0.563448
1.50941
-0.435111
-3.44536
7.9817
0.0652531
-4.59764
-0.879821
2.86247
-6.4312
-0.789921
3.59461
-5.00699
-2.72553
-1.05231
-5.74313
-1.25306
3.08365
2.27531
3.19681
-3.47506
-0.211443
10.5952
-1.12886
-4.64517
2.53871
-7.3754
3.56966
3.02082
-0.821699
3.89591
4.56981
-5.01324
-1.90999
0.0656504
2.74335
9.41312
0.798177
4.47747
1.3457
4.41784
-0.495671
-0.25494
-2.0593
1.73405
0.857234
4.68384
-4.60828
7.21149
2.63652
-3.78848
-5.67225
