2.35053
-7.74987
-5.3906
0.16411
4.17217
1.37725
4.24929
-6.23167
2.96113
-3.6268
4.78209
-4.03088
-5.78226
8.16106
0.209319
-2.72306
-0.723718
-3.20457
-5.50198
9.98596
-1.02053
0.848458
4.87169
3.36018
6.90778
-3.96507
2.59612
-1.26582
0.582039
4.29957
-1.78728
2.60324
3.67065
-0.295673
1.45935
-1.52076
0.610495
-0.460544
6.09484
2.3803
-0.232698
0.281775
-0.188893
-4.99432
6.25662
-0.940399
1.51588
-5.53098
-0.439664
5.2508
3.34777
-5.8408
-5.38841
4.17636
-6.26441
-1.30956
-2.35944
6.05774
-4.75168
-6.85088
0.540846
0.294536
0.518358
-6.23275
-0.810638
0.216519
5.03974
-1.41055
-2.22523
-0.353334
-0.594585
-2.88647
1.99005
4.13743
-7.73689
-0.316594
2.96436
1.20726
1.15408
-1.6714
-6.49041
-0.0423304
1.77776
-2.3743
-4.60817
-5.05732
-6.33321
1.12753
-3.11731
-1.48656
-2.60725
-4.6392
-2.30226
6.8896
1.33157
8.89711
2.30609
3.01706
-6.35332
5.46055
1.83161
5.9914
-3.9887
-4.59372
-1.05669
-3.81341
-7.65085
-1.05279
5.26541
4.09352
-5.07909
-3.01972
-1.85715
-2.17951
-3.93679
1.26528
-2.64076
5.97521
12.435
4.5151
-9.60689
2.68101
-2.96778
3.38382
-8.38775
0.829235
-5.7474
-7.54911
-1.32013
3.86761
7.17381
-0.710113
5.91293
-3.41854
-5.15788
-3.57384
5.39171
-3.99151
-7.03374
0.655045
2.44631
-5.14965
0.295772
-3.57466
-2.26388
2.77086
13.1328
0.60831
0.912118
2.85627
-5.4321
-5.67994
2.92669
-5.29185
3.85566
-3.18189
0.550896
-4.32752
5.73358
-1.74809
0.409398
1.65173
6.69489
-5.84461
0.346345
-0.692027
3.5468
-11.2154
-1.40477
10.6589
-2.34175
0.0490711
-5.49682
3.70256
0.552431
-0.596158
0.949721
-2.17546
8.5525
-5.21326
-2.99221
3.67127
-4.32363
9.31906
2.94963
-1.60024
2.17897
-3.2088
3.20342
-6.44612
4.85211
-1.06212
-2.72278
-1.74912
8.89207
-0.368401
3.34101
5.46702
-5.54116
-0.664728
2.2625
-2.13251
-8.00889
0.0868859
-2.03789
9.18297
-0.578571
-0.594175
-1.60077
-2.14164
-0.655534
3.46366
2.22378
-3.28067
0.393522
-2.65267
-1.93448
-6.02884
0.767814
2.00297
1.67221
4.59465
3.87266
1.62042
-1.04618
-1.08471
3.31531
-1.48859
-3.16712
3.5937
-5.71211
-1.65835
4.76431
-2.92947
3.23901
9.60948
-2.17096
-4.2473
-0.455855
5.7002
7.68655
7.71446
5.00654
-4.2475
2.91567
1.83864
-5.2495
-0.724795
2.00702
-2.04843
4.76537
4.99951
11.88
-3.32387
0.81487
-3.19723
