-5.42365
-5.19057
-4.90882
-0.754037
-5.17673
3.30503
-2.40246
-1.59434
-0.462552
1.29136
0.966403
-1.11593
-7.46584
-1.03516
-2.9489
-2.2576
-1.98864
-2.26691
-0.218425
7.403
2.26583
7.12332
3.86444
8.15378
-1.38883
1.34636
1.32729
-4.05907
-1.19318
-0.341574
-1.28615
2.08613
0.383092
-6.28063
5.86021
-0.346632
-2.14504
6.32798
6.95479
7.08787
-0.00662518
-2.161
8.23551
-2.26232
7.77498
-6.89233
-3.20092
0.480365
-4.26341
-0.192474
1.18802
-7.59848
1.26126
2.32182
-3.17677
-3.60581
-3.81234
6.38863
-2.62787
1.41422
1.69627
-4.2871
3.57396
-0.833655
5.25602
5.04858
11.9584
0.75166
-7.95937
-4.50109
-5.21825
4.64462
0.428386
-0.0621856
-5.64423
-0.139479
-8.67343
6.73631
0.306687
-5.66821
-2.60475
-4.81669
1.3558
0.266912
0.309983
-8.10954
-3.96125
-4.4879
6.47097
1.80183
-4.63986
-2.30741
-3.99333
-0.753749
-0.738362
3.80543
7.94445
3.02713
-9.14654
0.808618
-4.88308
6.08414
-7.81556
-0.607092
-7.94014
-4.25056
-3.7727
1.76488
0.418548
0.738138
-4.90747
-5.69096
1.39352
4.27719
-1.74093
0.991366
-0.526487
10.694
13.7842
1.42895
-4.21742
6.16126
-1.71551
-2.38357
-2.7744
-4.82307
1.14514
6.57464
-2.61236
2.8536
4.54705
-3.98143
-1.69295
-0.397684
-2.67682
1.41902
3.53421
2.93189
-4.91154
0.290457
2.32193
-6.3779
4.54261
-7.08353
-5.79371
3.53345
4.67701
-1.24356
4.28083
-5.70602
-2.54818
-5.27671
10.5542
-6.34298
-0.64632
4.7676
-7.16481
-5.02798
0.586139
2.67546
-6.03614
4.35413
-0.0190471
-2.78092
4.28815
-4.78964
4.02027
-3.79483
-3.84322
8.5492
-4.33831
-6.85007
-5.03848
-2.63527
3.62446
-7.85683
-3.34352
4.37595
9.55045
-1.38377
3.77664
-0.439798
-5.15671
0.0797438
5.96792
-2.77486
-0.225456
-0.544124
4.58501
-6.01016
2.75781
3.0251
-2.32551
0.948415
9.75356
-5.69292
0.255306
8.37972
-5.89384
-3.00942
5.45049
-3.32668
-5.02056
5.06931
-1.66946
4.05352
-5.55539
-7.30377
4.42074
-1.77124
-0.134348
6.86456
1.53998
-3.26665
1.32645
-9.43202
3.80966
-5.78994
6.64522
-4.27925
-0.0941526
-1.43938
9.83326
-6.3214
1.05264
-2.48692
11.6421
3.84769
-8.20878
2.15728
-8.62355
-3.3934
7.89391
-2.98268
2.53024
11.6138
-4.64439
2.60018
-2.24825
4.14114
0.159777
1.969
-3.49636
1.21694
-0.314265
2.57385
-6.58867
1.9009
3.16361
-4.10622
-1.38227
-2.43756
12.6399
1.99211
1.16816
-5.92962
