-5.1012
-3.8206
-3.85575
-1.42168
-4.40052
5.31184
-0.462261
-2.65024
-2.98022
-1.46586
1.32018
-3.00019
-7.87308
1.44435
-2.84568
-2.66186
-2.36893
-1.53968
-2.76408
7.57376
0.667677
9.4393
5.51649
7.67717
-0.460539
-1.54586
1.70418
-2.66023
-2.07735
-0.787218
0.0490754
4.77423
3.99269
-6.55102
6.09473
-1.33073
-0.00862515
5.02499
6.11612
5.08142
-0.252714
-1.91853
6.61627
-2.90224
8.05168
-5.22847
-3.10155
-1.28763
-3.84096
0.161112
-0.00181496
-5.00562
-1.19131
3.95134
-2.84662
-1.5227
-4.75065
4.921
-5.39316
-2.77442
0.131872
-4.38971
1.91508
-0.443153
6.38054
4.37561
11.8345
2.93099
-5.64631
-5.41929
-2.66443
3.29117
-0.858694
-0.950655
-5.26131
1.20099
-6.37048
6.27591
-1.94458
-2.36308
-0.821871
-3.62712
1.43121
-1.63999
0.515605
-6.50943
-2.04937
-0.303626
10.1639
2.21005
-1.93271
-3.82641
-3.95205
-0.193383
-3.20782
4.10714
8.10459
2.6189
-5.20402
0.0623396
-2.10221
8.63704
-6.89671
-2.1974
-7.04585
-3.91334
-4.06958
0.697312
2.05952
0.976904
-5.08087
-1.99407
2.58231
4.06228
-1.8579
2.10905
-0.27383
12.3312
10.9976
1.68472
-4.19392
6.55167
-2.54326
-2.01348
-0.470155
-0.974086
-0.650326
5.11568
-2.47977
3.30228
4.55588
-5.47433
-3.46918
-1.86163
-4.23908
3.20585
4.88027
3.25925
-5.33608
-1.01937
1.30571
-5.82115
1.78326
-8.7662
-4.21701
2.27492
6.92594
1.32356
4.53627
-6.61121
-1.65735
-6.01119
9.54567
-4.95315
0.773355
8.31745
-4.87591
-4.82722
2.15745
1.94479
-5.35527
2.86832
1.06754
-2.89089
5.50917
-3.72573
2.03043
-3.92239
-4.55228
10.4
-3.02452
-7.40998
-5.74883
-0.926075
3.81141
-5.84496
0.102244
6.00244
8.4989
-0.685123
0.944369
3.32292
-7.2198
0.994215
2.20475
-4.08158
-2.13156
-2.21131
2.66644
-4.87232
3.63157
-0.562819
-2.93623
-1.22943
10.7376
-4.65579
1.54048
9.55967
-6.79611
-3.61739
5.68941
-2.50502
-9.92318
6.08107
-1.58781
4.69907
-4.32562
-2.23033
2.80532
-1.91506
-1.62626
7.3619
3.27397
-6.51801
1.1492
-8.58571
3.43003
-5.40403
5.78308
-1.66891
3.11566
-1.43222
10.1454
-4.17747
0.346161
-1.97979
11.9384
3.22947
-9.07834
3.41036
-9.79781
-1.51473
7.13333
-4.22196
3.7786
10.1931
-5.6476
0.367375
-0.183508
3.77612
1.12279
4.57918
-2.71205
0.0197031
1.96415
3.28397
-6.11766
-0.883956
3.19194
-4.88252
0.332897
-1.27803
14.9124
2.45615
1.53636
-4.75187
