-6.09018
-11.6164
-2.13703
1.20896
-2.80647
3.06142
1.11471
1.6023
0.96707
1.64534
5.75016
-0.138709
-9.58125
-2.83287
-1.84077
1.01354
-3.88082
7.3702
-8.49753
3.21429
1.62703
6.78578
1.538
7.33609
6.21413
0.163207
3.83421
-0.49137
0.0255429
4.80391
-0.111305
-0.628299
1.52463
-6.15889
6.81369
-3.79759
-3.64269
3.19468
1.33062
5.01545
-1.77766
-0.55696
-0.100598
-9.75039
9.96228
-6.04592
2.63725
0.756038
-7.75352
3.68631
3.03592
-9.9503
-1.1089
1.19289
-1.43296
-2.0497
-3.68652
2.63466
-1.86007
-1.46359
-1.93554
-1.885
-0.973702
-2.40161
-0.940215
12.4605
2.96934
-3.07216
-5.25083
0.948478
-5.88945
8.43744
-0.167141
1.66099
-7.76371
-3.20177
-4.50493
4.3163
0.865026
-12.0791
-2.95912
-3.03875
-1.14058
0.709576
1.7396
-7.67216
-2.44882
-1.364
3.1009
-3.76074
-2.67042
-7.20729
-4.26529
-2.94913
-2.90566
7.74255
7.36325
1.80461
-8.20815
6.21556
-3.43326
8.52807
-9.68401
-6.08544
-1.59752
-10.3573
-16.3584
-0.0644517
1.37284
0.375375
-7.47489
-6.92241
-5.99507
8.06379
2.28675
0.735228
-4.09552
-0.961295
15.1825
2.34363
-6.18206
4.06801
-4.09554
-0.993849
-5.32957
1.46435
4.13406
0.920334
-6.46535
-1.33514
4.79349
-4.96216
6.00304
-3.3582
-3.98944
-3.39534
6.24483
5.20505
-6.677
-6.63222
-3.22938
-5.35994
-0.31815
-4.57482
-11.2473
5.10017
3.58478
-4.73033
1.12426
-6.84758
3.78506
-3.5383
8.92691
-4.99208
0.236285
0.579063
-3.10536
-7.07584
5.21115
5.21256
-6.26715
5.39651
3.1316
-5.57044
5.8034
-9.32252
4.91365
-4.07292
-8.64986
5.48342
-4.48332
-0.167784
-7.85078
0.437055
1.67849
-8.41259
2.76057
-2.1548
9.18849
0.393701
7.96825
0.293026
-9.07921
6.63977
0.233403
-0.387358
-0.020577
-2.28148
1.36582
-6.14093
-0.856796
9.42935
-2.75871
-7.19923
6.71147
-4.21263
-2.42884
7.19864
-7.29758
-2.3665
3.94073
-3.73278
-6.59756
2.79396
-5.1845
8.69645
-7.66239
-5.90693
5.80492
-3.49299
5.03115
8.72349
5.06322
-2.85878
6.12784
-7.25671
2.5355
-5.22865
4.11812
-5.5955
3.97818
-7.17373
9.31122
-3.59408
-1.74515
-7.23311
14.0125
4.70777
0.44809
2.44377
-9.5511
-2.48739
1.16633
-1.76929
7.92773
5.1576
-8.63519
-6.20026
1.74563
3.80527
2.01744
4.44993
-1.36986
-3.14936
-2.71409
1.25383
-5.9182
-7.33419
1.71294
-3.28695
-1.84162
0.0450882
6.43689
-4.03094
-2.03614
-9.97242
