-5.49892
-11.8498
-7.45679
5.42724
-7.70756
1.73918
-0.0686584
0.126963
1.15538
0.0744371
2.15998
-0.574843
-9.03289
-3.1339
0.0924175
1.43716
-3.94678
5.4385
-8.43106
3.1142
4.91338
7.55595
2.90606
4.41091
7.65074
4.07546
0.982885
-5.07385
-1.31724
1.06994
-1.30766
-0.453319
-0.677798
-4.439
7.6052
-5.55167
-0.956551
1.49912
6.01683
1.49839
-0.0549408
-2.22172
7.4056
-7.68046
12.2494
-8.20541
-0.766938
-0.242375
-7.80637
0.790813
-1.21483
-7.78686
-2.59806
2.88375
-0.168082
-0.994548
-9.74803
3.50373
-3.20111
0.791396
1.21442
-0.85756
-1.7079
-4.29527
-0.96664
12.5274
8.12526
-1.79745
-11.2252
-2.15397
-2.30449
9.5328
-3.71153
-0.284328
-5.58288
-0.393855
-6.28262
4.12948
0.31904
-9.30122
0.422945
-1.18418
-1.07076
-0.811928
4.07397
-4.05959
-2.73089
3.60395
4.40224
1.25161
-2.28082
-6.70077
-2.6157
-2.81374
-1.14461
5.4926
4.4143
2.94817
-3.5486
5.98942
-3.02202
5.16377
-11.5926
-3.72622
-5.23665
-7.70364
-12.0888
-0.735405
0.178571
0.708495
-6.73376
-5.11983
-3.58913
8.40739
3.5936
0.116657
2.7497
-0.576702
13.5017
1.50581
-9.33779
4.94393
-6.01641
-0.482506
-2.0082
-2.55006
1.48988
5.57103
-4.78877
3.73049
5.2802
-4.1668
3.37049
1.16486
-1.65815
-3.38071
4.81766
5.02554
-7.52318
-3.77529
-1.65979
-6.55694
0.0227646
-5.12866
-8.24544
4.6989
4.9032
-1.87951
-0.923324
-6.17676
0.19697
-7.40822
10.4258
-9.3048
2.30003
7.81939
-2.29308
-7.27383
6.39662
8.28583
-4.92089
4.84355
5.52002
-5.20628
3.96845
-8.7078
5.3139
-0.637716
-6.89074
9.79404
-6.46013
-3.46861
-7.32885
-1.22651
1.61487
-8.05381
-0.540728
6.39799
12.3765
-0.495686
4.24295
1.63186
-6.75711
-0.686772
-4.35629
1.8457
-0.441633
-0.502248
4.85908
-8.6547
-6.63286
7.27493
-1.05552
-4.37607
8.30763
-2.88974
5.21911
7.79063
-9.48828
-2.47021
5.53107
-1.15775
-5.42811
1.44827
-3.67785
13.7007
-5.07334
-4.55486
5.04769
-3.4687
2.36561
8.36558
7.07162
-8.82599
3.5968
-7.59992
4.14778
-7.80901
3.69141
-4.95665
6.7776
-8.38457
8.53893
-6.55022
-2.35688
-6.81778
14.1952
8.87654
-2.52296
2.81488
-6.89075
-5.10043
2.45934
-1.99099
10.0628
4.01661
-4.36687
-0.0480535
-0.316511
4.54981
-0.383891
0.508112
-3.57538
-2.40075
-4.6193
2.89061
-6.39492
-6.44453
4.38011
-2.17946
-1.41511
0.570316
10.0319
-3.57862
-3.68545
-5.40923
