-2.44109
-5.72589
-4.2094
-1.94505
-2.02826
5.37353
-2.24696
-3.32637
1.95309
-4.71923
1.50968
2.37381
-4.94787
5.83359
-2.12047
-1.43245
-1.78731
0.843238
1.46854
7.45487
-2.58679
3.66659
8.65722
3.55293
2.64823
-3.49111
1.02665
0.840735
1.99655
-0.150468
1.52539
5.65468
-0.741248
-6.32856
-1.09764
-2.43067
-4.91138
6.93303
4.48697
11.915
-3.32172
2.76425
2.99622
0.998944
7.81288
-0.716001
-2.15964
-4.30147
-6.61016
1.73532
1.67437
-3.37932
-4.38653
1.85019
-2.15707
-1.89293
1.12073
6.4663
-1.19128
-6.3611
0.0151372
0.998385
4.45375
-2.16436
5.37953
3.72926
6.04274
8.42041
-5.23152
-1.20518
-5.59907
2.40575
0.418071
3.59049
-4.62866
8.62948
-7.83187
10.8443
-0.919828
-2.91419
-1.86595
3.44006
0.856891
-4.01766
-5.95032
-4.92512
-4.93072
0.619662
3.31743
-2.30206
-0.420219
0.915322
1.82266
-0.692532
-3.56742
5.044
0.416388
3.56971
-5.80249
-2.64322
0.156334
10.0737
-4.14786
-0.529141
-1.18149
-4.15625
-2.78316
0.629254
7.7407
-3.81135
-4.30987
-6.32224
3.57203
1.5705
-7.28389
5.71804
-0.157083
10.434
13.5028
0.170273
0.593684
5.70761
2.09897
-2.64158
-4.57037
1.52025
0.0654626
3.91021
2.24594
4.56571
3.23775
-3.94301
-1.0155
0.58522
-3.67026
-2.53885
-0.207517
-3.66806
-4.36399
1.44875
4.54974
-6.94691
4.83014
-7.0851
-0.635566
4.44817
4.03398
-1.28115
7.45702
-3.9339
-3.69567
-8.27408
3.36972
-3.23998
0.956035
-2.29158
-1.90891
-1.38809
6.13713
-1.81568
-4.61314
7.9725
1.36309
0.688735
0.958159
-4.4563
3.87687
-4.65553
-2.68191
10.5321
-5.09757
-4.30345
-3.56478
1.1461
-6.1638
-7.84973
-4.30857
-2.61612
0.308443
-8.73035
-1.83909
-2.9996
-2.94875
1.04443
4.93977
-0.654844
2.23417
0.184612
0.2222
-3.30526
1.52948
1.96576
0.887423
-0.868868
10.8211
-3.96479
3.7583
-0.51812
-2.28827
-3.64409
6.83317
-0.982701
-6.41625
3.18717
-0.855716
-0.272463
-0.469553
-4.60156
6.57297
-3.41824
-3.86494
-1.03501
4.60637
-7.38474
1.73011
0.55238
-2.47773
-5.47705
-1.63879
-4.28072
-3.11256
3.5762
4.02572
3.73918
-2.27383
-2.26503
11.219
0.205291
-5.27754
4.61024
-7.64534
1.65779
2.82093
-0.642288
3.83722
5.02611
-3.76245
0.628889
-2.06008
4.75107
7.86917
-0.470093
1.41865
3.06864
2.97359
1.0984
-1.02639
-2.5126
1.98599
-0.561429
5.51386
-3.43782
6.38233
1.59056
-3.27013
-6.18378
