1.95934
-7.2841
-6.18103
0.409711
2.09762
0.841504
3.39863
-6.17753
1.43157
-4.52519
6.46371
-4.50312
-5.75986
7.42718
-1.64975
-4.3413
-1.0851
-2.19399
-6.14028
9.19818
-0.339672
-0.991017
4.88597
4.25677
7.9656
-4.77382
3.20979
-2.56272
-0.973776
5.13849
-2.51588
1.997
5.10529
-0.154554
2.55968
-3.92046
-0.779037
-1.61176
3.74778
-0.338589
-0.75492
-0.386232
-0.997507
-4.87394
5.60321
-1.12109
0.570452
-5.90015
-2.25668
5.04353
1.05569
-7.32911
-5.25075
4.39905
-4.4485
-0.45783
-2.53896
9.29156
-6.15884
-6.72544
1.28868
-0.427326
1.45736
-5.11495
-1.36967
2.18918
5.42129
-1.73332
-2.32682
-1.07543
-0.733004
-3.42585
1.54415
1.79815
-8.41625
-0.954183
0.401052
1.55581
0.345286
-1.30123
-7.06094
-0.740559
-0.278705
-3.67136
-5.36063
-4.9514
-7.54673
0.94431
-1.99071
-1.46979
-1.07016
-6.35413
-1.32551
4.32509
2.75643
10.39
4.76985
4.13987
-5.23736
2.84071
1.42579
6.89623
-3.17504
-4.29815
-2.8719
-2.37242
-8.14853
-1.34034
4.3556
2.98439
-4.28331
-0.887743
-2.11235
-2.05322
-3.6534
1.12155
-1.6528
5.58378
10.8492
6.41248
-10.736
2.62861
-3.04572
4.47175
-5.60952
2.04629
-3.48257
-5.39849
-1.97202
2.91069
6.55996
-2.96535
7.80478
-5.90934
-5.21656
-2.57225
4.23719
-1.34533
-6.57071
0.0152402
1.43023
-5.20354
-1.86307
-3.20928
-4.17676
3.65642
14.3407
-2.72061
1.63294
0.63231
-4.74664
-7.01428
3.26014
-5.36346
4.17196
-2.84678
0.537581
-3.64905
7.14126
-1.05801
-0.996383
1.33066
6.51556
-6.06153
0.626993
-0.794571
3.85785
-9.85256
-1.20612
10.9672
-3.12108
-0.597552
-6.19808
4.76163
0.437226
-0.807312
3.3955
-0.550943
9.5008
-2.75896
-3.13843
5.75638
-6.74169
8.53477
-0.842097
-0.854923
0.452109
-3.35797
1.62889
-8.06432
2.63721
1.97958
-3.93903
-1.41971
9.04226
-1.17398
5.32828
6.16301
-6.44364
-1.50251
2.8005
-2.41392
-8.47947
0.365882
-0.157464
10.6118
-0.0369291
0.674916
-4.39232
-2.33692
-1.07189
4.76342
1.85441
-5.60154
1.54129
-3.73429
-2.79007
-5.52681
-1.15605
3.01192
2.5938
3.6633
5.7544
3.21359
1.23953
-0.313043
4.58029
-2.26186
-3.25487
5.58403
-5.74177
-1.69295
7.12422
-3.9102
4.48267
8.91825
-1.73396
-3.86603
-0.478847
6.19544
5.99713
6.77607
4.73573
-4.21894
2.11393
2.15766
-5.08975
-3.20137
2.64083
-3.38652
5.32951
3.86193
11.6563
-2.86945
2.73842
-3.77928
