-1.95225
-5.4707
-3.98231
-1.8863
-2.22279
5.16976
-2.24049
-2.85564
1.94026
-5.3765
1.39042
2.24778
-4.72408
6.21232
-2.03268
-1.79271
-1.48986
0.834131
0.929495
7.53989
-2.53541
3.4599
8.61514
3.32648
2.79271
-3.66051
0.705679
0.914344
2.315
0.0643721
1.17609
5.5332
-0.931712
-5.97345
-1.35452
-2.53474
-5.1896
6.21522
4.8649
11.6777
-3.45818
3.1531
3.10556
0.645945
7.74025
-0.644766
-2.23466
-4.41054
-6.76485
1.75956
1.46073
-3.63493
-4.70309
1.29898
-2.64319
-2.08162
0.521605
6.24356
-1.35117
-5.98806
-0.0635507
0.953656
4.13288
-2.47108
5.12637
3.16983
6.07233
8.78061
-5.37723
-0.879225
-5.38244
2.30055
0.144528
3.45772
-4.31314
8.73456
-7.39891
10.5232
-1.15034
-2.22303
-1.81873
3.26609
0.244685
-3.78694
-6.22596
-4.71689
-4.68203
0.58046
3.20598
-2.45032
-0.437157
0.672858
1.91039
-0.406033
-4.32523
4.69991
0.449459
3.33391
-6.2631
-2.66326
-0.0582309
9.71195
-4.01478
-0.407464
-1.35267
-4.08119
-3.06047
0.285184
7.30506
-3.74777
-3.91301
-6.24438
3.30622
1.31941
-7.35164
6.11287
-0.12243
9.78574
12.9393
0.271679
0.571775
5.5157
2.28399
-2.54343
-4.73847
1.21497
-0.76176
3.70361
2.61144
4.56473
3.32732
-3.45793
-0.746014
0.309633
-3.3401
-2.70556
-0.691556
-4.00325
-3.90993
1.3674
4.53316
-6.78832
4.49791
-6.61695
-0.451801
4.50049
3.59804
-1.49447
7.24109
-3.67079
-3.825
-7.88822
3.57428
-3.47775
1.41806
-2.53112
-1.99873
-1.14984
5.91502
-2.32551
-4.47373
7.73508
2.03345
0.724219
0.997481
-4.05264
3.74391
-4.70701
-2.57164
10.6377
-5.05149
-4.38457
-3.43255
1.09318
-6.4232
-7.84806
-4.51035
-2.98594
0.46754
-9.06709
-1.95064
-3.01857
-3.06597
1.18294
4.3361
-0.519893
2.17222
0.252293
0.383651
-3.34201
1.65276
1.74778
1.11576
-0.682458
10.9064
-3.98634
4.10614
-0.912618
-2.2935
-3.54301
6.86438
-0.707764
-6.16185
3.08281
-1.05316
-0.527783
-0.160478
-4.41594
5.98407
-3.91491
-4.20145
-0.994425
4.74417
-7.19537
1.37861
0.448962
-2.38516
-5.43413
-1.89952
-3.91308
-2.66085
3.55906
3.47402
3.4203
-2.55956
-2.45936
11.0093
-0.248211
-5.57958
4.53304
-7.44012
1.69809
1.75581
-0.240177
3.94697
4.58853
-3.67937
0.195433
-2.13348
4.67645
8.15459
-0.621067
1.67432
2.60796
2.79884
0.925457
-0.919725
-1.99702
1.75114
-0.552052
5.72751
-3.57011
6.11177
1.27099
-3.37982
-6.14941
