-1.3577
-7.39227
-2.58525
-0.519604
-5.69458
2.24937
2.75583
-1.20696
5.13364
-3.99474
0.546495
2.51789
-7.93058
5.24282
-3.12682
3.95247
-0.72718
-2.67948
-1.53609
6.09108
-4.62414
3.71441
11.9783
5.62746
3.31772
3.09695
-0.81775
-2.60393
5.36634
-1.33965
-0.235027
5.01163
3.91882
-2.11788
3.35737
-2.33033
0.354017
2.302
2.31109
7.70735
-4.74346
-0.907347
2.38414
-2.91331
8.03632
-4.39376
-3.92108
-2.12991
-1.24438
-0.100199
-1.37084
-10.8819
-5.37364
2.07184
-2.34364
-0.0196609
-5.6937
2.33829
-1.74805
-6.52556
6.09298
-0.812366
-3.47422
-1.7546
-2.50188
1.98434
5.06471
-0.311795
-10.7048
-2.77144
-1.50134
-4.00294
-5.19059
-0.452988
-9.19278
3.54868
-6.20211
0.160618
4.04811
-8.84114
-7.16465
1.32174
-1.93643
-1.85814
-4.45743
-0.613997
-8.0504
-1.92146
-4.18302
-4.43082
-2.52169
-8.22655
-0.905002
-4.84119
0.311764
3.42447
-3.18728
4.38211
-5.78913
-0.937732
-7.93468
10.6674
-8.4413
2.95768
0.199097
-3.54128
-6.61686
-1.63336
3.53438
-0.302054
-6.96662
-1.48768
-3.04485
4.21597
-5.90888
0.0592928
-2.4847
1.17621
8.0171
3.21452
-6.89259
4.26847
-3.61808
2.35884
-5.03037
-0.482606
-0.581089
2.7295
1.37987
5.29446
-1.681
-3.23036
3.39596
1.3776
-2.85912
2.71527
3.37694
3.40564
-6.61404
1.4296
-4.09107
-8.18529
3.89454
-3.93293
-1.46112
-1.07202
-2.30984
0.36706
8.51298
-7.57667
-1.78131
-2.39869
6.47624
-3.46754
-1.66865
1.1885
-1.55608
-4.79279
2.91046
-0.734413
-7.27415
4.37208
1.57714
0.175645
5.16421
-6.07853
5.89927
-7.71643
-3.81014
10.8036
-4.27848
1.90535
-4.53475
-5.17219
0.830995
-5.39985
-2.81794
-3.8567
7.47512
-6.15424
2.54073
-3.03085
-2.81221
5.004
1.68367
-4.72255
-1.05686
-4.52966
-3.7529
-2.70013
2.58289
4.68285
-0.138409
-2.40259
5.43322
-5.98289
1.83954
3.12696
-5.12924
-5.808
1.55669
0.280529
-11.2315
-0.451694
0.406049
2.05669
-1.11317
-3.28295
4.36417
-1.07939
3.11176
2.43182
3.14838
-6.53775
-4.08393
-0.737862
-2.30229
-6.40654
-4.28151
-2.18171
-0.33422
1.71237
2.67903
1.34181
-0.551488
-3.3122
6.216
-3.84058
1.54475
0.739984
-5.95942
-5.42121
2.91234
0.506518
3.00193
-0.831476
-5.28861
-5.88043
2.88603
11.2723
4.90412
-2.60213
1.64826
0.698407
-0.510856
1.50968
-3.18309
1.83078
1.10653
2.30768
1.15671
-2.62207
9.00786
-3.87771
-4.16824
-3.70848
