-0.29852
-5.66278
-5.10592
-2.24579
2.12132
2.62952
1.36317
-4.50107
5.29725
-3.18806
0.579426
-0.94169
-3.95673
3.21197
-5.47714
-0.0440197
-3.65584
-0.6749
-0.33985
3.43943
-4.92095
1.92401
5.56581
2.32074
3.31247
-6.92379
3.22371
1.19141
0.650343
1.13003
0.0873737
1.41265
2.13925
0.382576
-1.01719
-0.790498
-3.30824
1.3485
2.75385
11.0148
-1.89617
3.63144
-1.55672
-1.84946
6.79891
-2.79849
0.981859
-6.16963
-4.7703
1.58983
-3.13712
-5.80091
-2.56864
0.317944
-7.25526
-0.216119
2.49377
3.65947
-3.1551
-10.6373
1.78083
0.625578
-3.28888
-3.1924
1.51754
4.40429
2.88354
6.36348
-5.47273
0.40153
-4.31047
-0.839537
-2.29372
6.83017
-4.63764
3.92041
-6.45476
7.78025
-0.867409
-1.17936
-5.84167
6.86326
1.47458
-1.37759
-5.93937
-3.4401
-5.25084
-0.602955
-0.886693
-3.74014
-0.414461
-1.41251
-0.658321
-1.04105
-5.52606
5.38788
1.45665
2.73548
-3.67507
-1.29218
0.511008
4.58931
-2.1553
-1.59868
-1.94701
-3.76753
-4.78278
2.41711
9.21784
-3.65568
-2.62198
-5.93968
4.33443
3.74499
-2.38455
3.55445
-0.271538
8.68129
7.48109
2.28718
-0.120652
4.21143
2.0122
0.285418
-2.70761
4.09483
-4.35976
0.270554
1.65733
2.19713
5.77132
-6.73686
2.93138
-2.24577
-4.87371
-4.82833
-0.531053
-3.85547
-7.75561
-2.65939
2.69982
-6.34517
-0.196677
-5.10214
2.69448
3.66337
3.20746
2.03341
7.20808
-4.61186
-0.819088
-0.931647
0.563913
-2.61111
1.13141
-2.98514
-0.541475
-1.07098
3.75272
-5.06116
-3.18113
7.94731
3.63557
-2.51793
3.15844
-2.74307
6.19796
-6.92977
-2.98667
6.78317
-4.62679
-3.94433
-4.36998
-1.81825
-4.35568
-6.69197
-0.131181
-2.00811
-1.46477
-7.4201
-4.20092
-1.52931
-1.31774
1.40108
5.26374
-4.09822
-2.51947
0.48849
3.24892
-8.38386
6.9951
3.18324
-2.0708
1.47798
11.1416
-7.47647
4.08068
-0.704117
-0.897583
-5.44803
3.27127
-2.5992
-9.47982
-0.789041
-1.6375
1.90759
-4.1146
-5.10602
2.41346
-3.60563
-5.36867
-2.64355
4.311
-6.84614
-0.0101274
1.63326
-1.90339
-5.83381
-0.507914
-3.55211
0.34451
-1.9029
1.21231
-0.0938408
-2.40952
-2.24003
7.14214
-4.95363
0.906737
1.14274
-5.66836
0.136934
-0.937741
2.28088
6.54429
1.5173
-3.7392
-5.22269
-0.734663
4.92964
6.65761
-0.234983
1.4144
0.90468
0.963493
-2.13721
1.13858
-0.0590174
-0.337759
-1.2848
4.50044
-4.86904
2.5392
-1.30695
-1.87293
-2.42692
