-1.15608
-6.56885
-4.1028
-2.252
-4.44341
1.84505
1.65916
-2.22975
4.6929
-1.45212
1.64671
1.3749
-8.14904
5.91633
-3.09569
2.67134
-1.52793
-1.19644
1.37784
10.3763
-3.21998
3.09899
10.4019
10.7856
4.27148
4.68701
-2.14589
-0.655226
2.21545
-0.0401158
-0.0013172
1.17487
1.30432
-4.04695
4.6725
-2.65169
-1.19092
2.1133
2.54913
11.1898
-5.30957
-2.04808
3.76021
0.086797
8.56504
-6.97952
-4.05689
-3.15228
-2.26002
0.0253297
1.82568
-9.78112
-5.05239
5.26422
-1.81589
-3.32149
-6.45014
3.94331
-3.96539
-4.8273
6.13067
-1.56279
-3.32921
-3.11416
-1.60871
5.64165
3.3567
-1.76544
-11.7087
-3.76697
-7.02484
-5.82445
-3.62312
-0.837733
-7.64269
1.83686
-5.68533
-0.64796
-0.499115
-10.5171
-10.5771
-0.492984
2.4207
-0.946151
-5.0338
-1.66108
-10.9854
-1.41558
-2.86814
-2.24211
-1.78807
-8.59599
-0.642791
-5.92435
-3.51861
3.35566
-5.16498
4.65029
-6.65879
3.67933
-9.82287
12.9586
-13.4158
4.33391
1.474
-5.3718
-7.79443
0.66353
4.90446
-0.93672
-5.09842
-2.7763
-4.38565
4.73841
-7.5403
0.593785
-6.53022
1.09758
10.2449
7.58609
-6.73386
6.9027
-0.845238
1.90579
-4.85383
-0.523272
2.2462
-0.516964
-0.345122
0.130219
-2.00258
-5.67034
2.19217
0.815021
0.270259
0.068979
6.34341
1.95181
-7.04514
1.20844
-5.9427
-10.3326
4.06596
-4.1213
-1.23833
-1.62597
0.381852
1.30423
7.04484
-8.2431
-4.76482
0.286643
7.25299
-7.28715
1.13209
1.0866
0.209452
-3.28679
5.37734
0.512351
-8.28156
4.44368
1.52288
0.696601
4.34799
-6.26137
10.2194
-8.02267
-5.48037
12.1697
-3.13338
3.89061
-7.0355
-2.15792
1.45298
-6.21714
-0.325157
-4.62203
10.1626
-3.55796
7.10446
-3.89457
2.53743
7.29692
1.67815
-4.5866
0.953978
-5.63766
-5.53306
-2.31557
2.32649
3.6535
-1.25508
-0.654824
6.01076
-6.51169
2.29484
3.21352
-9.88199
-2.60098
-0.459523
1.16121
-11.3398
-0.0470729
-2.35137
4.30433
-5.26108
-6.07025
5.1692
0.775598
6.01112
0.023173
5.90161
-6.63631
-4.90458
-2.47671
-2.00441
-6.75498
-5.07966
-4.4792
1.51511
2.51987
3.11216
-0.956961
-1.51811
-4.42878
4.95916
0.223544
-1.36427
2.63659
-5.54799
-6.33544
7.05898
-3.1269
3.86316
1.17358
-7.15829
-4.14608
2.76398
14.5436
1.30147
-2.71041
4.20709
-2.20033
0.607199
-0.079546
-7.39094
3.39922
2.25863
2.16606
1.29048
-0.892618
8.7326
-5.59621
0.153784
-6.64928
