-1.52378
-6.24558
-3.85126
-2.72292
2.61142
3.77248
-0.134546
-3.77644
5.76029
-3.70899
0.924051
0.272816
-5.2431
3.04655
-1.09868
0.235853
-4.05397
-1.6761
-0.371886
4.29393
-5.35939
1.8991
8.19871
2.22593
4.49793
-4.3497
1.46593
1.38235
0.55483
0.930322
-1.87369
2.52265
-0.897953
0.819529
0.687157
-0.0228414
-4.80453
2.37181
4.60333
11.8049
-0.808216
1.19293
1.87799
0.779539
8.56099
-2.80518
0.576743
-3.94697
-5.63517
2.65774
-0.299234
-5.58266
-4.10439
1.43748
-5.58743
-1.69624
1.29326
4.57623
-3.15805
-9.24073
0.502143
1.8291
-1.85286
-3.11308
2.81163
2.98666
5.85027
7.58754
-7.43862
-0.0847933
-6.3331
1.70982
-3.06804
2.76982
-4.24298
6.22055
-6.6318
7.6842
-2.89591
-1.47302
-3.96002
7.1943
2.23138
-2.34011
-5.1413
-2.89352
-5.3442
0.807664
-1.53457
-1.63434
0.716487
-2.26905
-1.55319
-0.114342
-4.27067
3.52675
0.677606
3.30608
-3.37894
-0.963276
0.25339
7.44156
-2.76095
0.741391
-4.02076
-2.99565
-2.77237
2.58465
10.7417
-3.89272
-1.76029
-4.50847
2.60517
4.45477
-3.35994
5.16191
-2.9628
9.35183
9.77594
2.47255
-0.540296
6.71798
3.50637
-0.52271
-4.07155
2.53174
-3.52467
3.33797
1.2495
5.68563
5.85281
-5.95052
1.48534
1.45835
-5.36566
-1.96446
-1.07535
-3.51191
-6.86928
-0.33406
4.23769
-6.5013
2.44624
-3.50274
0.895306
3.51611
2.30726
1.39478
8.48934
-5.33207
-1.61576
-2.61482
2.67244
-2.91789
2.19404
-0.521905
-1.29023
-1.4719
4.97821
-4.48309
-4.58352
7.87929
4.63102
-0.596373
1.9168
-2.53872
4.55377
-9.84515
-4.0589
8.27083
-4.74731
-5.68856
-3.34702
-1.05139
-6.10332
-7.56384
-2.36822
-2.40205
1.33025
-8.97296
-5.20303
-1.69361
-0.0173216
0.00116271
5.90955
-3.97628
-2.54421
-0.272819
3.22583
-8.2924
6.22406
3.43626
1.56713
-0.461805
11.4879
-7.06384
4.7982
-1.13301
-2.94553
-4.938
4.90999
-2.61223
-10.8443
0.364207
-1.12182
2.37989
-3.28643
-4.97113
2.94435
-3.25192
-3.91668
-1.73434
7.0419
-5.49761
0.745651
0.947297
-0.177237
-5.24196
1.43209
-3.09449
0.37443
-0.0986475
2.13439
-0.754383
-0.417732
-3.24699
6.98327
-2.90828
-0.895774
0.450664
-6.03268
-1.76262
0.733575
3.22099
4.99432
2.70543
-3.14672
-4.67462
-0.742118
5.92369
8.82661
-1.99615
0.597457
0.624923
0.209392
-2.4925
1.22264
1.25596
1.86133
-0.870732
4.56331
-2.67221
5.041
-1.13416
-3.89128
-2.37724
