-0.815714
-0.782245
1.44833
-1.68338
-4.65479
2.36395
-1.10111
3.1562
7.16528
-4.91247
-0.838052
-0.71264
-7.09972
4.34211
-6.86413
0.450103
0.803655
-2.8458
2.70929
8.86113
-2.71644
4.57505
14.0001
6.58429
-2.04922
4.419
-0.775592
-3.17954
3.57902
6.26882
-0.595737
3.32808
5.21731
-1.88824
4.48636
-3.74723
3.65854
-1.08801
6.09065
10.2292
-4.18362
-1.2676
2.26657
0.623147
5.99753
-5.8647
-2.94792
-3.4649
-2.34935
-3.68876
2.31086
-10.0242
-2.05405
6.5433
-6.70909
-3.2745
-7.57404
3.40627
-2.05772
-4.66436
8.12966
-2.31231
1.52591
-2.08713
-2.39888
-0.0500702
8.25442
-1.19823
-13.0577
-2.25377
-1.77803
-5.78091
-4.72782
1.81707
-8.77865
1.79513
-7.55446
-1.08382
1.24628
-8.38073
-8.4126
3.54681
1.44887
-4.15882
-6.1511
2.06591
-9.10172
-2.41032
-4.14038
-0.376982
0.309125
-5.35352
0.54282
-6.3613
-1.42194
0.97707
-1.40478
3.48942
-3.94022
2.27696
-4.7156
10.7333
-12.723
5.34446
-0.262232
-2.02965
-6.91701
1.43886
5.25583
1.01469
-4.20173
-1.47186
0.220258
5.46688
-1.25304
1.11333
-2.79278
4.58406
11.7383
3.21226
-2.54483
9.59106
-2.55643
4.41617
-5.15386
-3.51535
0.820935
6.69568
-0.386052
2.46333
-3.21113
-2.80672
-1.98478
-0.771115
-0.73552
3.80283
2.68368
3.76595
-6.48566
1.37568
-4.02419
-4.83552
6.31408
1.26607
1.50966
-6.00418
-2.75228
3.53643
10.1145
-7.62332
6.27773
-4.00687
7.72742
-6.77274
-3.47529
4.54867
-5.55093
-5.47438
6.96384
-2.28457
-6.86308
2.73374
5.43831
3.89656
7.48948
-4.81017
4.19937
-2.86197
-0.443366
14.187
-1.03109
1.33287
-3.53799
-6.28812
-0.862176
-7.97377
-4.32435
-0.43848
11.2329
-9.28448
5.81578
-0.324974
1.79008
6.06892
5.32883
-1.22086
-2.01005
-7.73886
-1.9906
2.19705
1.63763
0.432117
1.54796
-2.08939
3.38127
-8.20093
0.714494
1.79063
-10.206
-3.67259
-2.34618
-1.31222
-11.5087
-1.87602
-0.682499
0.883432
-2.01776
-5.78271
7.01776
5.06373
3.04345
1.4936
5.99852
-6.3932
-2.59375
-0.842863
-1.80627
-5.90983
-4.04511
-3.94993
-0.419173
5.39691
5.54531
-0.556581
-0.721309
-1.42624
2.85257
-0.0601104
-0.681915
-3.52091
-4.96802
-6.79506
7.458
2.24556
4.00909
5.63655
-4.5144
-6.02866
-0.144498
12.9235
6.70919
-4.38999
0.183952
-0.918142
0.803061
-1.46884
-6.39738
7.34006
7.23799
4.12411
-4.43018
-1.7111
13.5067
-5.71645
-2.0594
-5.51737
