-0.964304
-8.19431
-4.03267
-3.7091
2.03992
3.8813
1.31303
-4.80195
6.64352
-5.67204
1.35548
-1.11645
-4.70568
4.6474
-2.3175
0.125869
-3.79672
0.111738
-0.401219
5.84192
-4.11762
2.06702
8.0121
3.06353
4.25947
-1.38981
3.09228
2.87194
1.07754
0.715344
-0.861459
2.93897
-0.562884
0.0629143
0.350749
0.985031
-3.91041
3.81008
2.76739
11.7906
0.285299
2.95101
-0.487621
1.05326
8.3444
-3.31276
-0.305987
-4.13472
-9.63094
2.46765
-1.03281
-6.0707
-2.98358
0.0975004
-4.26139
-2.05805
0.767379
4.57418
-3.74282
-7.72332
1.31745
1.27423
-3.45835
-3.07108
0.903168
5.46299
4.3603
8.0084
-7.88119
0.45667
-4.99539
1.24556
-2.31622
3.51833
-3.57158
5.64049
-5.38025
8.56082
-2.48205
-1.227
-5.32671
7.80447
2.71914
-2.16284
-5.49193
-2.78662
-5.53482
-1.28816
-2.55113
-1.34435
0.421336
-1.69929
-0.332378
-1.88874
-2.76692
3.89888
-2.22187
2.62434
-4.38488
0.222824
-0.188171
9.79023
-4.60865
-0.12975
-1.24097
-2.2173
-4.44419
3.93295
11.1773
-4.21482
-1.64511
-5.82134
4.30509
2.85869
-2.70618
6.97816
-2.73045
6.7967
9.3217
1.1365
0.183508
6.70987
5.09786
-0.681347
-5.2321
2.62272
-3.38276
1.1086
2.26997
2.14944
3.99625
-5.989
3.531
0.459382
-4.97347
-1.88074
-1.78088
-5.0414
-6.04424
-2.24837
2.02813
-5.44264
0.877484
-5.85157
1.34946
1.39927
2.88591
-0.0647398
6.73333
-4.57675
-2.1548
0.487545
1.65836
-3.17983
-0.709032
0.194503
-1.30538
-1.33961
5.3987
-3.89362
-5.12015
9.10366
4.54546
-0.350783
2.60992
-3.31614
6.8435
-8.58611
-4.5885
8.30196
-5.04834
-2.6707
-1.81858
0.849137
-7.08828
-6.78687
-2.29995
-0.892208
0.563779
-8.22943
-4.83667
-0.141615
1.06249
-0.0843953
5.76267
-2.67247
-2.08302
0.493067
0.927218
-6.82693
5.31239
2.66264
2.33384
2.28468
10.6376
-5.96817
6.15112
-1.50642
-3.27703
-4.22914
6.51551
-1.08555
-10.4289
-0.142354
-1.66245
4.4766
-3.32071
-3.41199
4.69076
-3.7492
-3.20091
-3.19989
7.03089
-4.44167
0.562574
1.91263
-1.89919
-5.2936
0.640018
-3.31872
1.50478
-1.55606
-0.0858324
1.29062
-1.43557
-1.10939
6.16177
-1.99802
-2.14062
3.72595
-5.33877
-1.11826
1.11462
2.47148
4.83099
3.06201
-1.69391
-4.3266
-0.0919053
5.179
8.82086
-1.12033
1.92534
-0.24556
0.866414
-1.51275
1.76143
1.52402
1.56198
0.764372
5.8081
-1.83077
3.76133
-1.21263
-3.33131
-1.71426
