-3.54286
-0.241937
2.97394
-2.1298
-6.16027
2.97383
-1.66968
2.41668
4.87864
-3.71397
-0.608954
0.650158
-6.46846
5.29563
-5.95861
0.6245
1.38174
-4.33799
1.8221
8.84504
-4.31998
4.29243
15.3655
7.3466
-1.67287
5.04062
-0.331299
-3.34646
4.5438
4.82672
-2.27179
2.44745
3.47625
-3.28881
7.15683
-5.53385
0.799312
0.679518
7.27234
11.0575
-6.62429
0.997369
3.97381
0.485507
6.89484
-6.6488
-4.11877
-2.10004
-3.1651
-3.60407
2.24483
-10.7151
-3.66599
5.34821
-7.52077
-2.94256
-8.85762
6.44478
-2.11071
-4.99552
10.5001
-3.03654
-0.500875
-2.64281
-1.9247
-0.832572
10.3317
-1.33266
-13.5406
-5.15053
-1.91283
-2.83233
-3.70869
1.43569
-10.1126
4.14755
-9.81519
-1.54189
0.143137
-8.08535
-8.90268
4.45058
-0.0533777
-6.36271
-6.50314
-1.23013
-9.42731
-0.754715
-4.79785
-0.80334
-0.787596
-4.10857
1.67603
-7.3548
-1.06729
0.360618
-5.3826
4.82004
-4.25168
2.67028
-6.00662
12.6466
-13.4627
7.05205
-0.339226
-5.14379
-4.69975
-0.58077
4.55529
-1.57672
-6.20372
-3.75765
-1.07897
3.68875
-1.03342
1.06596
-5.70384
6.91057
10.0599
4.71391
-2.81607
6.76541
-1.49226
1.87902
-5.66216
-5.29811
-0.451314
5.57227
0.638808
4.64517
-4.86629
-4.23572
-3.15383
0.541298
-0.593934
4.50786
2.11427
3.64536
-3.88901
5.28727
-4.32152
-3.62195
7.14929
1.70016
1.43033
-5.52042
-1.82809
-0.448337
8.9832
-7.71757
5.37151
-3.59241
8.51579
-6.40324
-1.24749
4.7718
-4.62154
-5.96316
7.53678
-2.7223
-7.96681
3.06224
2.50458
4.56855
7.26982
-8.17924
5.71247
-2.15844
-2.45614
14.7105
-5.08994
-0.153065
-1.53182
-7.25423
-2.02036
-8.48936
-8.14957
-1.97755
8.92701
-8.67533
5.09726
-3.88058
1.71868
3.94167
5.65886
-3.77549
1.31715
-6.81023
-3.95102
-1.63533
0.545955
-0.587081
0.987589
-1.22176
5.18397
-6.57019
1.51158
2.73821
-7.90554
-5.9787
0.539076
-1.068
-11.3698
-2.36558
1.6653
1.39233
-4.51902
-5.1375
8.11922
3.56289
4.05631
1.57266
4.78227
-8.68657
-6.51474
-2.61342
-1.18747
-8.95293
-3.6326
-4.54325
0.481443
4.80858
4.92889
-0.930908
-1.19317
-0.642006
3.95861
0.228944
-0.413295
-2.38902
-7.17192
-8.29018
7.33087
-0.270127
5.4921
5.1509
-6.85562
-5.20428
1.43364
10.8738
6.4428
-2.39676
-1.16884
0.577186
-0.840049
0.661804
-7.57941
5.48881
4.09303
1.95634
-2.98467
-2.05039
13.3305
-5.33776
-3.2671
-4.70221
