-4.43521
-7.5122
0.823809
0.194151
-4.70052
6.69445
5.92073
2.96016
0.246846
0.656639
5.49464
-4.47704
-7.4902
7.26861
-4.70926
-4.05876
-0.344134
-0.289358
-8.4489
8.18925
-2.50435
8.53636
5.62042
3.37955
7.40135
-5.97645
1.1838
-6.76153
0.448076
-3.90869
2.7283
-3.98839
6.83604
-5.03124
10.5
-4.17845
-1.24013
-3.76522
3.07661
2.84837
2.00221
-0.623003
-1.32315
-8.73715
4.65288
-1.77234
-6.62237
-0.250337
-4.7117
0.687815
3.91446
-8.42778
-9.69174
6.18533
-6.01685
-4.36395
-0.944953
7.70711
-8.29679
-6.70919
6.06331
-1.28888
-3.75825
-8.51005
5.28318
0.967565
8.57048
3.03521
-8.72049
-0.0565006
0.72876
-0.93362
0.326343
-3.34797
-10.5849
3.55069
-2.10866
-4.46893
3.4813
-0.00863647
-6.84069
0.854351
-5.91995
-7.97906
-6.43482
-8.69693
-2.79202
-0.000491142
-1.49824
4.50386
2.49085
-5.35024
-5.49067
-3.04304
2.32528
6.72403
3.1051
7.95458
-6.34768
4.01701
0.238885
11.1248
-7.0352
-4.0692
-2.28063
-2.03517
-5.49751
-3.73391
2.47083
11.8121
-7.73495
-3.89056
-0.0715013
-0.249231
-7.16303
-0.648262
-5.10349
10.061
4.61501
2.70879
-6.96858
3.9557
-5.09229
4.3238
2.56968
2.87294
-4.95661
0.328053
-3.94431
4.85101
7.88334
-5.48346
-2.17833
-6.93824
-2.12477
-4.87588
4.56369
10.7607
-3.49056
5.66676
-4.14427
1.70196
-2.44655
-9.67059
-9.24436
3.03069
4.08453
-0.614042
5.11132
-5.68471
0.29733
-8.10145
9.22586
1.80322
5.43709
0.103608
-0.76313
-7.73762
2.0795
-1.3796
-7.56199
3.01977
8.47061
-0.441008
2.44755
0.865604
4.07396
-10.9593
4.01353
15.4291
-7.48161
2.59625
-5.88385
0.422305
-3.49553
-1.21625
6.2584
-5.69573
6.08119
-0.621428
3.11787
2.55695
-6.66022
14.2109
0.813351
-0.975121
3.15669
-7.23599
0.553772
-9.28288
1.15795
8.37474
-1.73586
-4.9014
8.08615
-6.91107
-2.35712
2.61172
-10.3644
-4.55193
8.14668
-7.47287
-3.07165
-1.14986
-0.309994
2.68007
-1.82287
-2.64971
-2.09628
-4.70401
2.22262
0.545648
9.27096
-7.72923
-1.22395
-0.940008
3.26582
-12.984
-6.00746
-0.196487
-1.57113
3.97836
13.4822
3.52018
-5.32351
-3.21874
7.47785
-5.2814
-3.41884
2.85206
-11.1713
-9.69982
-2.96949
0.903395
1.16466
4.57723
1.23843
-10.1473
-1.71694
2.12026
7.10801
9.76793
3.81688
2.29063
-2.2204
-2.13336
-5.1931
-7.60735
-4.81544
4.50441
-6.99292
-0.938256
13.7506
-1.51138
1.50287
-9.75246
