-5.51065
2.23338
0.999195
-4.46262
-5.97795
6.89608
-1.66732
1.12438
4.50961
-0.439129
-1.37637
-10.0235
-9.18385
1.64818
-7.74343
-1.82214
-0.295582
-7.84395
-1.18849
7.06404
-3.7175
7.15235
12.8233
4.32221
1.35066
-8.9486
-0.60689
-1.82109
-2.23123
0.382645
-3.11666
0.0776882
5.52161
-5.42012
7.03597
-1.10705
-4.86451
1.92841
7.10888
9.67528
-5.34473
-1.01804
6.1735
2.58971
5.90206
3.00185
-9.08707
-3.76739
-3.90679
-2.39977
1.28777
-5.58701
-3.02119
2.81133
-5.53241
-3.89405
-2.91701
8.9208
-7.0629
-3.6282
8.7365
-2.9835
5.52095
-4.80653
5.57987
0.427272
12.2789
7.26704
-9.4365
-1.04751
-4.10367
0.898563
2.28171
-0.826385
-6.52632
5.37071
-9.23053
1.20382
1.63933
2.20289
-4.26908
3.17894
1.71776
-4.09818
-9.27416
-5.66914
-4.27418
-1.60231
4.64968
2.16956
-1.72606
-4.87292
-2.40443
-2.89153
-4.92558
1.22168
6.43044
3.33784
-3.91877
-1.61917
-1.14982
9.53817
-6.30477
1.57271
-6.28318
-5.9149
0.458567
-1.15961
4.28064
0.242635
-1.35475
-3.14067
1.30112
-0.363144
-0.306879
-3.09359
-4.90632
18.1432
5.26662
2.15362
-5.88438
9.1875
0.826073
-0.316495
-0.144056
-0.358327
-4.19216
4.51988
-0.318179
4.96402
4.73539
-7.5299
-0.621454
-2.95279
-6.11345
-1.23029
0.686066
6.22242
-6.67346
10.2235
4.57632
2.19655
3.48817
-0.960948
-6.83062
-4.25415
3.89612
-0.716451
7.71738
-3.27606
7.71346
-0.65214
9.38137
-6.68432
1.69168
8.77055
-5.01682
-7.18203
4.52156
-7.83856
-10.4045
3.66636
0.453092
-0.397316
5.79814
-2.63186
1.93582
-9.24111
3.86351
16.7609
-5.48074
-2.66025
-2.66804
-2.44322
-1.40839
-5.53041
-2.15057
-0.0332295
2.81659
-3.12882
0.585958
1.92376
-2.90671
7.71442
2.86718
-5.80234
-1.07182
-3.70138
2.47534
-6.89812
1.87878
2.35972
-3.97151
0.977471
11.344
-5.97555
-0.849973
6.56164
-5.13911
-7.65188
8.7656
-2.08663
-9.23415
4.2935
3.60654
1.53222
0.383635
-4.27698
0.156779
-0.0398139
-2.43531
0.0775477
5.75077
-4.28798
-1.10962
-3.39819
2.90561
-9.0265
-0.781932
-1.28953
-3.4987
7.91791
9.86111
-1.80901
-3.76878
1.64978
8.64861
-0.372686
-5.65984
-0.540129
-10.0502
-5.92972
3.72146
5.44728
3.28374
8.98248
-6.2563
-1.95272
-2.62032
4.27282
6.6251
4.16431
0.966328
4.72307
-1.0254
-1.23571
-6.77579
0.746576
1.18412
-2.45783
-2.38649
-2.63193
17.4678
-2.73159
-4.09853
-3.46651
