-2.24641
-4.98489
-3.75154
-3.70833
-4.11003
5.62913
-2.4601
-2.47709
2.77653
-4.51823
1.53203
2.29522
-4.77316
6.26272
-2.3833
-1.52644
-0.723984
2.38623
0.776878
6.73126
-2.39427
3.05161
10.6314
2.54625
3.17821
-4.38954
0.277742
0.213765
1.58993
0.166265
1.09208
5.26972
0.0652059
-4.71793
-0.765432
-2.57064
-5.15118
7.52451
4.77071
12.197
-2.2852
1.24486
3.00336
0.704358
8.09407
0.191525
-3.22671
-3.77485
-5.63393
2.01898
1.19421
-3.25885
-5.11467
1.65856
-2.75553
-2.04577
1.03031
7.62111
-1.34876
-6.43001
0.154557
0.327908
5.82819
-2.17209
6.37512
2.192
7.33145
8.37447
-6.61151
-0.879663
-5.28023
2.3591
-0.26421
4.05941
-4.26044
9.19805
-8.18536
10.6566
-0.886597
-2.89777
-2.4177
3.92578
0.337693
-3.57797
-7.33683
-4.34735
-4.82974
0.701893
3.51861
-3.21279
-0.459156
1.51253
2.41376
-0.487638
-3.67364
4.54526
-0.229031
4.25811
-5.42641
-3.17897
0.667482
10.2728
-3.78688
-0.573743
-1.78913
-3.70505
-3.33385
0.581216
8.53542
-3.87326
-2.54531
-5.22481
2.32147
2.50953
-7.56156
5.88403
0.162534
10.9863
12.8712
-0.0839061
-0.163675
5.06674
1.03198
-2.64178
-3.56304
0.74627
-0.733709
5.13962
2.58407
7.07305
1.91569
-3.79144
-1.27031
-0.326902
-3.99822
-2.56348
-0.303022
-2.34872
-5.75848
2.878
6.30902
-6.0806
4.92207
-5.24967
0.0211133
3.71342
2.81715
-0.418224
8.5934
-3.89702
-2.10801
-7.21385
4.22786
-3.37714
1.2196
-3.0033
-1.39084
-2.09306
5.899
-1.89719
-4.71523
7.44815
0.669279
1.55966
1.15872
-5.09328
3.42119
-3.86184
-1.99518
11.4281
-4.57283
-5.66235
-3.20605
-0.124368
-5.64882
-7.04816
-3.13538
-2.91602
0.10881
-9.59724
-0.890967
-1.88593
-3.53804
2.03911
4.77913
-0.848324
0.880016
-0.385669
1.12541
-3.54565
0.821759
2.86147
1.51726
-1.77034
10.6878
-2.05997
2.83007
-0.334592
-3.78069
-4.85325
7.28715
-2.31103
-6.51383
3.00845
1.09185
-0.690361
0.919291
-4.86525
6.81587
-2.70973
-4.97479
-0.827303
5.05176
-7.07466
1.3965
0.630499
-2.90675
-5.5787
-2.9904
-5.51631
-2.67899
4.4222
3.63869
3.83467
-1.64676
-2.80288
11.7303
0.24948
-4.1004
2.6233
-6.88951
-0.0315257
3.3756
0.292027
3.66791
5.73618
-4.19202
-0.294536
-1.80249
4.31572
8.9597
-0.182566
1.12592
3.41215
3.4652
1.9003
-0.377264
-3.18614
2.56083
-0.583145
5.59043
-4.0561
7.20803
1.61239
-4.6585
-6.13523
