-3.97039
-3.24601
-3.36011
-0.914963
-5.88443
2.69363
4.04238
-4.18713
0.344035
-4.14438
7.51735
-0.116964
-2.12566
11.6893
-1.04177
-4.61645
0.129121
-0.138133
-3.46693
6.81299
-5.35201
-1.62835
4.46122
2.99191
8.76673
-4.28211
-1.60243
-3.37542
1.26717
3.44018
1.68605
4.46266
1.00928
1.70264
1.42052
1.08657
-0.288899
-0.346204
4.6628
6.49739
-2.62603
-1.56031
3.53725
-8.01593
6.49101
0.32797
-1.16569
-0.528423
-6.24348
3.88902
3.40899
-7.93503
-3.28835
2.21687
-5.25532
0.984076
-0.424133
7.86851
-6.09545
-6.97532
-1.14765
0.371954
0.735522
-6.98851
0.659226
1.27696
7.44545
3.66171
-3.3502
2.56637
-0.451174
-0.811932
3.35767
2.57099
-8.58345
8.29616
-3.00199
2.2887
3.53587
-2.39154
-7.37326
1.62593
-0.991394
-4.06033
-9.49623
-6.34102
-5.15242
2.96172
0.261595
-1.66322
-4.8844
-3.79539
-1.49652
5.67708
0.27976
6.23986
3.01838
6.44462
-6.93491
7.08317
-2.25964
9.30833
-0.585468
0.126176
-2.27922
-4.43116
-6.4511
-6.08764
-0.129902
1.71588
-5.33258
-4.21425
-2.16782
-2.12773
-7.42925
2.31999
1.09661
5.91435
7.78539
1.29702
-8.84171
1.50268
-1.92605
-0.517182
-4.09293
-0.467071
-7.94554
-3.93064
-4.02227
6.37141
9.74062
1.728
2.79229
-7.1656
-1.82635
-2.14929
0.738528
-0.492771
-5.97077
-0.209001
2.46337
-2.81611
-2.35303
-3.35215
-5.29844
3.55002
6.40883
-2.18291
4.10531
-4.54474
-3.28728
-7.55772
4.66727
-3.22547
5.47937
-7.63241
-4.33158
-1.78339
2.62942
-3.2596
0.485968
2.57823
4.58499
-3.34288
-3.76955
-2.37252
5.11183
-8.10695
-0.0894009
14.3325
-4.05865
0.234531
-2.32427
3.77869
-4.80623
-2.37686
-1.44124
-0.678793
7.30106
-7.35658
-0.460407
3.69942
-4.43948
6.54722
1.61248
-0.888377
6.45028
-1.45215
2.9428
-6.35006
0.890762
-1.0854
-4.3551
-1.87382
8.60706
0.91239
2.2797
0.740639
-4.06426
1.47559
7.05433
-4.91521
-2.63654
5.6913
1.86458
2.14386
1.87962
-1.8636
-0.67
-1.3318
-1.71897
2.28886
7.59791
-6.73217
2.47971
-1.35082
-1.03133
-8.11856
-3.95848
2.97282
-2.56192
2.7155
5.80989
1.94255
-2.54506
-4.94896
6.68065
-2.46477
-4.89235
4.40092
-7.87758
-4.4368
-2.54771
-1.35865
5.7804
7.34757
-1.63022
-0.52191
-4.82211
1.4368
8.90182
10.8249
3.67512
-1.62547
-0.0238189
3.184
-0.478123
-5.9969
-2.21768
-1.47849
3.52229
-2.54936
6.09771
-1.91387
-3.89122
-7.28595
