-2.91216
-4.0556
-2.31399
-5.13592
-5.39742
5.43997
-3.12771
-5.16503
4.54651
-2.96875
1.93378
-0.211707
-5.5695
5.11294
-2.81174
-2.58226
-1.67691
3.29227
-1.28393
3.08466
-1.73311
2.54447
12.7346
1.64277
4.36411
-6.70391
-1.9991
1.1276
-1.8184
1.23307
-1.63904
5.16305
1.14649
-0.992908
-0.672208
-1.95427
-4.85935
8.24022
4.41656
10.8029
-0.259936
-0.554946
-0.0225656
1.89808
9.42311
1.32558
-4.75127
-3.4834
-6.12417
2.35882
0.859857
-6.40197
-5.00934
0.714778
-2.78475
-1.03225
0.494389
10.9155
-3.39294
-9.3344
0.882245
0.499034
4.74359
-1.15793
5.36044
0.820554
7.7299
9.50041
-6.90568
-1.20833
-5.65422
2.28144
-2.22636
3.12489
-4.46312
8.15763
-7.78236
9.03222
0.563542
-0.887153
-6.17974
6.01199
0.811077
-3.0378
-4.78455
-4.66995
-6.77513
-0.223152
2.05683
-4.01806
0.0308293
2.10763
0.521064
0.0330803
-2.58866
3.47803
-2.60873
4.97276
-3.97857
-2.29857
2.29788
10.7111
-2.178
-3.4024
-1.88604
-0.0424256
-2.53801
1.01886
9.60783
-2.40982
1.33514
-3.94762
2.11072
5.57564
-6.25498
3.94682
-1.98199
10.8228
11.3026
1.24298
-1.0859
5.63464
2.65534
-2.65104
-2.40015
1.34209
-2.41011
3.31293
3.32483
7.13266
3.64873
-3.684
-0.310175
-0.295792
-6.54551
-2.79861
-1.49434
-0.972211
-4.21334
3.25437
8.89613
-6.0623
2.33915
-4.67606
0.452541
1.20106
3.10215
1.06787
7.06991
-2.67547
-2.69736
-5.948
6.17373
-1.67847
-0.286355
-2.05099
-1.71514
-3.66261
3.29608
-1.83129
-5.42286
6.62581
1.28216
1.77771
-0.442528
-5.81958
5.07537
-6.65519
-1.01033
10.3214
-5.46569
-3.21497
-4.01562
-2.62139
-6.03775
-5.88434
-1.83379
-2.13161
-2.65592
-9.45012
-2.04028
0.0525181
-4.05217
1.80497
1.62986
-2.30351
-3.39804
1.81962
1.86594
-6.81302
-0.30541
3.29804
0.627256
-0.921772
11.7779
-1.77223
1.08667
-0.122549
-3.22542
-4.90759
7.44852
-3.05258
-7.0611
2.2173
2.16641
0.694418
1.92699
-3.80721
4.6261
-0.799835
-5.31062
-1.77986
6.06227
-5.57264
0.250666
1.42836
-2.19493
-6.59699
-2.2346
-6.97716
-2.52694
3.97452
1.59216
2.98159
-1.58281
-2.19382
11.8809
-0.212183
-2.03105
-1.23864
-7.6589
-2.86704
5.73629
1.42843
1.07336
4.76642
-6.7397
-0.917298
-2.66917
4.76168
7.3486
1.32766
2.27802
5.02198
4.31776
3.05468
-0.0310022
-2.84815
1.30669
-0.285316
5.92998
-3.89314
7.74696
0.46367
-7.27477
-3.87285
