2.59867
-5.25096
-3.56499
-1.48148
-2.78476
5.45297
1.88571
0.752923
-0.496309
2.71977
3.72567
-7.27403
-8.66407
5.73792
-3.06679
-5.68445
2.39382
0.585935
-3.7696
5.88541
-2.66668
5.38023
1.83706
8.95558
5.40484
-5.11187
1.937
-2.80629
-1.2942
1.65133
-0.913985
2.97105
4.66173
-4.3511
12.2798
-2.72896
-1.73198
-2.99689
4.11069
3.86957
1.24371
-1.80102
3.03454
-3.80835
8.14979
3.50224
-5.92371
2.89882
-5.2593
2.73573
8.86132
-5.46023
-5.63586
7.90814
-2.31365
-1.06593
-3.9492
3.41886
-10.111
-6.50338
4.29211
1.21329
-0.652303
-9.28193
3.94806
4.64628
5.90066
2.81653
-6.0638
1.50107
0.606046
-0.429336
6.48245
-0.864539
-10.2887
1.53299
-6.25407
0.389484
4.99595
-0.528618
-5.62911
0.263027
2.92376
-6.54451
-4.53971
-3.34364
-7.38368
0.170494
3.00725
3.02306
0.0421371
-4.72307
-2.97112
-5.4502
-1.50821
5.18072
10.9483
7.8176
-6.36404
8.87826
-3.1928
11.9411
-6.30359
-1.0278
-3.04462
-2.1383
-6.24958
-1.7425
0.105136
6.63558
-2.52342
-5.43342
-2.85272
-0.529819
-4.14795
-5.11628
-1.72594
7.43155
7.34997
5.83436
-9.31508
7.51309
1.18631
3.76037
2.66296
1.34935
0.256637
-2.62187
-3.75846
0.481456
11.6008
-6.26446
-3.28726
-4.99637
-4.08322
-6.61982
6.34613
7.03606
-4.42608
7.9128
-1.77372
0.799174
-0.150508
-9.0535
-9.22822
4.37764
9.47956
1.39254
6.5519
-8.47418
-0.659018
-9.04202
7.29284
0.905754
7.16578
-1.19269
-2.7518
-6.07784
-1.42496
1.25871
-9.97861
0.838783
6.24864
-5.70826
2.30686
-1.11559
2.25308
-9.28236
1.54823
18.7692
-6.16789
1.7111
-4.24828
5.20441
-2.12742
-6.84933
6.73106
-2.72156
8.51875
-4.54065
6.28897
5.23777
-6.48324
11.1608
-0.331273
-2.52509
6.11523
-2.32697
-0.0949324
-10.8073
3.38168
7.76412
0.893524
-3.05353
9.80363
-9.11697
-3.07529
6.55198
-8.88041
-2.9415
10.5098
-3.141
-7.87769
1.00672
1.42014
7.61998
-5.59168
-2.53385
-1.11148
-0.243246
4.30328
-1.10911
13.5309
-2.74031
0.624001
-2.02669
0.438206
-9.07419
-2.7499
2.86163
0.722933
3.89183
14.9724
3.29664
-6.70384
-2.6444
6.39759
-2.31439
-4.09948
3.17951
-13.132
-6.16307
-1.57206
-2.71876
0.186803
4.49813
-1.4555
-7.58964
1.45952
2.59768
7.35872
8.67141
0.797129
-0.854048
-1.2511
-1.30587
-6.88331
-6.64445
4.58011
5.05572
-7.79263
-0.232009
11.3354
-5.39771
0.642249
-10.3255
