-2.26636
-4.87574
-3.40542
-3.47125
-5.03284
4.16629
-2.46426
-6.41802
4.13753
-3.03314
3.69083
-1.13671
-6.71161
5.36563
-3.13858
-2.79644
-2.49881
1.83105
-2.17256
3.35083
-1.44832
2.90185
10.951
1.73605
4.85612
-6.70406
-0.54924
0.650452
-1.65687
2.29242
-1.24316
6.18037
0.727196
-0.566407
-0.478595
-2.11036
-4.18314
7.96382
4.18917
10.0579
-1.28856
-0.611575
-0.874944
2.64449
9.45198
1.52025
-4.41064
-3.89547
-5.4038
1.94249
0.826503
-5.79841
-5.39594
0.37703
-2.24074
-0.712493
-0.477841
9.25648
-3.61191
-7.96844
1.22901
1.17187
4.41199
-1.79675
4.18469
1.45018
6.63042
9.09631
-4.74063
-1.92658
-4.60538
2.54905
-0.977023
4.0639
-4.65251
7.70069
-7.61171
8.93096
0.462612
-1.1483
-5.49652
6.10194
0.670818
-2.53752
-5.06918
-5.5717
-7.04286
-0.029155
2.73064
-3.51626
-1.47526
1.77574
0.180396
0.0915097
-2.68658
4.56577
-1.95315
4.82475
-4.82904
-1.9566
1.66537
10.6283
-2.05262
-3.38596
-2.35735
-0.869011
-3.40991
0.546164
9.87485
-2.29523
0.0273929
-4.50209
2.36382
4.7991
-5.24382
1.73572
-2.40969
10.1848
10.5596
1.77605
-1.53294
4.43116
2.1193
-2.60387
-1.44969
1.3387
-3.45716
2.30692
3.11495
6.95251
4.09653
-2.89539
0.59239
-0.637288
-5.83678
-1.55298
-1.54031
-1.3578
-6.02252
2.1908
8.11752
-5.69994
1.96834
-5.50149
0.0957958
1.77007
5.73861
0.454433
6.12544
-3.90282
-3.20492
-8.27359
4.495
-3.24694
0.149955
-1.90155
-2.0468
-2.82154
3.94966
-1.68099
-5.17285
5.23368
1.08997
1.45468
-0.56744
-5.68085
5.47182
-7.65208
-0.792239
8.9955
-5.162
-2.58058
-4.68723
-1.20029
-6.37526
-5.10278
-2.02784
-2.09495
-0.613255
-8.77479
-2.52874
-1.58182
-4.99046
0.8125
2.51579
-2.43787
-2.11558
1.60931
1.34315
-7.87239
-0.231731
2.87228
-0.81112
-1.15962
10.9443
-1.33875
0.785919
0.422751
-2.55497
-4.38398
8.45401
-3.03558
-7.08203
2.01074
2.64099
0.942299
1.41321
-3.88655
4.31829
-1.2358
-6.00571
-1.23174
5.87296
-6.56512
1.86419
1.87125
-2.88519
-5.38781
-2.86321
-6.42107
-2.9647
3.04136
0.887065
3.47311
-2.0015
-1.98551
10.8755
-0.125233
-1.62298
0.0905412
-8.27908
-2.66864
4.99079
1.0248
1.20411
4.53443
-6.00539
-0.198608
-1.32751
4.00958
7.59791
2.63129
1.97117
4.39991
4.3255
2.92478
-1.17749
-3.20602
0.446643
-0.0460329
5.54139
-3.67323
8.4027
1.08813
-7.31299
-4.29831
