-4.91166
2.18123
0.619714
-4.46798
-5.29851
5.61155
-1.63422
-0.386653
2.71707
1.65718
-1.55433
-8.20394
-6.5531
3.01629
-7.31789
-4.36283
1.51174
-5.06767
-0.05709
3.45845
-4.19849
3.11333
11.6694
4.58877
2.31154
-4.34514
-3.58498
-4.44213
0.335072
1.10188
-3.1214
2.90254
5.87903
-4.89187
5.06441
0.190547
-5.08706
2.95701
5.358
13.7197
-4.9115
0.351761
6.30277
3.63545
5.27016
0.892074
-7.32653
0.0269789
-4.54933
-2.6448
2.68117
-4.5288
-0.807309
3.13857
-3.48034
-3.90735
-2.53361
10.6715
-6.39715
-3.85429
7.84808
-3.59416
6.82663
-3.43111
2.14436
0.447537
11.2926
5.9527
-7.31439
-5.01183
-3.03788
-1.87108
4.91699
-4.52493
-6.6891
6.14006
-8.11855
4.93904
1.70942
-1.23489
-5.82254
-0.666127
5.06234
-4.11164
-6.53013
-5.02446
-7.62235
-4.40274
7.3273
-0.860843
-3.77141
-4.35149
-1.84828
-1.83831
-4.72954
3.29781
7.90243
3.85223
-3.44724
-1.0618
-0.833275
9.44566
-5.16491
2.7659
-4.957
-5.61289
0.35737
1.39226
4.33103
-1.03435
-1.55845
-3.29993
3.21913
-0.0836002
-1.00974
-1.07402
-4.15874
15.9144
7.27317
4.21896
-8.46968
10.8687
0.164142
1.03604
-1.04289
-0.749458
-0.420629
3.10869
-3.02605
2.94236
5.35853
-5.23523
-1.32259
-3.46012
-6.22471
-1.84184
0.224762
6.14348
-4.76642
11.2279
4.66659
1.11699
2.5446
-0.358669
-6.49522
-4.55882
5.71409
-3.81789
9.46722
-7.88488
6.73877
-1.36699
6.54932
-6.73454
1.68523
8.08224
-2.61832
-7.75416
5.93278
-5.59827
-8.90132
0.969803
-0.401983
-1.2402
3.18564
-4.70336
-0.257932
-7.59551
2.18621
16.9906
-7.91861
-3.27406
-0.890354
-1.97959
-0.478676
-5.15098
-3.01843
-2.74884
1.79782
-6.1116
1.10944
1.65459
-1.73352
8.97638
4.22462
-4.99654
-2.70406
-3.49615
0.583985
-7.45484
-0.248482
3.21953
-1.60461
-1.12411
12.194
-6.57041
-2.08765
5.24992
-5.99083
-7.84012
7.07155
-1.4786
-12.9373
5.13622
3.056
1.38796
2.41798
-7.80903
2.35875
0.0314044
-3.43079
-1.23459
7.77469
-7.52279
-1.96093
-3.20565
-0.119753
-10.24
-1.2941
0.116954
-4.72438
10.1714
10.4339
0.849302
-3.54383
0.986891
9.3876
-2.23306
-3.63157
-1.80237
-8.88741
-7.1732
4.83915
3.22688
3.72932
7.35204
-5.13346
-4.18829
-5.3783
4.12401
7.05333
3.35596
-0.0733892
5.84925
-1.18557
0.473455
-6.03834
2.97242
3.38231
-2.81409
-0.722599
-1.5324
16.5936
2.55229
-3.90372
-2.61354
