-3.81718
-3.0991
-3.16297
-0.090472
-5.88978
3.44076
3.57038
-3.89645
0.693395
-4.61944
6.80948
-0.563151
-3.88617
9.38884
-0.0842302
-5.00663
0.0886972
-0.431148
-3.47223
4.56952
-6.16794
-1.41924
5.18691
2.88942
9.75969
-3.51385
-2.4982
-4.0263
0.876391
3.03136
1.04279
4.15255
2.51454
1.60428
1.04683
2.01097
-1.04234
1.14328
3.68906
6.4577
-3.61198
-0.318227
2.10545
-6.21692
7.59403
-0.0128492
-2.5905
0.310928
-5.68314
4.45311
2.82197
-7.23624
-2.56173
0.914432
-4.89409
0.380794
-1.04552
8.24979
-5.51356
-6.50434
-0.0474225
-0.00801098
2.13093
-7.37167
0.874116
1.75989
6.97787
4.53416
-2.39181
0.624654
0.623362
0.0784174
3.42882
2.37628
-9.05424
8.43907
-3.17185
2.11997
4.76561
-2.55799
-6.05628
-0.192902
-0.4365
-3.20761
-9.4817
-5.01158
-5.7101
2.45652
0.49119
-1.75315
-5.1529
-4.26514
-2.70844
6.36908
-0.230773
4.87743
4.54211
5.40271
-7.35048
7.06903
-1.39385
8.87941
-0.486566
-1.0542
-1.89729
-4.90694
-6.62585
-4.60271
-0.225935
0.923345
-3.88533
-5.39776
-3.55904
-3.02574
-6.72477
1.67786
2.29624
6.92933
8.67221
0.673698
-9.0489
2.57691
-2.77159
-1.18026
-4.81252
0.54895
-7.60817
-3.1239
-5.27079
6.57918
8.96044
-0.588322
3.46023
-5.66629
-2.51823
-3.15822
0.733851
0.9232
-5.20604
-1.40417
3.66793
-4.185
-3.36774
-3.03566
-5.89113
1.13301
5.94302
-2.24719
4.40723
-4.97936
-3.62922
-9.43001
4.71971
-3.62042
4.08745
-6.26376
-2.43878
-1.83212
1.39606
-2.17646
-0.278468
2.14368
4.22218
-3.38332
-2.82192
-4.08546
4.61931
-7.06278
-0.830489
14.6347
-4.21668
-1.11749
-2.07666
3.42087
-2.60578
-3.35035
-2.67032
-1.69091
6.83761
-8.08127
-0.815262
2.49625
-4.85047
5.47347
1.63065
-1.88102
4.22739
-3.46534
2.14212
-7.99563
0.744328
-0.836196
-3.08026
-2.33336
9.41858
0.204152
2.26151
2.04103
-5.00223
1.06735
6.73628
-3.79614
-3.67709
5.56662
1.27479
2.71466
2.71874
-3.39695
-0.133727
-1.70408
-2.69608
1.62237
7.23187
-5.7471
2.8752
-1.9608
-1.7521
-7.63528
-3.62912
2.22732
-3.4527
3.11614
5.97114
1.53701
-1.72321
-5.23117
8.28907
-2.12535
-3.33873
3.67989
-8.58643
-3.35147
-1.99982
-0.208631
5.30249
6.44082
-2.2059
-0.390226
-4.82159
1.118
8.91894
11.2978
3.33249
-1.30229
0.619354
2.65537
0.31035
-6.22436
-0.97816
-2.74336
3.65363
-3.11647
6.19957
-1.42285
-5.23933
-7.45473
