-0.422257
-4.5359
-1.0082
-0.887388
-7.31696
3.84268
6.93873
1.48322
-0.61295
3.60296
5.11777
-4.67139
-6.41362
11.9776
-4.02327
-5.91832
1.21276
-1.24388
-6.31833
7.93059
-2.21824
2.82942
3.89179
4.36092
7.69751
-3.22601
-0.63464
-6.81618
0.51511
-2.43486
0.586384
-1.46
6.58071
-2.76893
9.07658
-3.59811
-1.59422
-4.07152
0.925588
5.56635
3.51394
-5.17966
0.662394
-9.59118
6.81538
2.02044
-6.72959
1.08221
-3.20601
-1.47567
6.78494
-5.44975
-6.97904
6.5549
-2.82191
-4.14186
-3.00722
11.8937
-8.69431
-6.93378
7.08926
1.03269
-5.29812
-9.88821
1.73183
1.82486
11.4106
2.83386
-9.29856
-3.6368
-0.103339
-1.69714
5.96902
-4.15326
-11.4459
5.07847
-2.97641
-4.17735
4.08299
-1.20857
-7.8688
0.0259215
0.0914167
-9.16343
-4.6708
-1.50513
-9.73638
-0.715746
0.185755
1.88143
-1.54162
-4.66305
-1.13225
-5.88499
4.66623
10.4154
5.16718
10.6799
-5.39862
4.61684
2.23308
9.4707
-6.16543
-1.91396
-4.10969
-0.848172
-2.01139
-4.049
0.122204
13.0121
-3.5273
-6.40779
-1.58171
1.43339
-4.22748
0.314129
-1.64155
5.26961
5.94738
8.1344
-10.1835
8.90984
-6.81404
8.89701
1.23041
0.611878
-2.53418
-3.33148
-0.911155
2.25385
8.28837
-4.98652
-1.68466
-5.01571
-5.41828
-7.95202
3.6463
6.97433
0.257703
11.4859
-1.86175
1.32533
-4.61951
-9.54538
-9.43311
0.831623
5.44973
-5.07792
6.88578
-7.695
0.748917
-8.21927
7.96116
-1.84347
9.31566
-0.0412444
1.24745
-6.69693
0.721382
-0.235628
-6.94979
4.89005
8.88555
-4.20899
0.608823
-0.827295
2.55438
-10.2453
4.64699
16.2071
-9.93182
5.68941
-3.30061
2.66625
-3.17145
-5.52514
7.08416
-2.82441
8.39832
-4.97101
3.70702
4.44202
-5.87573
18.1943
-1.12902
0.184639
2.90262
-5.73952
2.23811
-10.4839
1.1611
6.48337
-3.19179
-6.05229
7.87245
-4.73452
-1.49864
3.12259
-10.3117
-4.46459
10.1035
-5.52621
-7.38399
2.24634
-0.664296
8.69883
2.22119
-4.01791
-8.20851
-2.34148
2.57793
-0.319881
11.641
-5.74143
-1.73623
0.810243
0.698466
-14.6332
-7.74248
5.43965
-0.803731
6.35756
14.7925
6.39577
-5.33127
-1.56724
8.4795
-3.11727
-7.92909
0.8106
-8.42067
-10.6809
-2.23159
-2.89485
-0.572747
5.25173
1.7005
-8.07416
-1.4743
5.12667
6.94017
7.71164
7.5209
-1.96226
-3.03327
-0.733063
-0.520259
-8.46651
0.84154
4.23628
-1.66843
0.669234
12.7909
-4.10294
0.415785
-8.69734
