-3.28379
-6.94573
-6.39484
-0.144883
0.856807
3.30281
4.40563
-6.48337
0.367703
-1.7465
5.30561
-0.554734
-1.36545
8.02984
-2.76001
-3.3871
0.498818
-0.0547028
-2.73709
9.87111
-2.03178
1.71809
-1.18341
2.98336
7.48071
-5.94909
1.11512
-4.02305
-0.267066
1.88909
1.70767
-0.831679
-1.18668
-4.41318
0.281834
-5.80675
-2.86002
-1.6649
4.99964
7.25533
1.41076
2.5616
1.8707
-11.279
2.07894
-2.10713
-0.487129
-1.15322
-6.55215
4.27547
3.90927
-7.04994
-5.04791
3.26907
-6.09424
-4.35994
0.988188
2.80363
-7.36956
-7.17703
-0.829649
2.44186
3.32112
-5.5947
2.26155
10.7584
0.505379
2.99401
-1.50855
-0.62585
-6.07552
0.0552969
-1.0653
2.1422
-7.71128
3.60492
-3.301
5.14591
0.100055
-2.75661
-5.72751
-0.842566
-5.2297
-3.53657
-0.185211
-7.27315
-9.52612
-3.38586
-3.21276
-3.12312
-1.30874
-3.37658
-4.98423
-0.563299
-0.468143
9.82094
4.82972
8.62526
-7.31516
4.5977
-0.846743
9.85256
-4.70515
-2.46718
-2.51048
-0.907982
-8.32844
-1.80059
4.64147
5.00839
-3.93684
-5.42984
0.828112
-2.29049
-2.11879
5.34794
-0.725245
3.23858
13.9537
5.5431
-9.65857
4.55565
-3.04764
2.61537
2.17499
-0.0605152
-0.665891
-4.55947
-0.75753
0.996099
14.1154
-3.49256
4.44448
-5.3757
-0.196772
0.247858
7.60183
6.60688
-4.2524
0.276081
-4.22442
-8.9767
-2.08459
-8.24753
-8.30237
5.08537
12.4711
-1.11102
2.00591
-6.84245
0.284826
-2.45351
3.60932
2.82023
0.743959
-5.31383
-1.67578
-7.7549
0.37275
1.14351
-0.0444126
2.53639
6.86427
-5.13774
-0.772154
0.183727
3.20147
-7.07414
-2.59732
6.02383
-5.31508
0.771248
-10.3691
-1.15675
-2.08679
-2.91448
3.91383
1.6974
5.23281
-1.57942
1.11674
5.40438
-7.38307
5.35045
5.39982
-1.81875
8.08867
-2.61567
-0.305641
-10.5985
2.97012
5.56985
-3.51882
-1.64583
10.325
-7.22356
2.06246
4.43977
-4.24285
-0.69705
8.24818
-6.06925
-9.91123
1.3591
3.25968
6.3462
-3.06827
-2.68827
2.67625
-4.87108
2.73396
-1.85202
10.9949
-1.01156
4.45192
-4.97285
-3.4788
-7.56522
-1.44748
4.24592
-1.24935
2.00835
9.32017
3.09902
-5.32249
-6.22638
6.22131
-2.63035
-1.41387
9.89708
-5.50683
-3.64191
1.9726
-3.03216
4.26001
6.96375
-5.79676
-5.45027
-1.80469
10.0832
5.70996
3.26841
3.44906
-0.0470017
1.62548
-2.79264
-4.75592
-4.95346
-2.53357
2.21872
0.0604715
2.3182
8.44673
-4.30843
1.56872
-9.05355
