-0.640445
-9.75537
-1.21589
-3.94559
-4.49111
2.41802
-0.356445
-5.76454
4.42091
-4.76554
1.3057
0.262018
-6.236
9.42047
-4.46158
1.088
-1.2246
-4.59156
0.183539
7.13848
-4.86578
3.63536
4.40795
6.02472
-0.538763
-4.26438
0.976144
-3.47778
-1.52458
-3.532
0.951361
0.136622
8.41249
-5.32261
1.10732
-5.84017
1.16913
5.19093
2.51708
7.65
-2.66533
-2.95419
1.94859
-1.75532
3.72592
-1.41436
-0.314691
-1.63552
-3.12826
-2.6331
-0.044963
-4.48912
-2.6367
-1.40185
-1.66592
0.899269
0.144174
4.31572
-2.89038
-8.69538
1.47544
0.735808
0.105733
-1.13452
0.239959
2.3569
4.78663
8.25789
-1.59127
-1.46633
-4.54726
-2.02117
3.77109
1.10656
-9.46373
1.97594
-6.08169
6.71627
-0.826407
-3.77399
-8.44094
-3.08951
-3.66493
-2.28562
-3.7032
-9.97826
-7.15274
-2.95216
2.60983
-4.21081
0.276005
-1.98252
-4.81385
-1.78275
-1.2945
8.57122
5.45407
6.14236
-6.5485
-7.13329
-1.98511
8.48755
-1.96589
1.33309
-4.21634
-2.20994
-3.76843
2.07914
6.62887
1.52413
-2.35203
-5.56865
-1.68549
-2.21293
-3.811
0.928016
-2.9086
11.6861
13.1884
-0.552327
-6.01524
4.89408
-0.152907
-0.252023
-4.75032
-2.03501
-3.55634
-2.91974
-3.78681
2.0518
7.8975
-6.4313
-0.61184
1.77065
-6.71157
-0.674083
3.9759
1.53537
-6.30335
2.17869
-2.24924
-4.43188
-1.11089
-6.10632
-6.26312
4.27652
7.52265
-0.75076
5.30457
-4.46
-0.00292063
-1.75486
4.16132
-2.2137
-0.850177
0.336839
-5.57615
-6.06404
1.71671
-2.97732
1.32494
3.45677
1.66239
-4.06435
2.10525
-4.56758
3.25877
-10.2227
-2.25393
9.51229
-4.97411
-0.581644
-7.79891
-3.1329
1.87082
-8.46651
-0.220111
1.79351
4.39115
-0.169709
-1.66761
4.97154
-4.86273
2.6078
3.23838
-3.94788
6.26478
-2.23467
-0.659754
-10.2273
6.96874
0.500625
-2.43013
-3.99836
7.92481
-5.95684
1.35417
9.13656
-3.67707
-2.49755
8.04742
-1.14378
-10.3299
0.200005
2.33015
-0.199144
0.391177
-4.15674
0.365919
-4.3695
1.57458
2.70118
2.20848
-2.89161
3.23333
-3.56568
-3.4327
-5.18247
-1.0242
2.53943
-2.18442
5.85162
9.40495
7.57082
-2.56149
-0.5833
5.53756
-6.59946
-2.80423
12.3488
-9.76156
-6.4005
5.94621
-1.48252
3.15573
9.47126
-1.99205
0.132817
-0.848926
1.64477
6.33034
2.84392
-2.01882
0.904517
3.53573
2.17565
-4.68266
2.79886
-2.30153
-4.10331
3.62884
-2.36662
11.7826
3.68945
0.368686
-5.60169
