-3.06128
-7.19362
-5.11585
-1.51058
-1.45008
5.24475
-1.61984
-3.6701
1.80955
-5.50037
2.87861
1.48764
-4.10788
6.12426
-3.1749
-1.9186
-3.4099
0.447084
0.755204
7.50239
-2.25953
4.14237
6.51942
3.05088
2.47521
-5.15521
1.48081
1.27405
2.5671
0.85449
2.60429
5.09526
-0.929809
-5.78862
-1.93314
-2.32462
-5.45835
5.93201
3.28849
10.0865
-3.15557
5.08782
1.63516
1.01871
5.72495
-0.589459
-1.32654
-6.01545
-7.23552
2.09731
-0.135427
-4.83378
-3.82559
0.858804
-2.91035
-0.201686
1.11738
5.68771
-0.885558
-4.0902
0.655058
0.301091
3.12857
-3.23409
4.773
3.57229
3.55287
8.67267
-3.58709
-2.66561
-6.20481
0.963786
-0.0643334
3.25229
-4.38702
8.87236
-7.09891
10.7279
-0.336611
-2.24592
-3.05931
3.67211
-0.235533
-3.00042
-6.7664
-4.32936
-3.98679
1.01427
2.34878
-2.45298
-0.3615
-0.252075
2.74499
-0.92876
-3.92989
5.87772
1.42768
3.94699
-6.19612
-3.11775
-0.445307
9.59677
-3.48126
-2.00197
-1.4821
-2.90966
-3.42778
-0.697835
6.2602
-2.99405
-4.99018
-6.09535
4.11528
0.0671917
-6.54533
4.64971
0.369503
9.09981
11.5287
1.25837
1.09816
3.90857
1.90996
-2.87988
-4.21489
2.41436
-0.975214
2.13103
2.86923
2.77469
3.15296
-2.37157
-0.757849
-0.970432
-1.68838
-1.53263
-1.1245
-5.08383
-3.44999
-0.376286
3.03769
-8.05951
3.95379
-7.39161
-0.11186
4.75485
5.04683
-0.998526
6.13075
-3.16026
-5.50156
-7.52364
3.05891
-1.97635
0.922766
-2.84321
-1.66246
-0.927852
5.12416
-2.22453
-3.70167
8.54781
1.65195
0.101058
0.0526205
-3.5961
4.52803
-5.00984
-2.57727
10.4209
-5.2276
-2.90609
-4.3886
1.79327
-6.72896
-6.89667
-4.8305
-1.47774
-0.895927
-9.49992
-3.87332
-2.75899
-4.36767
-0.103876
4.69167
1.18706
2.65134
-0.464721
-0.446308
-3.50929
2.59579
0.68142
-0.453267
0.756238
10.7767
-3.66915
3.86619
-1.0852
-0.681919
-2.86745
5.93377
0.0967357
-5.65329
3.17913
-1.22693
-1.06926
-0.658111
-3.94321
6.33856
-1.96613
-4.93182
-1.97207
3.5016
-7.9434
1.28017
1.79927
-3.30461
-5.52562
-2.8986
-3.90421
-2.44209
2.68531
3.16728
3.55937
-3.08684
-1.60445
11.578
-0.703245
-5.30132
5.38472
-7.60875
3.00769
1.31922
-0.779189
3.4969
3.76583
-3.98627
0.00588083
-0.988155
4.56
7.88773
0.431488
1.8928
1.96099
3.35156
-0.528688
-0.991957
-2.20205
-0.0280955
-1.05248
4.8718
-3.96205
5.60787
1.25088
-2.34685
-6.0989
