-4.89845
-8.04866
-7.51022
-0.870718
0.266869
2.5538
0.898765
-5.24388
1.00628
-3.30808
4.57979
-2.16505
-3.7428
4.75227
-1.05806
-2.74582
-1.91194
-2.17804
-6.6732
7.02411
-0.455786
1.11902
4.78029
3.51025
5.66853
-9.36892
0.360196
-2.53286
0.163753
6.29967
-4.81838
2.88664
0.0919074
-1.4042
2.70276
-0.335173
-4.35704
-0.535075
6.3946
4.49715
-2.4334
2.24697
3.39844
-7.79969
7.8203
-1.02022
-1.05065
-4.2823
-7.63594
0.73979
0.510742
-6.32533
-6.93383
-0.780393
-4.09813
-0.219473
-3.35557
9.48533
-5.38361
-5.90707
1.84569
-1.04031
-0.940908
-3.22837
-1.19742
2.81491
5.36139
1.45773
-1.78685
-0.534653
-3.1477
1.1671
-2.72673
-0.302763
-5.54753
6.68019
-5.69669
1.25389
0.971681
-1.82442
-6.1438
0.843253
-4.79784
-3.75611
-3.84403
-7.62453
-3.57852
0.994758
-0.630095
-3.53371
0.978962
-6.51531
-2.31398
5.15031
-2.0755
8.63984
3.18704
5.11791
-7.88053
0.743776
1.32798
6.08201
-0.515517
-3.21547
-3.6402
-4.56479
-6.46914
-6.98311
2.70705
3.08118
-8.13353
-3.30236
-2.23302
-1.18548
-2.94096
0.4796
-0.795997
6.02139
13.7471
2.67728
-8.47798
3.47374
1.86612
-0.126643
-1.35744
0.270379
-7.06811
-2.12135
-2.74229
6.71811
9.70437
-1.1574
6.28488
-4.9958
-5.90161
-1.65335
0.481174
-2.72533
-7.19046
-0.0344973
2.00897
-6.05811
-2.50215
-5.4216
-6.46667
6.6884
9.17419
-3.26784
1.76371
-6.61962
-4.59665
-6.17162
4.27944
-5.61298
5.97609
-2.56157
-2.02097
-4.97562
4.26507
-0.985322
-0.851196
3.87606
5.37128
-4.00739
-2.87036
-1.39475
1.08864
-8.62647
-2.23632
12.1995
-5.79701
0.115201
-7.79858
-5.36353
-3.18837
0.453827
0.390195
-3.72793
3.81501
-5.50347
-3.3513
2.2341
-2.28384
4.09803
1.82959
0.602174
5.01782
-1.74848
2.56219
-10.5517
3.39512
-0.598148
-2.97452
-5.60652
9.64377
-0.910172
2.62701
0.57492
-4.13284
-4.3612
0.83582
-5.07589
-8.03846
4.19765
1.02712
0.705696
3.20133
-4.08632
0.0744396
-3.94465
-3.21239
0.260573
7.81158
-5.54358
3.35773
-3.98766
-3.08281
-7.35809
3.0731
2.28659
1.58915
2.90087
5.96254
1.21693
-2.89895
-5.0416
9.53746
-1.81995
-3.16638
2.2398
-7.91536
-3.65818
0.183317
-2.19772
1.60111
9.59514
-7.1779
-4.66334
-4.74277
7.49045
4.02262
5.67845
1.18071
2.16406
0.890973
1.16002
-5.40886
-4.89444
-3.73471
-3.59541
3.71368
1.58905
11.362
-1.38809
-2.02195
-6.66637
