-2.15507
-4.67701
-3.39555
-2.62034
-0.717676
2.62657
2.34403
-1.7248
2.18534
-1.80788
-0.416963
1.58769
-5.69432
8.83299
-2.40181
-1.37975
-0.974501
-1.31162
-0.823818
7.83308
-3.90812
5.49431
3.19562
5.6334
-1.46831
-4.75357
2.81225
-1.69656
-0.351468
-2.49059
5.46222
-1.32302
4.08437
-4.22407
5.21603
-1.26941
-1.73235
0.646266
0.993046
10.6737
3.29502
0.925389
-0.936708
-4.43226
0.769111
-1.52935
-0.366232
-4.61812
-4.1769
-1.81863
-1.54784
-2.93552
-1.60037
-3.4471
-6.6553
-2.18504
-0.170516
4.57806
-2.83244
-5.38892
1.90747
-4.01638
-0.250381
-5.54788
3.79333
7.31654
-0.157814
7.78046
-2.43054
-3.08254
-5.13503
-1.63582
0.696902
1.13032
-4.59105
2.32188
-4.7888
5.84278
0.884567
-2.10603
-5.48625
-1.4412
-3.67717
1.19665
-4.2477
-5.97101
-7.68534
-1.62189
1.5172
-6.20943
-1.88516
-4.05448
-2.81636
2.36927
-1.42647
5.0075
5.26693
7.75102
-7.45954
-3.34972
-4.47956
9.61904
-5.99982
1.91444
-6.05509
-1.31213
-6.91354
3.56755
3.38876
1.92435
0.281134
-4.96651
-0.918391
-0.31387
-6.70303
-0.642708
0.728493
9.20971
10.1805
3.64164
-3.44096
4.17096
-3.44414
0.513288
-0.675426
-0.273298
-2.22515
-2.00912
0.807719
0.962323
7.56443
-5.10999
-0.732098
2.61716
-1.18226
-2.19466
3.54725
4.89857
-6.35539
1.55877
-2.83377
-5.18874
-0.974059
-7.97181
-6.36893
5.56628
6.29862
-0.574717
4.9131
-3.9335
-1.10418
-1.07312
4.04411
0.137063
-1.43979
-3.26159
-1.5403
-6.65455
1.33439
-5.41151
-2.99136
7.57385
0.322747
-5.9176
4.5034
-3.34357
1.91557
-9.54119
-3.18096
5.89097
-4.17352
1.83758
-8.58145
-3.72694
-1.13189
-6.31496
1.75018
2.82492
3.63903
-3.16217
0.847376
5.68059
-6.64588
3.43405
5.06489
-1.61438
8.90061
-3.18548
-0.870751
-7.49364
8.62666
-1.03226
-0.385692
-3.01781
5.3204
-6.00953
0.794027
6.81489
-5.79698
-3.64102
8.22333
-0.936593
-7.18086
-0.206296
1.62247
0.508504
-2.76489
-6.314
2.43471
-3.26386
1.69302
-0.420225
2.22148
-0.391251
2.11018
-1.11683
-3.99462
-5.82315
-4.75077
0.370248
-4.22237
2.82382
9.87979
6.85638
-4.09538
-1.87126
5.99683
-7.19284
-2.32884
11.9412
-8.00469
-3.27487
1.52684
0.056609
1.43827
7.01621
-4.00469
-5.1354
0.231296
8.00861
7.81883
0.677011
1.20424
-1.70322
6.67201
-3.19584
-3.12127
-1.8298
-2.62807
-1.5845
-2.95668
-3.30127
9.86254
0.302992
1.52019
-7.11546
