-4.8853
-7.75808
-7.3269
-1.10379
-0.323334
2.60449
0.722194
-4.90213
1.28585
-3.10955
4.44029
-2.20967
-3.25306
5.20472
-1.62207
-2.87645
-2.23211
-2.23499
-6.87013
6.83588
-0.558121
0.702585
4.52404
2.97741
4.75633
-9.38495
0.274998
-2.9014
-0.150235
6.11559
-4.88785
2.59412
-0.310749
-1.47583
2.31024
-0.127949
-4.15756
-0.628357
6.15563
4.59055
-2.56038
2.24212
3.74987
-7.99592
7.1549
-0.641198
-1.20005
-4.91647
-7.57094
0.248067
0.347468
-6.66824
-6.95006
-0.974858
-4.7117
-0.658813
-2.99694
8.90604
-5.46622
-6.11211
1.99111
-0.651861
-1.37168
-3.46704
-1.33969
2.25991
5.57144
1.49813
-2.36799
-0.252357
-4.1535
0.935071
-3.44303
-0.769203
-5.19864
6.57224
-5.57479
1.43422
0.82426
-1.4443
-6.41927
1.15354
-4.55675
-3.81781
-4.33705
-7.59851
-3.44229
0.928137
-0.719703
-3.5798
0.611481
-5.82916
-1.77601
4.97652
-2.42687
8.63252
2.95073
5.44648
-7.76558
0.565529
1.86636
5.76356
-0.446298
-3.17087
-4.02788
-4.74103
-5.80381
-6.92433
2.68607
3.06724
-8.07443
-3.64556
-2.2417
-1.59702
-2.84714
1.08614
-1.16873
5.95136
13.5438
2.32671
-8.56941
3.35835
1.96676
-0.220424
-1.28199
-0.467638
-7.99845
-2.56527
-2.42062
6.75739
9.26308
-1.03741
5.65897
-5.06977
-5.8007
-1.83089
0.297124
-2.87496
-6.89905
0.19027
1.89758
-5.98375
-2.69847
-5.56685
-6.25124
6.43648
8.66493
-3.66709
1.92358
-6.01117
-4.97588
-5.8006
4.46306
-5.80197
5.72546
-2.65854
-1.96272
-4.57213
3.64059
-1.14631
-0.19294
3.89147
5.95
-3.68391
-3.01661
-1.37265
0.864241
-8.43558
-2.17856
12.18
-6.22204
0.370048
-7.46881
-5.95625
-3.52732
0.446286
0.241511
-3.73901
3.42126
-5.23744
-3.38922
2.05156
-1.92903
4.05589
1.92268
0.479668
5.19643
-1.6509
2.74635
-10.3778
3.62873
-1.59606
-2.32257
-5.52344
9.37355
-0.825078
2.22166
0.31564
-3.87451
-4.30579
0.722451
-5.25436
-7.6238
4.10344
1.51718
0.424292
3.24595
-3.97513
-0.193523
-4.10969
-4.01131
-0.13143
7.72264
-5.9354
2.9358
-3.66377
-2.9018
-7.56911
2.99385
2.25684
1.4081
2.81368
5.71998
0.666621
-3.42558
-5.02735
9.49724
-1.75027
-3.40423
1.96132
-7.80909
-4.21682
-0.0594917
-2.16699
1.22223
10.3312
-7.21974
-4.91452
-4.99914
7.47523
4.11582
5.47136
1.32984
2.04525
0.577421
1.00169
-5.44189
-4.85413
-4.37394
-3.86544
3.72382
0.893466
11.1381
-1.77392
-2.29905
-6.88284
