-2.90106
-7.37225
-5.28821
-1.41581
-0.827065
5.1978
-1.38293
-3.99516
1.63246
-5.62919
3.06149
1.01179
-4.09818
5.91829
-3.20294
-1.92759
-3.52872
0.294947
0.568485
7.17771
-2.32316
4.26969
6.45686
3.12042
2.5116
-5.28908
1.48605
1.50731
2.52672
1.22054
2.46187
5.19662
-0.956511
-5.76842
-2.03351
-2.42561
-5.45596
5.91595
3.09418
10.0125
-3.46166
5.31325
1.23216
1.18637
5.79739
-0.723854
-1.02358
-6.01623
-7.31839
2.49712
-0.0511372
-4.96491
-4.00575
0.608581
-2.93856
-0.228131
0.742292
5.75038
-1.08787
-3.98753
0.765288
0.379424
2.91349
-3.23452
4.58699
3.46466
3.05602
8.54347
-3.35281
-2.78602
-6.22627
1.10118
-0.184572
3.36147
-4.41557
8.66256
-6.87494
10.6297
-0.543997
-2.37405
-3.14008
3.42754
-0.285922
-3.01107
-6.67278
-4.24431
-4.13982
1.07205
2.35883
-2.55028
-0.514766
-0.340077
2.65216
-0.833671
-4.1304
5.97082
1.41254
3.66429
-6.18933
-3.23321
-0.388612
9.44844
-3.41332
-2.25568
-1.50517
-2.91603
-3.69205
-0.44006
6.27066
-3.13457
-4.87172
-5.95344
4.28539
0.0947521
-6.50846
4.52018
0.061307
9.09685
11.3063
1.53448
1.06596
3.93826
2.18725
-2.94227
-3.95649
2.50832
-1.22242
1.81354
2.81427
2.60937
3.16967
-2.38296
-0.278558
-1.17714
-1.59268
-1.34619
-1.11982
-5.2454
-3.44959
-0.587663
3.0732
-8.35147
3.86543
-7.55428
-0.190098
4.64538
5.51657
-0.870736
6.00901
-3.18342
-6.01313
-7.43167
2.74739
-1.55207
0.841915
-3.03388
-1.44372
-0.916876
5.12351
-2.12174
-3.47423
8.42383
1.75308
-0.0613494
-0.0452383
-3.76655
4.56359
-5.20052
-2.64858
10.0531
-5.15763
-2.6021
-4.4377
1.87212
-6.51451
-6.80009
-4.93281
-1.42244
-1.00286
-9.40569
-3.55764
-2.42911
-4.24126
-0.327707
4.60547
1.20704
2.40497
-0.622588
-0.576548
-3.61299
2.63184
0.721769
-0.696181
1.05369
10.6641
-3.96295
3.96174
-0.852376
-0.763663
-2.8984
5.98728
0.108629
-5.56152
2.8825
-1.21914
-0.702301
-0.865651
-3.74661
6.31776
-1.83174
-4.91342
-2.26977
3.46097
-7.88057
1.5688
1.75618
-3.43052
-5.35947
-2.66563
-3.81342
-2.26154
2.52913
2.76619
3.5608
-3.16923
-1.5783
11.527
-0.747032
-4.92804
5.5701
-7.70833
3.07644
1.21659
-0.731231
3.33776
3.89144
-3.85915
-0.279095
-0.854459
4.49135
7.9114
0.800829
1.78112
1.7926
3.41815
-0.61799
-0.964778
-2.22237
-0.236045
-0.744638
4.94712
-3.8395
5.42437
1.37198
-2.4224
-6.01483
