-2.9007
-6.73928
-5.03859
-1.25617
-1.46692
4.98081
-1.86059
-3.24054
1.70499
-5.42383
2.62413
1.86773
-4.74345
5.91918
-2.93644
-2.086
-2.94115
0.410699
0.723795
7.68337
-2.27886
4.10069
7.04403
3.05693
2.66403
-4.6522
1.10839
1.08197
2.60989
0.479382
2.39736
5.09515
-1.20835
-5.79703
-1.75508
-2.50685
-5.53651
6.03486
3.94839
10.4107
-3.22071
4.59396
2.23907
1.01119
6.17959
-0.732121
-1.89897
-5.42164
-6.60162
1.80536
0.500733
-4.39743
-3.91094
0.894143
-2.9108
-0.68635
0.654324
5.47657
-0.894665
-4.52591
0.561991
0.602307
3.62844
-3.32611
5.08341
3.71835
4.33004
8.87887
-3.92674
-2.26249
-5.8205
1.11238
-0.0513362
3.02958
-4.65237
8.59436
-6.94979
10.5684
-0.47707
-2.36494
-2.43567
3.35221
-0.272204
-3.33706
-6.41705
-4.72195
-4.25863
0.594506
2.32058
-2.0686
-0.360675
0.00235224
2.76698
-0.722911
-3.78033
5.70946
1.28668
3.5493
-6.27345
-3.01496
-0.722403
9.5807
-3.61234
-1.36427
-1.66342
-3.03696
-3.06967
-0.088241
6.36156
-2.96676
-5.07602
-6.06516
3.94744
0.346742
-7.0066
4.64542
0.330577
9.51471
11.8139
0.996807
0.792793
4.21262
2.04789
-2.44479
-4.4433
2.21188
-1.16098
2.71481
2.42884
3.33725
3.29951
-2.49403
-1.1426
-0.680069
-1.97303
-2.12948
-0.701459
-4.70117
-3.56236
0.0349855
3.2553
-7.58047
4.38714
-7.20205
-0.255521
4.70303
4.6987
-1.1133
6.47949
-3.41289
-4.81553
-7.65804
2.99951
-2.34387
0.920624
-2.83064
-1.54732
-0.744055
5.1287
-2.42802
-4.04939
8.12811
1.84024
0.418448
0.407379
-3.65481
4.64876
-5.14877
-2.79418
10.3268
-5.25435
-3.4502
-3.94746
1.88273
-6.19469
-7.2594
-4.6572
-2.14386
-0.155172
-9.17636
-3.78324
-2.87632
-4.00301
0.11524
4.87158
0.764315
2.79248
-0.723379
-0.0438596
-3.5948
2.66398
0.98625
-0.095607
0.0218379
10.7926
-3.98861
4.0933
-0.718023
-1.01314
-2.70094
6.25127
0.13679
-5.7244
3.0498
-1.28568
-0.872251
-1.07323
-4.20584
6.30262
-2.79444
-4.87444
-2.09139
3.89429
-8.1947
1.32233
1.44816
-2.83977
-5.41688
-2.50505
-4.02014
-2.58547
2.93792
3.19133
3.19748
-2.94048
-2.01963
11.2145
-0.332602
-5.55867
5.32174
-7.62442
2.8375
1.35387
-0.629142
3.67895
4.17494
-3.96015
0.0666492
-1.06433
4.50868
8.10569
-0.0258164
1.64141
1.83876
3.12544
-0.511672
-1.18977
-2.33512
0.506177
-1.02507
4.74363
-4.05443
5.56105
1.29455
-2.61919
-6.18844
