-5.65685
-1.81319
-7.22992
1.13776
-2.72562
0.103051
1.82436
-0.755006
1.0294
2.2053
5.56502
3.39187
-5.61422
4.48898
1.24817
-1.02722
-3.14056
3.04328
-6.05343
3.64077
0.144322
1.55191
7.80614
0.860957
1.55032
-4.34726
-4.86793
-0.590153
2.40319
-1.1444
1.28097
1.7601
6.65085
-1.53009
1.27459
-2.71559
-5.35769
0.958774
9.87727
7.36881
-6.61167
0.017274
2.15628
-1.62375
2.74639
0.716676
-5.06903
0.61018
1.67941
0.29403
1.38752
-7.58138
-5.21113
-2.93456
-8.95896
-2.28018
-5.41476
1.86349
-1.48315
-6.96093
6.67269
-1.93049
8.65863
-7.19807
8.10212
0.514801
5.88049
3.00109
-2.39002
-3.47701
-3.91528
-3.97273
-5.78648
-1.3561
-6.1822
4.13575
-4.32111
2.98914
-0.313689
-6.37487
-5.90907
0.952941
-2.49778
-5.08976
-3.28375
-6.60962
-4.6932
-2.06171
-0.947709
-4.00585
0.144745
2.13111
2.16163
10.1296
-1.87488
0.808527
3.84083
7.76659
-4.28351
0.711565
-0.734782
10.1107
4.90443
-2.25364
-1.98922
-2.63441
-6.59892
-5.32548
5.28071
3.56011
0.342196
-5.11359
2.18213
5.97395
-4.56203
4.61023
0.948111
2.6414
7.94474
1.31931
-8.80961
1.8399
-5.6556
-0.666305
-7.99026
-2.24611
-3.05977
-2.00019
-2.79034
15.1584
2.27944
-4.83849
-2.68761
2.91582
-2.89835
-6.81321
3.43934
6.35788
-1.29738
-1.46702
6.91817
-3.57695
0.89772
0.196518
-5.39683
1.98784
11.1532
-1.14037
-0.0364627
-4.25993
-3.12045
0.294103
9.91643
-2.42254
2.77708
-4.41478
-2.78809
-8.37552
-3.14618
-2.11835
-2.77794
2.05473
5.79054
7.22398
0.709689
-1.67363
4.33686
-9.48488
-2.29971
12.3934
-1.41596
-0.0792816
-10.6116
-0.517425
-0.432575
-5.55527
-2.13518
-3.59838
-5.58209
-6.40947
-0.136701
1.38233
-4.31174
4.03093
-3.49018
-4.22998
1.56215
-1.69742
4.98344
-1.87582
5.94587
1.69953
-4.89972
-4.0204
6.22652
1.77947
5.60337
5.12377
-4.75923
-6.09968
-2.14764
-0.168214
-6.68292
-2.58862
-4.22228
3.36787
-1.89716
-8.03084
5.68222
0.118119
-2.31704
1.54643
0.485421
-2.70371
-3.17422
-0.878796
-0.0866173
-7.08471
-0.154712
-4.07163
-4.09398
1.09328
-1.70592
-2.83297
-7.26114
-6.88474
10.2281
-5.96364
-3.32271
2.03403
-5.4288
-5.8712
-2.08714
-3.47222
0.645641
8.13499
-7.02307
-6.44885
2.08774
1.92303
1.72567
6.68908
0.565924
-0.983936
1.23363
-0.652263
-4.94219
-1.29919
-0.30697
-0.72917
0.33464
2.32379
12.321
-0.302837
-5.06203
-8.55747
