-1.19213
-6.35317
-2.76189
-1.54398
-2.24874
3.87475
-2.03943
-6.46828
3.6366
-5.27996
1.98688
1.7995
-4.26278
6.34024
-3.91513
-1.94491
-5.46192
1.08137
-0.0189576
6.2476
-5.02698
4.67601
8.72534
1.16136
3.46087
-6.87359
1.54204
1.6827
0.659712
1.92445
0.558019
3.99413
-1.15214
-2.36416
-2.13969
-2.39305
-3.48434
6.74406
2.39913
9.88418
-1.1702
3.357
0.0174829
0.237249
8.16187
-0.477617
-2.25979
-4.73548
-7.59084
1.59316
-0.802449
-5.27847
-5.88686
0.584196
-2.20423
1.07753
2.10797
4.12013
-2.60802
-8.78607
0.00173214
1.77513
-1.23341
-2.63249
3.60005
2.83916
3.23374
8.71459
-1.18759
0.360232
-3.70838
3.26802
-2.61704
2.98979
-4.69663
7.46696
-6.00504
9.97989
-1.3835
-1.99223
-5.71857
7.67123
1.16098
-4.74389
-5.50618
-3.90317
-4.58793
-0.329472
0.27871
-1.90995
0.254998
-0.371966
-0.291779
1.21835
-2.21379
7.06775
-2.59413
4.07942
-3.30668
-2.33994
1.36542
11.6503
-3.01606
-2.64092
-2.60221
-2.34338
-2.65128
-0.583506
10.4867
-3.68771
-3.75784
-3.42748
4.08326
3.57491
-3.74174
4.3071
-0.440765
7.33515
10.7605
2.12998
0.874212
4.40624
2.76631
-2.49858
-3.00589
1.55264
-4.05635
1.07406
2.71449
3.89966
4.70047
-2.76998
0.647344
1.4508
-5.48105
-3.83135
-1.87766
-2.79249
-5.93634
-0.329855
3.83654
-4.4204
1.87658
-6.03058
1.33151
2.30954
6.77012
0.360486
5.25748
-4.4607
-1.80732
-3.63412
3.35696
-1.40846
1.52208
-0.710501
-0.866133
-0.035688
4.68592
-2.14665
-2.91795
7.57296
3.5448
-0.283533
-0.0212026
-3.64135
6.61119
-6.2554
-3.01432
8.69039
-7.50748
-0.0720553
-4.74755
-0.929401
-7.22119
-6.22169
-2.88622
0.377314
-3.30686
-6.10994
-4.57245
-0.462579
-3.37637
-0.456767
4.76427
-2.29487
-0.190551
2.75031
-2.11028
-6.6905
3.24348
2.71954
-2.48355
2.32879
10.4032
-2.88012
0.125712
-0.0292009
-3.44203
-3.55482
6.24676
-1.53711
-4.25431
2.60732
-0.977599
1.68336
-0.0662578
-4.08759
4.30839
-2.90001
-4.46819
-0.701389
4.74058
-4.75369
0.868184
2.78881
-1.41974
-5.85458
-1.91339
-4.47894
-0.654255
-0.440754
0.381055
1.83991
-2.55427
-2.84994
9.49152
-2.07546
-2.17725
2.38794
-9.0961
-0.167102
2.17898
0.200552
2.79797
3.51521
-4.79836
-1.17589
-1.24063
4.22714
6.95185
2.80924
3.84792
1.16079
2.17607
1.36916
1.94518
-0.84648
-2.43729
0.0293591
7.45905
-2.13925
5.23898
-1.04465
-4.59682
-5.50992
