-2.79372
-3.4255
-7.75782
-0.303777
-0.762955
1.48939
4.12139
-6.48674
4.25883
0.941116
6.91717
1.25931
-8.15764
3.53279
-0.672976
0.0937471
-1.08601
-1.35835
-7.76002
6.74652
0.50995
7.38397
4.9215
3.06329
4.30183
-5.03751
-4.266
-3.41827
-1.72753
-2.57392
0.644259
0.64364
6.95574
-4.72916
2.90599
-3.41363
-1.80492
0.0494703
8.54225
2.68193
-5.71925
2.03707
2.34436
-4.23832
2.38258
0.74153
-5.65751
-1.51771
0.896071
0.691614
-0.879
-3.98437
-5.12396
-2.87839
-13.3116
-2.94513
-5.53267
0.104686
-2.99258
-8.76219
3.75267
-1.03285
5.87974
-5.07418
9.81642
1.17388
4.14933
-1.85793
-2.51896
-4.6205
-5.07916
-5.0201
-7.05486
-4.23974
-5.40877
0.744445
-2.31536
3.69069
-2.00515
-6.6886
-6.36598
-0.380138
-3.75518
-5.8875
-1.26663
-8.07739
-4.55207
-1.80056
-3.75616
-4.86941
-2.42505
0.756358
0.836554
11.6126
-1.31006
-0.904887
3.66583
6.48804
-6.47126
3.41952
-4.18099
12.2959
3.57432
-0.390949
-1.9314
-2.82016
-6.16746
-2.26511
7.07429
6.56951
-2.59867
-2.89706
3.8692
4.50062
-3.65702
4.36191
-1.82902
-0.0731267
9.66077
2.96964
-9.68118
7.39254
-4.89708
0.994241
-6.97361
-7.05958
-2.45836
-2.30732
-5.6889
13.0406
2.10771
-3.86636
-4.99186
1.00173
-2.84235
-5.43496
5.84109
6.77425
-1.57648
-2.64547
1.22969
-4.58441
1.56074
-3.90484
-10.0154
3.69917
12.5091
-0.751946
-2.15962
-5.54911
-4.90255
-2.16325
11.6574
-5.98151
2.79842
-3.55412
-0.950861
-8.06591
-2.8188
2.85414
-1.46422
3.88233
4.03024
5.15734
-0.384363
-1.26899
3.08462
-6.73777
-2.83349
12.5051
-2.51663
1.04495
-14.1107
-0.699018
-0.868624
-0.954386
-6.81181
-0.443835
-1.93258
-3.60253
1.53403
2.36176
-3.8927
7.2035
-6.04391
-3.09437
2.04689
-2.16485
2.61559
-3.29078
4.45109
-2.24905
-4.29684
-4.00183
4.31406
-1.61958
2.49687
5.36655
-6.3314
-2.74179
-2.70849
-1.38584
-6.45477
-0.849624
-0.495983
3.76373
-2.19351
-9.72494
3.47149
1.6543
-2.37067
2.22101
1.48404
-3.41578
-4.54839
-0.957732
-1.4283
-4.41678
-2.0014
-6.79454
-0.613
-0.725844
0.00550759
-5.05144
-8.6235
-8.40565
9.54025
-5.58626
-4.43849
-0.84623
-5.56756
-6.07717
-2.48794
-3.33553
2.03214
6.67736
-8.00912
-10.2505
1.83799
4.83922
-1.99793
5.5855
-0.0837722
-3.96203
1.45605
-0.896771
-5.43183
-3.50299
-1.60694
-2.64667
-3.34937
3.73908
15.9268
-1.90329
-3.43874
-7.79906
