-1.50294
-6.16853
-4.76927
-3.20532
-4.56997
4.86364
-1.32965
-3.88457
3.49322
-5.04087
2.09181
2.24264
-3.69567
5.87845
-1.90359
-1.03901
-1.69364
0.813174
-0.420876
8.48923
-1.95316
5.00345
9.53759
2.85474
3.70237
-3.78844
1.33124
1.35817
-0.305678
1.59
-0.534381
5.29698
-1.00652
-5.51785
-0.799328
-1.25779
-5.798
8.39633
5.38517
11.812
-3.31815
3.20956
3.41101
1.12125
8.87566
-0.282624
-2.77364
-5.58477
-6.93863
1.50467
0.217763
-6.03426
-4.43007
0.750293
-1.6884
-1.14143
1.01718
7.33398
-2.4179
-6.20108
-0.745145
-0.0195153
2.93318
-0.936536
3.92315
5.77838
6.04784
8.70177
-5.90306
-0.256804
-6.29466
2.26233
-0.487295
4.17003
-2.32775
9.02462
-7.56574
9.52798
-0.201355
-1.70642
-2.4729
4.05228
0.158433
-4.03811
-6.60616
-3.81614
-3.98647
-0.47228
3.03337
-1.1101
-0.377807
-0.525988
2.60879
-1.74959
-3.68744
5.75723
-1.5041
4.34626
-6.04638
-2.18227
0.697634
10.3182
-3.94579
-0.743411
-2.89161
-3.51628
-2.64598
-0.919217
8.08364
-3.74239
-4.37718
-4.39511
2.94581
3.49928
-6.31458
5.47872
-1.43079
10.1037
12.1376
0.736589
0.0911119
5.67433
2.93913
-1.80858
-3.63423
2.39576
-0.844829
5.01288
4.64548
4.62574
2.42816
-3.12185
0.305662
1.04211
-4.53156
-2.05008
0.287777
-2.62751
-4.29831
0.894212
3.52601
-7.03278
4.01797
-6.78107
0.331219
4.21921
2.60832
-1.47285
7.95134
-1.10995
-3.94693
-6.96854
4.00888
-3.21091
2.62314
-1.85211
-2.20089
-1.30868
7.11437
-1.72848
-5.25166
7.3831
2.59084
0.799399
1.42964
-4.10594
4.70705
-6.04077
-2.69422
10.2816
-5.12284
-2.64321
-2.68324
-0.238927
-5.81382
-4.87072
-3.78795
-0.732813
0.57249
-7.03968
-1.19039
-2.38074
-3.69693
1.03738
5.00858
-1.71737
2.36789
0.342363
0.538308
-2.98095
1.50778
1.87479
-1.80804
-0.964673
10.5506
-1.74922
2.31364
-0.849868
-4.49095
-5.01597
6.29132
-0.323794
-6.96597
4.2126
0.928484
-0.0118131
0.68427
-3.2268
5.90402
-3.34125
-4.1627
-1.73458
6.59332
-5.71317
1.53873
0.957576
-3.22495
-6.72124
-1.61757
-3.728
-2.01356
4.11479
4.11059
2.93274
-2.83357
-2.21932
11.0477
1.88368
-5.24116
3.94477
-6.89276
0.7618
4.784
0.803563
3.63717
5.60094
-2.82089
1.21606
-2.02147
5.9349
7.3246
-0.666137
1.90515
4.51301
2.99947
1.88055
-1.31153
-2.36495
1.0516
-0.585548
6.5187
-4.64671
7.66225
1.14923
-4.46262
-6.18716
