-2.41441
-7.16076
-7.15014
1.81165
-1.38598
-1.42392
2.51051
-4.3511
3.90581
-3.31647
4.93449
-2.18514
-3.69859
4.71254
-3.12777
-3.90461
-2.45752
0.312607
-2.15898
2.33124
3.86437
1.48686
5.50361
2.00713
2.54362
-6.7497
0.225617
-0.685405
0.716358
6.02154
0.415597
4.70365
1.73921
2.44006
-2.97353
-2.44343
0.244843
5.40856
6.26283
1.79786
-2.80539
2.50291
-2.99676
-4.27509
7.36293
-0.340325
0.631209
-5.19102
-5.12432
2.35057
-0.499303
-7.2005
-5.42496
-0.92896
-7.03235
0.761087
-6.16964
5.41062
-5.69201
-7.47518
0.599988
-0.189922
1.61283
-3.51754
0.479069
0.41719
3.25008
3.69692
-1.29968
-0.902054
-3.69716
-2.23893
-4.03515
3.46636
-6.15471
4.04357
1.03345
4.03496
4.19349
3.57697
-5.14437
2.52313
-3.53222
-1.93991
-0.798276
-5.61685
-3.02026
-2.16888
-1.1358
-5.89269
-4.38837
-3.71791
-2.00195
9.08374
-0.810082
2.88375
2.96028
5.45794
-6.79175
1.62561
-1.08869
9.41808
0.881401
-0.0310585
-1.05023
-0.689081
-8.13585
-5.7899
3.22316
-0.746413
-1.39744
-2.15246
-3.2229
4.7428
-0.739077
3.93463
2.24496
2.27592
5.68834
2.03638
-5.92105
-0.173486
-2.6389
0.903436
-1.80054
-2.46809
-6.7797
-3.09429
4.37296
5.31605
5.84405
1.96635
6.91519
-4.43863
-4.32562
0.402092
0.104209
-2.41827
-5.21926
-5.66466
6.86431
-3.99029
-3.54555
-5.59383
0.48498
0.82774
6.09988
-0.61459
-2.15722
-5.04772
-0.363626
-7.43129
6.29191
-4.04372
-0.6497
-4.49266
2.59062
-1.43212
-0.120345
-0.340609
-1.26435
-0.0884854
5.00392
-3.57858
0.604373
-0.571791
4.27431
-1.81838
-5.14409
9.62845
-2.70798
-4.2774
-8.7069
2.52698
-2.76239
2.71913
-1.49193
-2.05124
0.462657
-5.03169
-0.660699
1.95174
-4.8467
3.90964
-0.72358
-1.89521
4.8857
-1.73319
4.61023
-7.1025
2.2407
-0.610943
-3.03202
0.274338
8.86289
3.69405
0.838514
2.61491
-3.91656
-3.19733
-0.0530323
-1.50174
-6.21835
3.61218
-1.71463
6.07485
2.90538
-2.19158
0.842575
1.63527
-2.69915
0.615285
2.91337
-3.68016
-1.6516
0.0530364
-1.51832
-3.28051
-1.7771
-4.38011
1.65322
0.740056
-5.00326
-0.360367
-3.60986
-5.40969
10.2835
-1.38593
-3.75643
-2.03765
-4.78145
0.849457
0.867022
-0.564268
2.78609
7.25178
-7.54653
-5.54317
-1.94143
5.44157
-0.243507
6.39006
5.22598
-1.94078
1.53424
2.5405
-5.27155
-1.93899
-0.35139
3.18062
3.47578
-3.36348
7.35772
-1.47394
-7.79608
-2.62828
