-1.96249
-5.9533
-2.66597
-0.460034
-1.97192
4.63183
-2.29297
-6.22288
3.66769
-5.45124
1.73447
1.07156
-5.38515
6.10377
-3.54914
-2.46338
-4.9715
-0.245944
-0.224686
7.37775
-5.41149
5.30603
8.37869
0.588036
3.96514
-6.20428
1.63858
1.19716
1.23146
1.45351
0.357812
3.66832
-2.23311
-2.83748
-2.53012
-2.56091
-3.57617
6.53446
3.04116
10.0125
-1.38724
3.29446
2.18817
0.700947
7.80582
-0.920138
-1.13105
-3.76805
-7.36457
1.43371
-0.981837
-5.09281
-6.22257
1.23804
-2.00604
0.871251
2.0518
4.12405
-2.34948
-9.79287
0.200507
3.1469
-1.57471
-3.02642
3.26339
2.59338
4.60721
8.8013
-1.51039
0.520718
-4.46545
3.87882
-2.44133
2.94869
-4.54928
8.04589
-5.85306
10.2614
-1.82324
-2.89539
-5.38421
7.72701
2.25731
-5.35607
-4.6625
-4.80359
-3.97316
-0.321441
0.683793
-0.680981
-0.177401
-1.32414
-1.07663
1.58399
-3.50123
7.43805
-2.58784
4.27004
-3.75696
-2.67455
2.07144
12.0255
-4.21036
-2.09527
-3.35895
-2.95499
-1.64522
0.252012
10.6507
-3.33288
-5.53714
-3.32636
2.80208
2.1673
-3.83041
4.61001
-0.61151
7.88222
11.9439
2.23631
0.0350759
5.20781
3.74855
-3.42148
-3.03632
0.662268
-4.51237
1.07349
2.79878
4.02519
5.52506
-3.47446
0.21584
1.55317
-6.04894
-5.0077
-1.33148
-2.7664
-6.48694
0.558443
3.053
-5.48439
2.57587
-5.18335
0.104451
2.64641
6.52471
-0.901468
5.31358
-6.10424
-3.61392
-3.11247
2.9609
-1.58305
2.5312
1.02724
-1.44582
-0.290506
6.22078
-2.55786
-2.702
7.34435
5.0409
0.0294929
-0.808197
-4.61275
6.49774
-7.00935
-3.34378
9.61754
-7.38352
-0.191207
-4.19516
-1.53844
-6.57027
-7.0135
-3.42428
-0.715872
-2.71356
-6.72496
-5.28488
-0.0922173
-3.31195
-1.44151
5.82047
-3.06828
1.54234
2.26461
-2.23356
-7.94232
3.41318
2.76
-2.66375
1.41418
11.1663
-3.63436
-0.236967
0.592198
-3.97978
-2.13369
6.26271
-0.894973
-5.55479
3.08461
-0.559382
1.23376
-0.433399
-4.02506
4.30104
-4.11194
-3.5268
-0.218028
4.68716
-5.34355
0.929453
2.05093
-1.72228
-6.11603
-0.309599
-3.0494
0.029776
-0.417291
0.67814
0.562388
-1.93461
-2.6746
9.03757
-1.49716
-2.57568
2.86358
-9.55666
-0.0708115
2.12933
0.320245
3.28617
3.27926
-4.55967
0.0653775
-2.04906
4.54351
7.29013
3.42116
3.06439
1.49764
1.73257
1.00751
1.60753
-2.00203
-3.05064
-0.928447
7.35408
-1.36882
5.22198
-1.69542
-5.15859
-5.69843
