-2.29477
-4.25701
-8.83282
-0.650425
-0.779877
-0.351394
4.94627
-4.71913
3.64428
2.00784
7.36594
1.31276
-7.33167
3.79458
-1.64779
0.452857
-3.8111
-0.582836
-8.29297
5.13939
-0.887639
6.16032
6.35008
-2.41775
2.71287
-4.94487
-4.59689
-1.97467
-2.02046
-1.98437
2.84184
0.485782
8.15641
-2.94727
1.55259
-1.99599
-4.15196
-1.08253
9.24851
2.49899
-3.43338
1.20089
4.89594
-3.85197
-0.824588
0.313479
-6.16858
-0.217075
1.3427
2.23717
-0.897244
-2.61377
-2.58976
-1.97625
-11.3112
-1.96077
-2.21595
-2.88688
1.31621
-7.09074
6.81433
0.598975
8.82885
-5.68862
9.45702
3.16222
4.8314
0.457803
-3.80318
-5.72602
-4.79545
-6.00965
-6.00168
-3.05558
-3.55089
0.622577
-3.11586
3.37878
0.456907
-6.44577
-7.39222
2.17122
-1.85722
-5.09207
-5.20959
-9.65868
-3.96347
-0.391131
-3.91898
-4.7313
0.0359838
3.39806
2.41061
10.0391
-0.0657215
1.30808
3.57499
7.11542
-7.04275
4.18995
-1.98681
13.1312
4.82362
-1.25645
-5.46445
-4.06794
-7.43501
-0.561077
10.018
5.17677
-3.03586
-2.0747
3.45971
4.04905
-2.39306
2.70735
0.568144
2.0398
9.72264
1.50312
-10.5908
4.91563
-5.56895
2.01903
-7.98722
-3.56532
-6.7151
-1.21605
-5.97959
16.8168
0.708784
-5.4
-0.0760858
2.78511
-0.226089
-5.40814
6.71805
5.763
-4.96581
-3.10958
3.75804
-2.22135
2.29435
-1.97142
-8.1415
4.57684
7.53567
-3.25209
-1.8666
-3.3075
-4.84661
-0.581006
10.0301
-2.94353
3.32488
-2.46758
-2.54943
-8.01998
-2.81044
2.69674
-0.934397
3.21993
3.31784
8.0724
-0.77617
-1.54168
3.79557
-9.60274
-3.41387
11.5733
-0.956667
1.45089
-13.3205
0.534001
0.658817
-1.3488
-5.75992
0.123859
-3.10752
-4.95054
0.601686
2.75213
-8.11227
2.86315
-4.32622
-3.87186
0.434549
-4.36948
4.80442
-0.884593
5.43435
3.59774
-5.44539
-4.30496
6.5619
-1.12846
3.14835
8.01121
-5.61528
-5.36012
-3.10228
-4.07904
-8.76187
-2.89771
-0.127367
-1.15818
-1.87032
-8.55982
4.41138
3.40729
-2.85304
-0.382434
-0.748
-4.68498
-4.40341
1.75813
0.593682
-4.9372
1.19465
-3.7321
-3.25131
-0.649726
-0.862457
-5.29522
-6.29104
-7.85553
9.4661
-5.54697
-1.20418
4.40464
-3.83935
-5.18153
-1.81242
-1.14582
4.64915
6.97104
-9.64805
-7.48338
1.6935
2.2698
-0.478741
4.45502
-4.7633
-2.55422
-1.11903
-2.19237
-5.6059
-2.30792
-2.04783
-3.08655
-4.40733
2.4488
13.8359
-1.89356
-7.41272
-6.26103
