-3.16242
-6.23144
-7.92977
2.04334
-1.38733
-1.34129
3.16433
-4.06867
3.14705
-1.65233
5.66689
-2.42285
-3.94538
6.44547
-3.08713
-3.3529
-2.4674
0.6327
-2.16141
3.67785
3.40472
1.49673
4.72368
2.69609
3.64038
-7.01441
1.79985
-0.35182
1.2109
5.49382
-0.770743
4.27338
1.52781
1.60332
-2.37434
-3.35207
0.30464
4.55089
6.54589
2.21526
-1.86227
2.56133
-1.01392
-4.12638
4.8932
1.31004
-0.796032
-5.29056
-3.67143
0.609473
-1.32786
-7.69754
-5.33167
-1.20955
-6.61623
0.559608
-5.51113
6.13422
-6.18364
-6.97654
0.700056
-1.75123
0.965737
-3.68414
1.11771
0.556109
4.21812
3.54258
-0.649717
-1.1122
-4.14738
-3.3812
-2.99843
3.72509
-5.58426
3.83067
-0.274827
2.96863
3.45957
4.07753
-5.18625
3.07776
-3.48306
-1.65229
-1.12127
-4.25841
-3.51452
-1.87243
-1.12453
-5.38816
-5.36229
-4.46656
-2.12116
7.55869
-1.06456
4.22323
4.5271
5.84202
-7.30766
3.12758
-0.836314
10.6122
0.642683
-1.48862
-1.73169
-2.16566
-6.67894
-5.18699
3.6828
-0.681751
-3.23877
-3.32002
-3.45463
3.73418
-0.431481
3.40955
2.27198
2.90859
4.95177
2.35675
-6.58721
-0.507701
-3.10763
0.481673
-0.954587
-1.23443
-7.15089
-2.25435
3.90489
6.09687
5.80247
2.55925
4.8236
-5.2892
-3.15348
0.291759
0.827518
-0.615034
-5.35695
-3.76949
5.64971
-5.40606
-3.8796
-5.2299
-0.948125
2.14713
7.10617
-0.465167
-1.59699
-4.8802
-2.23812
-7.60151
5.91469
-5.02873
-0.80506
-3.23131
1.89777
-2.79146
0.32583
-1.97489
-0.0532066
-0.79752
5.52042
-3.0772
0.459968
-0.313022
4.48845
-1.68561
-4.09993
9.57282
-2.5806
-4.0073
-8.71287
3.00794
-3.14489
2.52524
-0.931684
-2.24275
0.176658
-3.44373
-0.943727
0.424483
-4.75691
4.25888
0.626606
-1.93416
3.16254
-1.29472
4.26348
-6.10857
3.04254
-0.800747
-0.7081
-2.01103
7.03552
4.15466
0.281042
2.75683
-3.33612
-3.70256
1.27787
-2.70124
-5.67695
3.31047
-0.11624
6.28971
2.75112
-1.19099
0.289501
2.12702
-2.35178
1.04895
2.88835
-4.56147
-0.633822
-0.802369
-1.64387
-3.58371
-1.46692
-4.15539
0.548042
1.38052
-3.46479
-0.740683
-3.21971
-5.07157
9.9722
-1.22912
-3.43844
-0.899126
-4.40482
0.547397
1.75616
-0.972734
1.6553
8.03705
-7.31482
-5.55723
-0.872985
6.11706
0.43776
5.70916
4.17005
-0.913689
0.999919
2.52543
-4.2456
-2.26285
-1.1608
0.314174
3.09645
-2.93802
8.11793
-1.68992
-7.13135
-3.69652
