-5.28294
-4.61019
-8.25051
1.67395
-3.5751
3.29772
0.00290728
-2.79634
-0.154747
3.32331
6.93428
3.64274
-5.02671
-0.595316
-1.85121
-1.09225
-4.43196
-0.189925
-4.57851
4.50684
0.98668
4.3174
7.31094
1.12486
4.44367
-8.07826
-5.93326
-3.6036
-0.954516
1.56272
-1.07457
-0.97553
3.74235
-2.41621
3.24881
-0.965932
-7.62381
1.52966
9.66652
7.45944
-5.25899
0.489425
4.21821
-4.63977
4.07997
2.75309
-7.19929
-3.75829
1.90026
-2.56559
0.255006
-4.56274
-4.17442
-3.93667
-7.49604
-0.743683
-2.93644
6.34655
-3.12373
-4.26743
7.01666
-1.27384
7.55787
-7.4394
8.71013
-1.22541
3.98831
4.92204
-4.85926
-1.46034
-3.43585
-2.45095
-6.38297
-0.888192
-5.09036
4.00085
-8.38809
1.56121
0.929509
-3.68594
-5.90308
1.31722
-3.29166
-7.31338
-6.16455
-6.69026
-2.25349
0.64181
-0.982124
-5.76376
-0.178917
0.24229
1.7521
6.51085
-2.00972
2.95657
3.28628
8.48325
-4.42817
3.2072
-0.420753
5.35934
2.03191
-1.04688
-3.66525
-1.47694
-5.21157
-4.4383
3.95683
4.32785
-0.410019
-5.24684
-1.41543
9.19366
-1.24367
1.49071
-0.418635
2.97609
7.50186
4.51002
-5.99951
1.67569
-3.882
-0.989473
-3.99451
-2.28788
-1.54236
-0.581559
-2.91695
16.6193
4.65565
-4.93007
-3.41247
2.94747
-2.45915
-2.06525
5.14721
5.34057
-1.36332
-1.40375
8.97786
-6.78293
-0.323453
-5.66707
-5.67308
1.62031
8.68599
-1.02387
0.311893
0.970507
-4.34428
-1.08537
12.2036
-3.89219
4.22512
-6.456
-2.53164
-8.31444
-3.7484
0.66336
-6.27907
6.49744
3.63731
2.65933
1.35098
-2.40695
7.2577
-4.47257
-2.05396
11.191
-3.59879
3.37183
-11.7409
-0.690511
0.968924
-3.32629
-5.57052
-3.62711
-5.23905
-2.38075
-1.8759
3.08507
-4.45201
5.06929
-6.28872
-1.05048
1.40528
-0.417198
6.2839
-3.29552
2.06437
2.34226
-4.80831
-5.72521
8.7938
-1.68834
4.69818
7.15872
-8.29544
-5.64318
-1.22018
-5.13514
-6.66916
-2.55017
-4.04526
5.68147
-3.22469
-5.24007
1.88481
-0.509161
-1.70047
-2.42785
0.527961
-4.68841
-3.76366
-5.15081
5.08261
-10.4798
-2.23746
-3.92854
-3.19058
-0.78848
3.1092
-4.89812
-6.07133
-6.90212
14.9597
-1.06226
-5.48166
-1.47689
-4.51755
-1.50165
-0.485922
-2.44451
6.89263
7.45449
-6.74159
-4.07205
2.35886
2.7689
-4.71463
1.35593
3.67354
-1.92619
-2.08002
2.33133
-5.78286
-4.30322
-3.20866
-1.10458
0.425958
2.53842
11.3199
-4.19611
-3.84502
-8.6658
