-4.93136
0.883511
-5.81321
-3.02498
-3.61449
2.24591
2.28203
-4.12812
3.96062
1.39841
3.94671
-2.09127
-11.1212
-0.62617
0.668032
-1.90349
-3.274
-1.90004
-5.79169
1.41403
1.64196
3.90005
8.572
-0.651774
0.847191
-4.02298
-7.37048
-3.53953
-2.6239
-5.08659
-1.03701
0.702319
5.13564
-1.76977
0.771759
-0.993359
-6.22165
2.8854
10.7809
6.64031
-3.99801
1.52405
5.53073
0.73842
2.72423
0.387203
-6.79342
-4.43412
0.802359
-0.576481
-0.883734
-4.56814
-1.58093
-3.47244
-7.98911
-1.69823
-6.91189
1.2867
1.22915
-8.12653
5.684
-4.02157
8.57559
-4.65536
4.18349
0.0671031
9.78709
-0.212072
-7.92432
-3.90271
-6.26878
-2.78995
-6.12313
-1.87806
-5.6731
1.82753
-6.78399
6.3364
-0.356411
-8.77368
-4.30596
2.0291
1.24323
-4.90866
-6.88943
-8.61823
-2.7386
-3.50718
-2.58951
-7.58815
0.141235
1.5215
3.64588
7.97758
1.41616
-2.61355
2.81523
3.30471
-4.96856
-0.999102
-0.531222
8.37681
0.748226
-7.37861
-5.38528
0.32755
-0.573452
-2.39873
8.01494
1.31995
-0.795528
-4.05228
4.21102
5.42158
-1.78624
1.71106
-0.886551
5.20961
7.78426
-1.73359
-6.05664
5.07841
-2.83672
1.53582
-4.97155
0.598786
-3.60488
6.44826
-2.75416
13.4796
-1.2482
-6.89748
0.242071
6.03906
-5.30571
-1.76827
0.580962
6.02367
-1.45268
-1.60709
7.5448
-1.781
3.883
1.39597
-5.70337
1.46204
2.86374
-4.53187
5.21698
-1.03945
2.48825
5.6569
8.72956
-1.55524
-0.300827
0.497953
-10.3312
-6.63443
-1.25197
-0.835787
-5.8995
2.59243
3.39191
8.86489
2.94469
-6.96396
3.30441
-11.3608
-1.23934
9.2107
-1.57506
4.15917
-9.01228
-2.12534
-1.04266
-5.45042
0.0403824
3.42047
-4.50432
-6.75816
0.145054
5.69806
-6.33119
0.858974
-1.56412
-6.73543
-1.43152
-2.20292
4.67222
-4.16138
4.49503
6.35725
-5.23259
-3.33214
1.76572
-0.234301
1.60576
6.16694
-4.91352
-3.81464
-3.7132
-2.13131
-8.47804
-1.42844
-4.40156
-3.30162
-1.37605
-7.87506
5.03777
-4.02368
1.18429
-0.186218
0.0347548
-4.31422
-5.07145
0.90541
-2.00297
-7.23235
-0.602483
-4.06749
-3.87432
0.282
-1.80841
-8.06655
-4.00136
-6.76348
8.72312
-1.23114
-7.65106
-0.190608
-6.48639
-8.27179
-1.20829
-3.35721
-3.29386
7.95771
-8.23168
-3.63411
1.28311
1.22765
1.85924
2.89184
-6.50416
0.877712
-1.26189
-2.06526
-6.76778
2.90413
-0.527758
-2.80208
-3.74882
-3.44455
17.2582
-0.702824
-3.75561
-4.12388
