-4.40677
-1.04725
-6.23641
-4.69145
-2.33902
2.56201
1.33126
-2.87165
6.93796
2.1558
0.647063
-0.758869
-8.1254
-1.24656
0.753413
-1.37861
-5.5095
-1.82528
-4.10289
5.34986
3.7166
2.27197
9.55341
2.65223
-2.26743
-6.24265
-4.92872
-2.6731
-1.28637
-4.39536
-0.067155
-0.665386
3.26098
-1.34064
2.83476
-2.4798
-3.57546
1.07046
9.13036
6.30422
-3.85481
1.58851
3.62442
-0.384759
4.80839
1.36403
-6.91033
-4.70608
0.662945
-0.603122
-1.31334
-5.36756
-3.81227
-3.46101
-6.34626
-2.4704
-4.23375
2.33031
-0.870422
-4.30814
2.80462
-4.10269
5.0108
-3.09049
8.27726
-4.9069
8.66196
2.23566
-4.71987
-4.39136
-5.21707
-1.33195
-6.82864
-0.824687
-6.81701
0.288088
-5.72585
6.28057
-1.53242
-6.85885
-4.28028
4.80765
-1.79947
-3.69537
-3.69045
-8.90002
-3.55425
-3.86178
-0.96836
-5.71519
-0.598652
1.09331
0.925728
7.91665
-0.613028
-2.67987
5.40447
6.56354
-4.29575
-2.23125
-4.60571
9.30066
-0.510348
-3.81855
-6.95288
-0.896334
0.597622
-1.33788
7.41786
5.6486
-1.15082
-3.42267
2.92615
5.18513
-3.25693
1.48573
1.60737
4.92209
8.43209
-1.13014
-4.49049
5.19926
-1.6528
-0.196224
-6.05313
1.2151
-2.7182
7.67465
-2.54875
11.4983
1.31539
-5.04058
0.125016
4.55416
-7.17769
-2.63039
0.280602
5.30735
-0.557957
0.61825
6.615
-2.68357
2.30022
1.74675
-6.44184
4.54203
6.6048
-1.38949
5.63331
-4.20554
1.94641
2.59728
7.75832
-2.96876
-0.0408158
-1.73184
-6.46475
-5.17811
-2.06704
-0.956116
-6.65036
4.74791
2.27074
5.08648
3.80856
-4.57424
5.08556
-5.46948
-1.72664
10.4771
-3.22076
4.9596
-10.219
-3.82083
-2.64167
-7.28395
-2.10464
3.79154
-3.33335
-5.50444
0.656389
2.90792
-4.06357
4.23847
-1.12292
-4.65169
-0.341393
0.153334
5.88231
-4.42723
6.86679
1.67906
-4.16971
-1.48904
1.79111
-0.269403
3.01959
4.26682
-6.4542
-2.73915
-1.32576
0.294527
-8.39976
-0.890098
-3.83584
-1.84163
-4.01223
-6.53391
1.00478
-3.2833
-0.801571
2.51112
1.08733
-0.857203
-4.55038
-0.53322
0.217678
-3.64523
-1.9394
-3.68043
-3.87919
0.989417
-0.139298
-6.55862
-2.60276
-4.91168
6.85269
-2.09323
-6.72088
-1.53081
-6.99906
-7.20958
-0.679937
-1.34714
-3.45844
7.36275
-5.70094
-6.40697
0.441047
3.67681
1.6364
0.514806
-4.87593
-0.885375
1.55377
-0.00873804
-5.08457
1.01252
1.79899
-3.96939
-3.06103
-2.33819
15.8267
-0.241515
-5.97019
-2.28915
