-1.07102
-5.8973
-2.95467
1.1495
-0.715008
4.5964
0.143271
-4.48427
0.748041
-0.812145
4.26562
-2.12012
-5.41284
4.44
-2.76479
0.984717
-4.13769
0.550748
-2.47099
3.29144
-0.692014
5.61862
8.23084
2.2903
5.68119
-8.03272
1.90285
3.57838
0.164854
2.13264
3.1147
2.46316
-1.28999
-3.28563
-1.31452
-0.166984
-1.99484
4.24437
3.83035
12.4286
-1.16943
3.24911
-3.35907
-0.989874
6.55564
-2.42957
-1.24391
-3.95977
-4.85513
1.95919
-3.7002
-3.80816
-4.0728
-1.18036
-6.39027
1.16899
0.318674
5.46151
-2.64741
-6.40161
4.65045
0.325859
1.03754
-4.02985
5.87804
2.40516
1.65402
6.06708
-3.12529
-3.20405
-5.21707
-0.862659
-1.39235
3.35876
-4.66499
5.08818
-3.7334
9.8197
-2.7338
-2.11735
-6.42304
4.17294
2.47697
-0.993327
-6.24915
-2.45266
-5.31609
1.03844
-0.182826
-2.92539
0.874106
0.105132
2.84293
-1.88103
-4.0152
4.21693
-1.05465
2.54889
-1.74433
0.88455
-1.67499
8.20316
-1.74416
-1.46092
-0.0100328
-3.50113
-4.22354
3.75683
9.62886
0.280859
0.355269
-5.18038
3.42928
4.90492
-4.61928
-0.594148
-2.58266
8.78204
6.8315
2.43048
1.71473
3.27768
2.68743
-1.86275
-2.43031
1.76279
-3.12873
0.997674
-0.499115
2.02485
2.59973
-5.00437
1.43791
-3.37681
-1.04449
-5.17468
-1.6934
-0.714279
-6.52383
-2.01692
3.73432
-7.58061
2.76454
-5.59904
2.57876
2.61364
5.84212
1.18663
3.05872
-0.754183
-3.05068
-6.70186
3.58683
-1.18113
1.52068
-2.42905
4.42758
-0.1085
5.97232
-4.78085
-5.60662
6.60155
4.48058
0.697235
1.03549
-1.95755
9.17561
-6.17811
-1.29865
7.5047
-5.39944
-2.90675
-2.5707
4.34184
-6.02158
-4.34931
-3.31942
-2.48772
-3.37464
-9.10658
-3.45077
-1.10007
-1.73871
0.683193
4.07567
-1.2028
-2.98478
-1.17637
-0.337732
-7.1503
2.51761
3.55117
-2.62955
3.16279
14.4968
-3.1438
0.330542
-1.0305
-3.55938
-2.6884
5.93062
-1.43804
-7.15657
-1.11674
-2.39134
3.53008
-5.72688
-1.00392
4.77523
1.89331
-3.47189
-1.62826
3.04947
-4.5279
2.09321
0.917519
-1.92252
-7.74914
1.65204
-3.24379
-0.717942
-1.59881
0.561995
0.526048
-2.06031
1.84496
9.15596
-3.15024
-1.11402
-0.374999
-8.4987
4.0347
2.50846
1.67944
3.70569
-0.0643892
-4.26979
-6.24717
3.68942
2.35227
9.44111
2.68007
2.2094
2.61209
3.77381
-0.560557
0.709339
-1.20599
-0.527758
-1.18208
2.60121
0.923605
4.33046
-0.486053
-2.07842
-0.959308
