0.642043
-4.8908
-0.83474
3.16516
-2.04238
3.32457
-0.66716
-4.5572
-0.757257
-0.436897
2.49065
1.06142
-6.39417
8.176
-0.763883
-1.58094
-2.09649
-1.18709
-1.64124
1.99952
-7.09686
4.16288
7.70013
4.69598
6.00182
-3.45594
1.72608
4.74058
3.78626
-0.764593
1.1371
5.3025
-0.866661
-2.32267
-0.307204
2.86204
1.63973
5.3877
4.2002
14.827
0.983872
2.57251
2.97136
0.0919218
8.52565
-2.80205
-1.27143
1.36981
-4.08905
2.60838
-1.76893
-2.19215
-4.42528
0.394474
-4.01425
-1.95335
-0.11795
2.87118
-4.21138
-9.22279
3.41601
3.15938
0.697749
-2.39479
3.68504
4.03707
7.57677
6.52621
-2.76914
-0.965236
-5.54725
1.68401
1.76061
5.76632
-4.581
4.2667
-5.40132
8.33306
-2.55599
-5.26826
-5.88246
0.617597
5.43061
-2.02991
-5.24166
-4.27358
-8.15641
-1.61028
3.00231
-2.20535
0.455002
-0.263584
2.66798
-0.788935
-2.86356
6.87959
-0.815499
2.2033
-1.09601
-0.280375
-0.558728
7.45817
-3.92095
0.250131
0.0809946
-3.02262
-2.33239
3.78891
6.96776
-2.39939
-3.6692
-3.66732
0.903381
4.91745
-4.6537
3.06183
0.407584
10.4237
8.89119
0.440191
0.263578
7.03131
2.84369
-2.08191
-2.92215
1.44532
-5.03117
-1.20023
-2.78934
2.57246
2.79896
-5.88477
1.82498
-2.30311
-2.65744
-8.28357
-1.64356
-2.73196
-6.66158
2.05247
2.10505
-5.26483
4.0127
-3.75027
1.82084
1.59293
4.49568
1.38548
4.59397
-4.54668
-2.38854
-5.6347
1.43302
-2.59367
1.44636
0.373961
4.25322
1.40111
5.28091
-4.90314
-5.06717
3.53858
4.43244
0.447358
1.15473
-3.0251
5.01402
-3.63678
-1.44733
8.15578
-4.66809
-0.123814
1.27266
2.12563
-5.56656
-5.40537
-0.639007
-4.51604
-1.87919
-9.26247
-5.2638
0.826584
-2.41754
1.11601
7.6194
-3.65066
3.15602
-1.58038
-0.674378
-6.19247
1.51437
6.22425
0.1717
-1.57514
12.4577
-5.12251
1.85803
-1.61074
-1.47835
-3.36734
7.29315
1.75995
-9.84783
1.00913
-0.693413
6.086
-4.64894
-4.09553
3.6666
-1.39718
-4.8539
0.497727
6.47666
-6.31256
5.29793
1.43338
-0.585961
-9.81722
2.28335
-4.57896
-0.360195
-1.60678
-0.793141
-1.44363
-1.13796
1.5493
7.81023
-3.24052
1.29338
1.43557
-8.70686
2.94444
3.14212
-1.23374
2.66121
1.75493
-4.85155
-3.59863
1.60277
1.73835
9.57265
3.00535
-0.574398
5.18684
1.34866
4.9815
2.27346
1.34171
0.95051
-1.87102
6.06695
0.39195
1.60062
1.72265
-5.23872
0.370886
